0 0 0.005 0
0.005 0 0.005 0
0.01 0 0.005 0
0.015 0 0.005 0
0.02 0 0.005 0
0.025 0 0.005 0
0.03 0 0.005 0
0.035 0 0.005 0
0.04 1 0.005 1
0.045 3 0.005 1.73205
0.05 2 0.005 1.41421
0.055 14 0.005 3.74166
0.06 76 0.005 8.7178
0.065 291 0.005 17.0587
0.07 1113 0.005 33.3617
0.075 2408 0.005 49.0714
0.08 2446 0.005 49.4571
0.085 3718 0.005 60.9754
0.09 4496 0.005 67.0522
0.095 4943 0.005 70.3065
0.1 5083 0.005 71.2952
0.105 4756 0.005 68.9638
0.11 4518 0.005 67.2161
0.115 4271 0.005 65.3529
0.12 4119 0.005 64.1794
0.125 4043 0.005 63.5846
0.13 3744 0.005 61.1882
0.135 3678 0.005 60.6465
0.14 3627 0.005 60.2246
0.145 3583 0.005 59.8582
0.15 3505 0.005 59.203
0.155 3363 0.005 57.9914
0.16 3376 0.005 58.1034
0.165 3221 0.005 56.7539
0.17 3006 0.005 54.827
0.175 2974 0.005 54.5344
0.18 3053 0.005 55.254
0.185 2982 0.005 54.6077
0.19 2930 0.005 54.1295
0.195 2808 0.005 52.9906
0.2 2790 0.005 52.8205
0.205 2706 0.005 52.0192
0.21 2678 0.005 51.7494
0.215 2567 0.005 50.6656
0.22 2498 0.005 49.98
0.225 2456 0.005 49.558
0.23 2390 0.005 48.8876
0.235 2411 0.005 49.1019
0.24 2344 0.005 48.4149
0.245 2190 0.005 46.7974
0.25 2210 0.005 47.0106
0.255 2125 0.005 46.0977
0.26 1949 0.005 44.1475
0.265 2023 0.005 44.9778
0.27 2049 0.005 45.2659
0.275 1917 0.005 43.7836
0.28 1970 0.005 44.3847
0.285 1892 0.005 43.4971
0.29 1845 0.005 42.9535
0.295 1761 0.005 41.9643
0.3 1851 0.005 43.0232
0.305 1744 0.005 41.7612
0.31 1772 0.005 42.0951
0.315 1763 0.005 41.9881
0.32 1658 0.005 40.7185
0.325 1733 0.005 41.6293
0.33 1703 0.005 41.2674
0.335 1660 0.005 40.7431
0.34 1640 0.005 40.4969
0.345 1562 0.005 39.5221
0.35 1547 0.005 39.3319
0.355 1577 0.005 39.7115
0.36 1537 0.005 39.2046
0.365 1539 0.005 39.2301
0.37 1443 0.005 37.9868
0.375 1464 0.005 38.2623
0.38 1501 0.005 38.7427
0.385 1381 0.005 37.1618
0.39 1451 0.005 38.092
0.395 1412 0.005 37.5766
0.4 1356 0.005 36.8239
0.405 1344 0.005 36.6606
0.41 1354 0.005 36.7967
0.415 1308 0.005 36.1663
0.42 1283 0.005 35.819
0.425 1275 0.005 35.7071
0.43 1333 0.005 36.5103
0.435 1241 0.005 35.2278
0.44 1243 0.005 35.2562
0.445 1237 0.005 35.171
0.45 1240 0.005 35.2136
0.455 1190 0.005 34.4964
0.46 1135 0.005 33.6898
0.465 1120 0.005 33.4664
0.47 1138 0.005 33.7343
0.475 1110 0.005 33.3167
0.48 1146 0.005 33.8526
0.485 1083 0.005 32.909
0.49 1135 0.005 33.6898
0.495 1083 0.005 32.909
0.5 1040 0.005 32.249
0.505 998 0.005 31.5911
0.51 1007 0.005 31.7333
0.515 1020 0.005 31.9374
0.52 939 0.005 30.6431
0.525 963 0.005 31.0322
0.53 951 0.005 30.8383
0.535 945 0.005 30.7409
0.54 917 0.005 30.282
0.545 910 0.005 30.1662
0.55 894 0.005 29.8998
0.555 888 0.005 29.7993
0.56 889 0.005 29.8161
0.565 831 0.005 28.8271
0.57 864 0.005 29.3939
0.575 772 0.005 27.7849
0.58 761 0.005 27.5862
0.585 775 0.005 27.8388
0.59 779 0.005 27.9106
0.595 744 0.005 27.2764
0.6 731 0.005 27.037
0.605 780 0.005 27.9285
0.61 662 0.005 25.7294
0.615 680 0.005 26.0768
0.62 680 0.005 26.0768
0.625 647 0.005 25.4362
0.63 709 0.005 26.6271
0.635 699 0.005 26.4386
0.64 654 0.005 25.5734
0.645 621 0.005 24.9199
0.65 627 0.005 25.04
0.655 608 0.005 24.6577
0.66 618 0.005 24.8596
0.665 597 0.005 24.4336
0.67 616 0.005 24.8193
0.675 614 0.005 24.779
0.68 601 0.005 24.5153
0.685 604 0.005 24.5764
0.69 589 0.005 24.2693
0.695 517 0.005 22.7376
0.7 569 0.005 23.8537
0.705 581 0.005 24.1039
0.71 534 0.005 23.1084
0.715 544 0.005 23.3238
0.72 568 0.005 23.8328
0.725 563 0.005 23.7276
0.73 511 0.005 22.6053
0.735 537 0.005 23.1733
0.74 502 0.005 22.4054
0.745 528 0.005 22.9783
0.75 509 0.005 22.561
0.755 496 0.005 22.2711
0.76 470 0.005 21.6795
0.765 485 0.005 22.0227
0.77 461 0.005 21.4709
0.775 441 0.005 21
0.78 446 0.005 21.1187
0.785 442 0.005 21.0238
0.79 412 0.005 20.2978
0.795 467 0.005 21.6102
0.8 423 0.005 20.567
0.805 380 0.005 19.4936
0.81 434 0.005 20.8327
0.815 376 0.005 19.3907
0.82 397 0.005 19.9249
0.825 389 0.005 19.7231
0.83 408 0.005 20.199
0.835 415 0.005 20.3715
0.84 417 0.005 20.4206
0.845 348 0.005 18.6548
0.85 358 0.005 18.9209
0.855 324 0.005 18
0.86 366 0.005 19.1311
0.865 362 0.005 19.0263
0.87 337 0.005 18.3576
0.875 332 0.005 18.2209
0.88 342 0.005 18.4932
0.885 330 0.005 18.1659
0.89 357 0.005 18.8944
0.895 370 0.005 19.2354
0.9 323 0.005 17.9722
0.905 321 0.005 17.9165
0.91 325 0.005 18.0278
0.915 306 0.005 17.4929
0.92 278 0.005 16.6733
0.925 283 0.005 16.8226
0.93 324 0.005 18
0.935 254 0.005 15.9374
0.94 279 0.005 16.7033
0.945 268 0.005 16.3707
0.95 294 0.005 17.1464
0.955 276 0.005 16.6132
0.96 250 0.005 15.8114
0.965 281 0.005 16.7631
0.97 274 0.005 16.5529
0.975 230 0.005 15.1658
0.98 237 0.005 15.3948
0.985 235 0.005 15.3297
0.99 252 0.005 15.8745
0.995 244 0.005 15.6205
