0 0 0.005 0
0.005 0 0.005 0
0.01 0 0.005 0
0.015 0 0.005 0
0.02 0 0.005 0
0.025 0 0.005 0
0.03 0 0.005 0
0.035 0 0.005 0
0.04 1 0.005 1
0.045 0 0.005 0
0.05 0 0.005 0
0.055 1 0.005 1
0.06 1 0.005 1
0.065 5 0.005 2.23607
0.07 11 0.005 3.31662
0.075 113 0.005 10.6301
0.08 168 0.005 12.9615
0.085 147 0.005 12.1244
0.09 200 0.005 14.1421
0.095 274 0.005 16.5529
0.1 350 0.005 18.7083
0.105 365 0.005 19.105
0.11 391 0.005 19.7737
0.115 477 0.005 21.8403
0.12 475 0.005 21.7945
0.125 521 0.005 22.8254
0.13 669 0.005 25.865
0.135 707 0.005 26.5895
0.14 706 0.005 26.5707
0.145 791 0.005 28.1247
0.15 905 0.005 30.0832
0.155 946 0.005 30.7571
0.16 1025 0.005 32.0156
0.165 1090 0.005 33.0151
0.17 1149 0.005 33.8969
0.175 1189 0.005 34.4819
0.18 1299 0.005 36.0416
0.185 1314 0.005 36.2491
0.19 1372 0.005 37.0405
0.195 1435 0.005 37.8814
0.2 1418 0.005 37.6563
0.205 1530 0.005 39.1152
0.21 1548 0.005 39.3446
0.215 1555 0.005 39.4335
0.22 1577 0.005 39.7115
0.225 1640 0.005 40.4969
0.23 1702 0.005 41.2553
0.235 1660 0.005 40.7431
0.24 1591 0.005 39.8873
0.245 1638 0.005 40.4722
0.25 1683 0.005 41.0244
0.255 1732 0.005 41.6173
0.26 1683 0.005 41.0244
0.265 1736 0.005 41.6653
0.27 1760 0.005 41.9524
0.275 1757 0.005 41.9166
0.28 1746 0.005 41.7852
0.285 1676 0.005 40.939
0.29 1695 0.005 41.1704
0.295 1673 0.005 40.9023
0.3 1674 0.005 40.9145
0.305 1595 0.005 39.9375
0.31 1616 0.005 40.1995
0.315 1642 0.005 40.5216
0.32 1602 0.005 40.025
0.325 1546 0.005 39.3192
0.33 1516 0.005 38.9358
0.335 1581 0.005 39.7618
0.34 1585 0.005 39.8121
0.345 1531 0.005 39.128
0.35 1538 0.005 39.2173
0.355 1565 0.005 39.5601
0.36 1486 0.005 38.5487
0.365 1422 0.005 37.7094
0.37 1454 0.005 38.1314
0.375 1372 0.005 37.0405
0.38 1381 0.005 37.1618
0.385 1405 0.005 37.4833
0.39 1442 0.005 37.9737
0.395 1337 0.005 36.565
0.4 1304 0.005 36.1109
0.405 1264 0.005 35.5528
0.41 1352 0.005 36.7696
0.415 1187 0.005 34.4529
0.42 1189 0.005 34.4819
0.425 1180 0.005 34.3511
0.43 1205 0.005 34.7131
0.435 1206 0.005 34.7275
0.44 1236 0.005 35.1568
0.445 1196 0.005 34.5832
0.45 1103 0.005 33.2114
0.455 1108 0.005 33.2866
0.46 1128 0.005 33.5857
0.465 1067 0.005 32.665
0.47 1101 0.005 33.1813
0.475 1075 0.005 32.7872
0.48 1048 0.005 32.3728
0.485 985 0.005 31.3847
0.49 1019 0.005 31.9218
0.495 950 0.005 30.8221
0.5 965 0.005 31.0644
0.505 950 0.005 30.8221
0.51 929 0.005 30.4795
0.515 889 0.005 29.8161
0.52 916 0.005 30.2655
0.525 927 0.005 30.4467
0.53 871 0.005 29.5127
0.535 885 0.005 29.7489
0.54 800 0.005 28.2843
0.545 813 0.005 28.5132
0.55 872 0.005 29.5296
0.555 846 0.005 29.0861
0.56 812 0.005 28.4956
0.565 791 0.005 28.1247
0.57 803 0.005 28.3373
0.575 823 0.005 28.688
0.58 772 0.005 27.7849
0.585 775 0.005 27.8388
0.59 728 0.005 26.9815
0.595 684 0.005 26.1534
0.6 740 0.005 27.2029
0.605 674 0.005 25.9615
0.61 661 0.005 25.7099
0.615 654 0.005 25.5734
0.62 708 0.005 26.6083
0.625 665 0.005 25.7876
0.63 671 0.005 25.9037
0.635 647 0.005 25.4362
0.64 657 0.005 25.632
0.645 624 0.005 24.98
0.65 589 0.005 24.2693
0.655 590 0.005 24.2899
0.66 626 0.005 25.02
0.665 589 0.005 24.2693
0.67 574 0.005 23.9583
0.675 610 0.005 24.6982
0.68 555 0.005 23.5584
0.685 571 0.005 23.8956
0.69 580 0.005 24.0832
0.695 553 0.005 23.516
0.7 560 0.005 23.6643
0.705 531 0.005 23.0434
0.71 552 0.005 23.4947
0.715 511 0.005 22.6053
0.72 533 0.005 23.0868
0.725 466 0.005 21.587
0.73 526 0.005 22.9347
0.735 505 0.005 22.4722
0.74 499 0.005 22.3383
0.745 522 0.005 22.8473
0.75 494 0.005 22.2261
0.755 497 0.005 22.2935
0.76 458 0.005 21.4009
0.765 455 0.005 21.3307
0.77 407 0.005 20.1742
0.775 441 0.005 21
0.78 440 0.005 20.9762
0.785 422 0.005 20.5426
0.79 426 0.005 20.6398
0.795 442 0.005 21.0238
0.8 412 0.005 20.2978
0.805 418 0.005 20.445
0.81 426 0.005 20.6398
0.815 418 0.005 20.445
0.82 415 0.005 20.3715
0.825 443 0.005 21.0476
0.83 406 0.005 20.1494
0.835 368 0.005 19.1833
0.84 385 0.005 19.6214
0.845 368 0.005 19.1833
0.85 415 0.005 20.3715
0.855 373 0.005 19.3132
0.86 349 0.005 18.6815
0.865 381 0.005 19.5192
0.87 362 0.005 19.0263
0.875 405 0.005 20.1246
0.88 328 0.005 18.1108
0.885 352 0.005 18.7617
0.89 351 0.005 18.735
0.895 351 0.005 18.735
0.9 313 0.005 17.6918
0.905 352 0.005 18.7617
0.91 318 0.005 17.8326
0.915 341 0.005 18.4662
0.92 349 0.005 18.6815
0.925 281 0.005 16.7631
0.93 304 0.005 17.4356
0.935 328 0.005 18.1108
0.94 299 0.005 17.2916
0.945 312 0.005 17.6635
0.95 275 0.005 16.5831
0.955 335 0.005 18.303
0.96 328 0.005 18.1108
0.965 297 0.005 17.2337
0.97 310 0.005 17.6068
0.975 285 0.005 16.8819
0.98 265 0.005 16.2788
0.985 297 0.005 17.2337
0.99 282 0.005 16.7929
0.995 306 0.005 17.4929
