0 0 0.005 0
0.005 0 0.005 0
0.01 0 0.005 0
0.015 0 0.005 0
0.02 0 0.005 0
0.025 0 0.005 0
0.03 0 0.005 0
0.035 0 0.005 0
0.04 0 0.005 0
0.045 0 0.005 0
0.05 1 0.005 1
0.055 0 0.005 0
0.06 0 0.005 0
0.065 2 0.005 1.41421
0.07 1 0.005 1
0.075 3 0.005 1.73205
0.08 3 0.005 1.73205
0.085 12 0.005 3.4641
0.09 26 0.005 5.09902
0.095 62 0.005 7.87401
0.1 212 0.005 14.5602
0.105 207 0.005 14.3875
0.11 223 0.005 14.9332
0.115 362 0.005 19.0263
0.12 431 0.005 20.7605
0.125 493 0.005 22.2036
0.13 595 0.005 24.3926
0.135 687 0.005 26.2107
0.14 671 0.005 25.9037
0.145 698 0.005 26.4197
0.15 741 0.005 27.2213
0.155 861 0.005 29.3428
0.16 916 0.005 30.2655
0.165 1019 0.005 31.9218
0.17 1043 0.005 32.2955
0.175 1097 0.005 33.121
0.18 1092 0.005 33.0454
0.185 1212 0.005 34.8138
0.19 1262 0.005 35.5246
0.195 1303 0.005 36.0971
0.2 1350 0.005 36.7423
0.205 1378 0.005 37.1214
0.21 1387 0.005 37.2424
0.215 1557 0.005 39.4588
0.22 1522 0.005 39.0128
0.225 1438 0.005 37.921
0.23 1544 0.005 39.2938
0.235 1532 0.005 39.1408
0.24 1610 0.005 40.1248
0.245 1648 0.005 40.5956
0.25 1630 0.005 40.3733
0.255 1644 0.005 40.5463
0.26 1670 0.005 40.8656
0.265 1587 0.005 39.8372
0.27 1557 0.005 39.4588
0.275 1640 0.005 40.4969
0.28 1670 0.005 40.8656
0.285 1602 0.005 40.025
0.29 1664 0.005 40.7922
0.295 1617 0.005 40.2119
0.3 1528 0.005 39.0896
0.305 1615 0.005 40.1871
0.31 1494 0.005 38.6523
0.315 1565 0.005 39.5601
0.32 1543 0.005 39.281
0.325 1550 0.005 39.37
0.33 1513 0.005 38.8973
0.335 1539 0.005 39.2301
0.34 1498 0.005 38.704
0.345 1495 0.005 38.6652
0.35 1368 0.005 36.9865
0.355 1356 0.005 36.8239
0.36 1431 0.005 37.8286
0.365 1447 0.005 38.0395
0.37 1391 0.005 37.2961
0.375 1313 0.005 36.2353
0.38 1368 0.005 36.9865
0.385 1326 0.005 36.4143
0.39 1326 0.005 36.4143
0.395 1295 0.005 35.9861
0.4 1295 0.005 35.9861
0.405 1193 0.005 34.5398
0.41 1236 0.005 35.1568
0.415 1232 0.005 35.0999
0.42 1264 0.005 35.5528
0.425 1147 0.005 33.8674
0.43 1113 0.005 33.3617
0.435 1116 0.005 33.4066
0.44 1127 0.005 33.5708
0.445 1089 0.005 33
0.45 1146 0.005 33.8526
0.455 1127 0.005 33.5708
0.46 1086 0.005 32.9545
0.465 1043 0.005 32.2955
0.47 1037 0.005 32.2025
0.475 1019 0.005 31.9218
0.48 1014 0.005 31.8434
0.485 996 0.005 31.5595
0.49 1013 0.005 31.8277
0.495 999 0.005 31.607
0.5 935 0.005 30.5778
0.505 969 0.005 31.1288
0.51 909 0.005 30.1496
0.515 902 0.005 30.0333
0.52 956 0.005 30.9192
0.525 925 0.005 30.4138
0.53 858 0.005 29.2916
0.535 865 0.005 29.4109
0.54 832 0.005 28.8444
0.545 831 0.005 28.8271
0.55 827 0.005 28.7576
0.555 843 0.005 29.0345
0.56 863 0.005 29.3769
0.565 837 0.005 28.931
0.57 795 0.005 28.1957
0.575 812 0.005 28.4956
0.58 764 0.005 27.6405
0.585 776 0.005 27.8568
0.59 760 0.005 27.5681
0.595 743 0.005 27.258
0.6 755 0.005 27.4773
0.605 736 0.005 27.1293
0.61 707 0.005 26.5895
0.615 691 0.005 26.2869
0.62 684 0.005 26.1534
0.625 677 0.005 26.0192
0.63 662 0.005 25.7294
0.635 637 0.005 25.2389
0.64 630 0.005 25.0998
0.645 631 0.005 25.1197
0.65 625 0.005 25
0.655 589 0.005 24.2693
0.66 606 0.005 24.6171
0.665 609 0.005 24.6779
0.67 589 0.005 24.2693
0.675 586 0.005 24.2074
0.68 567 0.005 23.8118
0.685 576 0.005 24
0.69 539 0.005 23.2164
0.695 566 0.005 23.7908
0.7 533 0.005 23.0868
0.705 503 0.005 22.4277
0.71 492 0.005 22.1811
0.715 512 0.005 22.6274
0.72 547 0.005 23.388
0.725 487 0.005 22.0681
0.73 509 0.005 22.561
0.735 466 0.005 21.587
0.74 480 0.005 21.9089
0.745 483 0.005 21.9773
0.75 480 0.005 21.9089
0.755 475 0.005 21.7945
0.76 503 0.005 22.4277
0.765 466 0.005 21.587
0.77 453 0.005 21.2838
0.775 463 0.005 21.5174
0.78 423 0.005 20.567
0.785 451 0.005 21.2368
0.79 429 0.005 20.7123
0.795 364 0.005 19.0788
0.8 417 0.005 20.4206
0.805 412 0.005 20.2978
0.81 398 0.005 19.9499
0.815 382 0.005 19.5448
0.82 440 0.005 20.9762
0.825 413 0.005 20.3224
0.83 372 0.005 19.2873
0.835 376 0.005 19.3907
0.84 367 0.005 19.1572
0.845 376 0.005 19.3907
0.85 347 0.005 18.6279
0.855 359 0.005 18.9473
0.86 343 0.005 18.5203
0.865 341 0.005 18.4662
0.87 371 0.005 19.2614
0.875 341 0.005 18.4662
0.88 323 0.005 17.9722
0.885 333 0.005 18.2483
0.89 281 0.005 16.7631
0.895 327 0.005 18.0831
0.9 338 0.005 18.3848
0.905 320 0.005 17.8885
0.91 331 0.005 18.1934
0.915 312 0.005 17.6635
0.92 301 0.005 17.3494
0.925 323 0.005 17.9722
0.93 276 0.005 16.6132
0.935 306 0.005 17.4929
0.94 283 0.005 16.8226
0.945 288 0.005 16.9706
0.95 294 0.005 17.1464
0.955 280 0.005 16.7332
0.96 297 0.005 17.2337
0.965 263 0.005 16.2173
0.97 255 0.005 15.9687
0.975 259 0.005 16.0935
0.98 272 0.005 16.4924
0.985 262 0.005 16.1864
0.99 281 0.005 16.7631
0.995 293 0.005 17.1172
