0 0 0.005 0
0.005 0 0.005 0
0.01 0 0.005 0
0.015 0 0.005 0
0.02 0 0.005 0
0.025 0 0.005 0
0.03 0 0.005 0
0.035 0 0.005 0
0.04 4 0.005 2
0.045 5 0.005 2.23607
0.05 10 0.005 3.16228
0.055 30 0.005 5.47723
0.06 78 0.005 8.83176
0.065 277 0.005 16.6433
0.07 853 0.005 29.2062
0.075 1861 0.005 43.1393
0.08 1916 0.005 43.7721
0.085 2922 0.005 54.0555
0.09 3504 0.005 59.1946
0.095 3786 0.005 61.5305
0.1 3768 0.005 61.384
0.105 3716 0.005 60.959
0.11 3477 0.005 58.9661
0.115 3230 0.005 56.8331
0.12 3030 0.005 55.0454
0.125 3048 0.005 55.2087
0.13 2900 0.005 53.8516
0.135 2790 0.005 52.8205
0.14 2726 0.005 52.2111
0.145 2726 0.005 52.2111
0.15 2709 0.005 52.0481
0.155 2662 0.005 51.5946
0.16 2591 0.005 50.9019
0.165 2463 0.005 49.6286
0.17 2405 0.005 49.0408
0.175 2311 0.005 48.0729
0.18 2348 0.005 48.4562
0.185 2360 0.005 48.5798
0.19 2265 0.005 47.592
0.195 2253 0.005 47.4658
0.2 2186 0.005 46.7547
0.205 2192 0.005 46.8188
0.21 2182 0.005 46.7119
0.215 2078 0.005 45.5851
0.22 2029 0.005 45.0444
0.225 2037 0.005 45.1331
0.23 1961 0.005 44.2832
0.235 1896 0.005 43.5431
0.24 1834 0.005 42.8252
0.245 1846 0.005 42.9651
0.25 1667 0.005 40.8289
0.255 1776 0.005 42.1426
0.26 1677 0.005 40.9512
0.265 1643 0.005 40.5339
0.27 1746 0.005 41.7852
0.275 1616 0.005 40.1995
0.28 1618 0.005 40.2244
0.285 1654 0.005 40.6694
0.29 1486 0.005 38.5487
0.295 1601 0.005 40.0125
0.3 1525 0.005 39.0512
0.305 1530 0.005 39.1152
0.31 1474 0.005 38.3927
0.315 1473 0.005 38.3797
0.32 1459 0.005 38.1969
0.325 1508 0.005 38.833
0.33 1440 0.005 37.9473
0.335 1454 0.005 38.1314
0.34 1437 0.005 37.9078
0.345 1356 0.005 36.8239
0.35 1434 0.005 37.8682
0.355 1343 0.005 36.647
0.36 1342 0.005 36.6333
0.365 1313 0.005 36.2353
0.37 1360 0.005 36.8782
0.375 1335 0.005 36.5377
0.38 1305 0.005 36.1248
0.385 1329 0.005 36.4555
0.39 1248 0.005 35.327
0.395 1188 0.005 34.4674
0.4 1214 0.005 34.8425
0.405 1269 0.005 35.623
0.41 1208 0.005 34.7563
0.415 1258 0.005 35.4683
0.42 1195 0.005 34.5688
0.425 1110 0.005 33.3167
0.43 1164 0.005 34.1174
0.435 1099 0.005 33.1512
0.44 1142 0.005 33.7935
0.445 1126 0.005 33.5559
0.45 1033 0.005 32.1403
0.455 1086 0.005 32.9545
0.46 1051 0.005 32.4191
0.465 1059 0.005 32.5423
0.47 1017 0.005 31.8904
0.475 1039 0.005 32.2335
0.48 1044 0.005 32.311
0.485 985 0.005 31.3847
0.49 930 0.005 30.4959
0.495 961 0.005 31
0.5 1012 0.005 31.8119
0.505 937 0.005 30.6105
0.51 948 0.005 30.7896
0.515 843 0.005 29.0345
0.52 894 0.005 29.8998
0.525 860 0.005 29.3258
0.53 775 0.005 27.8388
0.535 790 0.005 28.1069
0.54 832 0.005 28.8444
0.545 831 0.005 28.8271
0.55 817 0.005 28.5832
0.555 753 0.005 27.4408
0.56 793 0.005 28.1603
0.565 726 0.005 26.9444
0.57 690 0.005 26.2679
0.575 768 0.005 27.7128
0.58 703 0.005 26.5141
0.585 672 0.005 25.923
0.59 697 0.005 26.4008
0.595 663 0.005 25.7488
0.6 693 0.005 26.3249
0.605 711 0.005 26.6646
0.61 668 0.005 25.8457
0.615 627 0.005 25.04
0.62 611 0.005 24.7184
0.625 600 0.005 24.4949
0.63 592 0.005 24.3311
0.635 587 0.005 24.2281
0.64 575 0.005 23.9792
0.645 589 0.005 24.2693
0.65 592 0.005 24.3311
0.655 571 0.005 23.8956
0.66 518 0.005 22.7596
0.665 496 0.005 22.2711
0.67 523 0.005 22.8692
0.675 513 0.005 22.6495
0.68 505 0.005 22.4722
0.685 519 0.005 22.7816
0.69 519 0.005 22.7816
0.695 481 0.005 21.9317
0.7 478 0.005 21.8632
0.705 495 0.005 22.2486
0.71 477 0.005 21.8403
0.715 504 0.005 22.4499
0.72 487 0.005 22.0681
0.725 460 0.005 21.4476
0.73 438 0.005 20.9284
0.735 461 0.005 21.4709
0.74 462 0.005 21.4942
0.745 447 0.005 21.1424
0.75 443 0.005 21.0476
0.755 427 0.005 20.664
0.76 438 0.005 20.9284
0.765 398 0.005 19.9499
0.77 396 0.005 19.8997
0.775 369 0.005 19.2094
0.78 401 0.005 20.025
0.785 342 0.005 18.4932
0.79 375 0.005 19.3649
0.795 368 0.005 19.1833
0.8 371 0.005 19.2614
0.805 334 0.005 18.2757
0.81 380 0.005 19.4936
0.815 360 0.005 18.9737
0.82 355 0.005 18.8414
0.825 354 0.005 18.8149
0.83 344 0.005 18.5472
0.835 362 0.005 19.0263
0.84 305 0.005 17.4642
0.845 334 0.005 18.2757
0.85 322 0.005 17.9444
0.855 354 0.005 18.8149
0.86 349 0.005 18.6815
0.865 274 0.005 16.5529
0.87 307 0.005 17.5214
0.875 317 0.005 17.8045
0.88 312 0.005 17.6635
0.885 252 0.005 15.8745
0.89 301 0.005 17.3494
0.895 284 0.005 16.8523
0.9 291 0.005 17.0587
0.905 281 0.005 16.7631
0.91 264 0.005 16.2481
0.915 240 0.005 15.4919
0.92 241 0.005 15.5242
0.925 247 0.005 15.7162
0.93 261 0.005 16.1555
0.935 272 0.005 16.4924
0.94 260 0.005 16.1245
0.945 252 0.005 15.8745
0.95 226 0.005 15.0333
0.955 221 0.005 14.8661
0.96 241 0.005 15.5242
0.965 248 0.005 15.748
0.97 237 0.005 15.3948
0.975 267 0.005 16.3401
0.98 267 0.005 16.3401
0.985 203 0.005 14.2478
0.99 231 0.005 15.1987
0.995 217 0.005 14.7309
