0 0 0.005 0
0.005 0 0.005 0
0.01 0 0.005 0
0.015 0 0.005 0
0.02 0 0.005 0
0.025 0 0.005 0
0.03 3 0.005 1.73205
0.035 29 0.005 5.38516
0.04 403 0.005 20.0749
0.045 607 0.005 24.6374
0.05 1248 0.005 35.327
0.055 1987 0.005 44.5758
0.06 2526 0.005 50.2593
0.065 2759 0.005 52.5262
0.07 2752 0.005 52.4595
0.075 3004 0.005 54.8088
0.08 2780 0.005 52.7257
0.085 2655 0.005 51.5267
0.09 2600 0.005 50.9902
0.095 2414 0.005 49.1325
0.1 2255 0.005 47.4868
0.105 2100 0.005 45.8258
0.11 1955 0.005 44.2154
0.115 1763 0.005 41.9881
0.12 1656 0.005 40.694
0.125 1592 0.005 39.8999
0.13 1426 0.005 37.7624
0.135 1392 0.005 37.3095
0.14 1240 0.005 35.2136
0.145 1146 0.005 33.8526
0.15 1108 0.005 33.2866
0.155 1065 0.005 32.6343
0.16 979 0.005 31.289
0.165 931 0.005 30.5123
0.17 897 0.005 29.95
0.175 841 0.005 29
0.18 828 0.005 28.775
0.185 810 0.005 28.4605
0.19 744 0.005 27.2764
0.195 678 0.005 26.0384
0.2 760 0.005 27.5681
0.205 692 0.005 26.3059
0.21 682 0.005 26.1151
0.215 628 0.005 25.0599
0.22 624 0.005 24.98
0.225 528 0.005 22.9783
0.23 594 0.005 24.3721
0.235 601 0.005 24.5153
0.24 591 0.005 24.3105
0.245 570 0.005 23.8747
0.25 541 0.005 23.2594
0.255 526 0.005 22.9347
0.26 486 0.005 22.0454
0.265 557 0.005 23.6008
0.27 513 0.005 22.6495
0.275 511 0.005 22.6053
0.28 481 0.005 21.9317
0.285 510 0.005 22.5832
0.29 439 0.005 20.9523
0.295 468 0.005 21.6333
0.3 502 0.005 22.4054
0.305 488 0.005 22.0907
0.31 424 0.005 20.5913
0.315 399 0.005 19.975
0.32 417 0.005 20.4206
0.325 406 0.005 20.1494
0.33 401 0.005 20.025
0.335 434 0.005 20.8327
0.34 388 0.005 19.6977
0.345 390 0.005 19.7484
0.35 375 0.005 19.3649
0.355 389 0.005 19.7231
0.36 378 0.005 19.4422
0.365 386 0.005 19.6469
0.37 346 0.005 18.6011
0.375 380 0.005 19.4936
0.38 384 0.005 19.5959
0.385 303 0.005 17.4069
0.39 349 0.005 18.6815
0.395 302 0.005 17.3781
0.4 310 0.005 17.6068
0.405 319 0.005 17.8606
0.41 331 0.005 18.1934
0.415 294 0.005 17.1464
0.42 268 0.005 16.3707
0.425 280 0.005 16.7332
0.43 287 0.005 16.9411
0.435 302 0.005 17.3781
0.44 274 0.005 16.5529
0.445 276 0.005 16.6132
0.45 221 0.005 14.8661
0.455 270 0.005 16.4317
0.46 274 0.005 16.5529
0.465 264 0.005 16.2481
0.47 254 0.005 15.9374
0.475 245 0.005 15.6525
0.48 273 0.005 16.5227
0.485 232 0.005 15.2315
0.49 224 0.005 14.9666
0.495 219 0.005 14.7986
0.5 275 0.005 16.5831
0.505 241 0.005 15.5242
0.51 239 0.005 15.4596
0.515 231 0.005 15.1987
0.52 248 0.005 15.748
0.525 220 0.005 14.8324
0.53 221 0.005 14.8661
0.535 178 0.005 13.3417
0.54 212 0.005 14.5602
0.545 194 0.005 13.9284
0.55 183 0.005 13.5277
0.555 201 0.005 14.1774
0.56 193 0.005 13.8924
0.565 185 0.005 13.6015
0.57 189 0.005 13.7477
0.575 183 0.005 13.5277
0.58 143 0.005 11.9583
0.585 161 0.005 12.6886
0.59 157 0.005 12.53
0.595 158 0.005 12.5698
0.6 142 0.005 11.9164
0.605 175 0.005 13.2288
0.61 159 0.005 12.6095
0.615 147 0.005 12.1244
0.62 140 0.005 11.8322
0.625 152 0.005 12.3288
0.63 123 0.005 11.0905
0.635 124 0.005 11.1355
0.64 138 0.005 11.7473
0.645 122 0.005 11.0454
0.65 114 0.005 10.6771
0.655 134 0.005 11.5758
0.66 123 0.005 11.0905
0.665 107 0.005 10.3441
0.67 112 0.005 10.583
0.675 128 0.005 11.3137
0.68 118 0.005 10.8628
0.685 97 0.005 9.84886
0.69 102 0.005 10.0995
0.695 82 0.005 9.05539
0.7 86 0.005 9.27362
0.705 73 0.005 8.544
0.71 84 0.005 9.16515
0.715 83 0.005 9.11043
0.72 79 0.005 8.88819
0.725 77 0.005 8.77496
0.73 76 0.005 8.7178
0.735 66 0.005 8.12404
0.74 70 0.005 8.3666
0.745 69 0.005 8.30662
0.75 64 0.005 8
0.755 56 0.005 7.48331
0.76 63 0.005 7.93725
0.765 68 0.005 8.24621
0.77 62 0.005 7.87401
0.775 48 0.005 6.9282
0.78 49 0.005 7
0.785 61 0.005 7.81025
0.79 51 0.005 7.14143
0.795 47 0.005 6.85565
0.8 31 0.005 5.56776
0.805 41 0.005 6.40312
0.81 35 0.005 5.91608
0.815 40 0.005 6.32456
0.82 41 0.005 6.40312
0.825 25 0.005 5
0.83 45 0.005 6.7082
0.835 39 0.005 6.245
0.84 29 0.005 5.38516
0.845 39 0.005 6.245
0.85 36 0.005 6
0.855 26 0.005 5.09902
0.86 36 0.005 6
0.865 34 0.005 5.83095
0.87 23 0.005 4.79583
0.875 25 0.005 5
0.88 27 0.005 5.19615
0.885 22 0.005 4.69042
0.89 18 0.005 4.24264
0.895 20 0.005 4.47214
0.9 15 0.005 3.87298
0.905 25 0.005 5
0.91 27 0.005 5.19615
0.915 12 0.005 3.4641
0.92 20 0.005 4.47214
0.925 16 0.005 4
0.93 22 0.005 4.69042
0.935 27 0.005 5.19615
0.94 15 0.005 3.87298
0.945 15 0.005 3.87298
0.95 20 0.005 4.47214
0.955 12 0.005 3.4641
0.96 9 0.005 3
0.965 11 0.005 3.31662
0.97 18 0.005 4.24264
0.975 8 0.005 2.82843
0.98 12 0.005 3.4641
0.985 10 0.005 3.16228
0.99 10 0.005 3.16228
0.995 10 0.005 3.16228
