0 1155 1 33.9853
1 1588 1 39.8497
2 3034 1 55.0818
3 3458 1 58.8048
4 3994 1 63.1981
5 2280 1 47.7493
6 2257 1 47.5079
7 1538 1 39.2173
8 1495 1 38.6652
9 1116 1 33.4066
10 1081 1 32.8786
11 878 1 29.6311
12 811 1 28.4781
13 687 1 26.2107
14 667 1 25.8263
15 637 1 25.2389
16 533 1 23.0868
17 455 1 21.3307
18 454 1 21.3073
19 389 1 19.7231
20 379 1 19.4679
21 376 1 19.3907
22 323 1 17.9722
23 292 1 17.088
24 259 1 16.0935
25 253 1 15.906
26 227 1 15.0665
27 206 1 14.3527
28 182 1 13.4907
29 179 1 13.3791
30 183 1 13.5277
31 152 1 12.3288
32 168 1 12.9615
33 151 1 12.2882
34 138 1 11.7473
35 128 1 11.3137
36 101 1 10.0499
37 108 1 10.3923
38 101 1 10.0499
39 106 1 10.2956
40 84 1 9.16515
41 89 1 9.43398
42 73 1 8.544
43 72 1 8.48528
44 71 1 8.42615
45 66 1 8.12404
46 67 1 8.18535
47 61 1 7.81025
48 53 1 7.28011
49 51 1 7.14143
50 47 1 6.85565
51 50 1 7.07107
52 54 1 7.34847
53 39 1 6.245
54 32 1 5.65685
55 35 1 5.91608
56 43 1 6.55744
57 26 1 5.09902
58 32 1 5.65685
59 26 1 5.09902
60 26 1 5.09902
61 18 1 4.24264
62 16 1 4
63 19 1 4.3589
64 22 1 4.69042
65 9 1 3
66 16 1 4
67 13 1 3.60555
68 20 1 4.47214
69 13 1 3.60555
70 9 1 3
71 11 1 3.31662
72 11 1 3.31662
73 10 1 3.16228
74 9 1 3
75 5 1 2.23607
76 7 1 2.64575
77 10 1 3.16228
78 6 1 2.44949
79 4 1 2
80 7 1 2.64575
81 6 1 2.44949
82 4 1 2
83 8 1 2.82843
84 4 1 2
85 1 1 1
86 4 1 2
87 4 1 2
88 0 1 0
89 3 1 1.73205
90 1 1 1
91 1 1 1
92 1 1 1
93 0 1 0
94 4 1 2
95 0 1 0
96 0 1 0
97 3 1 1.73205
98 2 1 1.41421
99 0 1 0
100 1 1 1
101 0 1 0
102 2 1 1.41421
103 0 1 0
104 0 1 0
105 0 1 0
106 0 1 0
107 0 1 0
108 0 1 0
109 0 1 0
110 0 1 0
111 1 1 1
112 0 1 0
113 0 1 0
114 0 1 0
115 0 1 0
116 0 1 0
117 0 1 0
118 0 1 0
119 0 1 0
120 0 1 0
121 0 1 0
122 0 1 0
123 0 1 0
124 0 1 0
125 0 1 0
126 0 1 0
127 0 1 0
128 0 1 0
129 0 1 0
130 0 1 0
131 0 1 0
132 0 1 0
133 0 1 0
134 0 1 0
135 0 1 0
136 0 1 0
137 0 1 0
138 0 1 0
139 0 1 0
140 0 1 0
141 0 1 0
142 0 1 0
143 0 1 0
144 0 1 0
145 0 1 0
146 0 1 0
147 0 1 0
148 0 1 0
149 0 1 0
150 0 1 0
151 0 1 0
152 0 1 0
153 0 1 0
154 0 1 0
155 0 1 0
156 0 1 0
157 0 1 0
158 0 1 0
159 0 1 0
160 0 1 0
161 0 1 0
162 0 1 0
163 0 1 0
164 0 1 0
165 0 1 0
166 0 1 0
167 0 1 0
168 0 1 0
169 0 1 0
170 0 1 0
171 0 1 0
172 0 1 0
173 0 1 0
174 0 1 0
175 0 1 0
176 0 1 0
177 0 1 0
178 0 1 0
179 0 1 0
180 0 1 0
181 0 1 0
182 0 1 0
183 0 1 0
184 0 1 0
185 0 1 0
186 0 1 0
187 0 1 0
188 0 1 0
189 0 1 0
190 0 1 0
191 0 1 0
192 0 1 0
193 0 1 0
194 0 1 0
195 0 1 0
196 0 1 0
197 0 1 0
198 0 1 0
199 0 1 0
