0 193 1 13.8924
1 924 1 30.3974
2 2748 1 52.4214
3 4128 1 64.2495
4 4086 1 63.9218
5 2533 1 50.3289
6 2457 1 49.5681
7 1613 1 40.1622
8 1425 1 37.7492
9 1161 1 34.0735
10 1061 1 32.573
11 855 1 29.2404
12 776 1 27.8568
13 649 1 25.4755
14 631 1 25.1197
15 591 1 24.3105
16 515 1 22.6936
17 408 1 20.199
18 364 1 19.0788
19 360 1 18.9737
20 340 1 18.4391
21 329 1 18.1384
22 303 1 17.4069
23 249 1 15.7797
24 225 1 15
25 235 1 15.3297
26 200 1 14.1421
27 176 1 13.2665
28 191 1 13.8203
29 190 1 13.784
30 160 1 12.6491
31 153 1 12.3693
32 154 1 12.4097
33 133 1 11.5326
34 118 1 10.8628
35 117 1 10.8167
36 103 1 10.1489
37 113 1 10.6301
38 97 1 9.84886
39 107 1 10.3441
40 88 1 9.38083
41 86 1 9.27362
42 77 1 8.77496
43 75 1 8.66025
44 70 1 8.3666
45 65 1 8.06226
46 70 1 8.3666
47 60 1 7.74597
48 52 1 7.2111
49 56 1 7.48331
50 48 1 6.9282
51 43 1 6.55744
52 48 1 6.9282
53 43 1 6.55744
54 41 1 6.40312
55 37 1 6.08276
56 41 1 6.40312
57 35 1 5.91608
58 39 1 6.245
59 29 1 5.38516
60 27 1 5.19615
61 22 1 4.69042
62 20 1 4.47214
63 23 1 4.79583
64 27 1 5.19615
65 14 1 3.74166
66 29 1 5.38516
67 19 1 4.3589
68 21 1 4.58258
69 21 1 4.58258
70 18 1 4.24264
71 18 1 4.24264
72 15 1 3.87298
73 13 1 3.60555
74 14 1 3.74166
75 11 1 3.31662
76 14 1 3.74166
77 17 1 4.12311
78 16 1 4
79 12 1 3.4641
80 13 1 3.60555
81 10 1 3.16228
82 7 1 2.64575
83 13 1 3.60555
84 8 1 2.82843
85 6 1 2.44949
86 11 1 3.31662
87 7 1 2.64575
88 4 1 2
89 6 1 2.44949
90 5 1 2.23607
91 11 1 3.31662
92 8 1 2.82843
93 3 1 1.73205
94 4 1 2
95 3 1 1.73205
96 2 1 1.41421
97 4 1 2
98 6 1 2.44949
99 4 1 2
100 5 1 2.23607
101 9 1 3
102 6 1 2.44949
103 5 1 2.23607
104 2 1 1.41421
105 2 1 1.41421
106 3 1 1.73205
107 3 1 1.73205
108 3 1 1.73205
109 4 1 2
110 3 1 1.73205
111 4 1 2
112 4 1 2
113 4 1 2
114 1 1 1
115 1 1 1
116 1 1 1
117 5 1 2.23607
118 2 1 1.41421
119 1 1 1
120 2 1 1.41421
121 0 1 0
122 2 1 1.41421
123 3 1 1.73205
124 0 1 0
125 3 1 1.73205
126 4 1 2
127 2 1 1.41421
128 0 1 0
129 4 1 2
130 2 1 1.41421
131 1 1 1
132 0 1 0
133 1 1 1
134 1 1 1
135 5 1 2.23607
136 2 1 1.41421
137 2 1 1.41421
138 0 1 0
139 1 1 1
140 4 1 2
141 0 1 0
142 0 1 0
143 4 1 2
144 0 1 0
145 2 1 1.41421
146 1 1 1
147 1 1 1
148 2 1 1.41421
149 0 1 0
150 0 1 0
151 0 1 0
152 2 1 1.41421
153 0 1 0
154 1 1 1
155 2 1 1.41421
156 1 1 1
157 2 1 1.41421
158 0 1 0
159 0 1 0
160 0 1 0
161 1 1 1
162 1 1 1
163 0 1 0
164 0 1 0
165 1 1 1
166 1 1 1
167 0 1 0
168 1 1 1
169 0 1 0
170 1 1 1
171 0 1 0
172 1 1 1
173 2 1 1.41421
174 0 1 0
175 2 1 1.41421
176 2 1 1.41421
177 1 1 1
178 1 1 1
179 0 1 0
180 0 1 0
181 1 1 1
182 0 1 0
183 0 1 0
184 0 1 0
185 0 1 0
186 0 1 0
187 1 1 1
188 0 1 0
189 0 1 0
190 0 1 0
191 0 1 0
192 0 1 0
193 0 1 0
194 0 1 0
195 0 1 0
196 0 1 0
197 0 1 0
198 0 1 0
199 0 1 0
