0 983 1 31.3528
1 1990 1 44.6094
2 5258 1 72.5121
3 6356 1 79.7245
4 6103 1 78.1217
5 3699 1 60.8194
6 4111 1 64.1171
7 2097 1 45.793
8 1916 1 43.7721
9 1338 1 36.5787
10 1226 1 35.0143
11 1009 1 31.7648
12 859 1 29.3087
13 694 1 26.3439
14 634 1 25.1794
15 571 1 23.8956
16 487 1 22.0681
17 402 1 20.0499
18 391 1 19.7737
19 343 1 18.5203
20 324 1 18
21 304 1 17.4356
22 256 1 16
23 239 1 15.4596
24 200 1 14.1421
25 189 1 13.7477
26 191 1 13.8203
27 172 1 13.1149
28 141 1 11.8743
29 123 1 11.0905
30 157 1 12.53
31 116 1 10.7703
32 108 1 10.3923
33 91 1 9.53939
34 96 1 9.79796
35 87 1 9.32738
36 79 1 8.88819
37 67 1 8.18535
38 70 1 8.3666
39 67 1 8.18535
40 62 1 7.87401
41 52 1 7.2111
42 57 1 7.54983
43 38 1 6.16441
44 51 1 7.14143
45 48 1 6.9282
46 39 1 6.245
47 37 1 6.08276
48 40 1 6.32456
49 37 1 6.08276
50 34 1 5.83095
51 45 1 6.7082
52 36 1 6
53 30 1 5.47723
54 22 1 4.69042
55 26 1 5.09902
56 29 1 5.38516
57 26 1 5.09902
58 17 1 4.12311
59 25 1 5
60 20 1 4.47214
61 18 1 4.24264
62 15 1 3.87298
63 15 1 3.87298
64 13 1 3.60555
65 14 1 3.74166
66 16 1 4
67 11 1 3.31662
68 17 1 4.12311
69 18 1 4.24264
70 13 1 3.60555
71 13 1 3.60555
72 24 1 4.89898
73 10 1 3.16228
74 13 1 3.60555
75 17 1 4.12311
76 11 1 3.31662
77 11 1 3.31662
78 10 1 3.16228
79 12 1 3.4641
80 10 1 3.16228
81 10 1 3.16228
82 4 1 2
83 7 1 2.64575
84 4 1 2
85 7 1 2.64575
86 6 1 2.44949
87 8 1 2.82843
88 8 1 2.82843
89 5 1 2.23607
90 3 1 1.73205
91 1 1 1
92 10 1 3.16228
93 2 1 1.41421
94 3 1 1.73205
95 6 1 2.44949
96 4 1 2
97 12 1 3.4641
98 3 1 1.73205
99 4 1 2
100 3 1 1.73205
101 3 1 1.73205
102 5 1 2.23607
103 1 1 1
104 6 1 2.44949
105 3 1 1.73205
106 5 1 2.23607
107 3 1 1.73205
108 3 1 1.73205
109 2 1 1.41421
110 2 1 1.41421
111 1 1 1
112 2 1 1.41421
113 3 1 1.73205
114 2 1 1.41421
115 6 1 2.44949
116 1 1 1
117 1 1 1
118 0 1 0
119 3 1 1.73205
120 0 1 0
121 1 1 1
122 0 1 0
123 1 1 1
124 4 1 2
125 0 1 0
126 2 1 1.41421
127 1 1 1
128 1 1 1
129 0 1 0
130 0 1 0
131 0 1 0
132 0 1 0
133 0 1 0
134 2 1 1.41421
135 2 1 1.41421
136 0 1 0
137 0 1 0
138 0 1 0
139 2 1 1.41421
140 0 1 0
141 1 1 1
142 2 1 1.41421
143 2 1 1.41421
144 1 1 1
145 2 1 1.41421
146 0 1 0
147 0 1 0
148 0 1 0
149 1 1 1
150 0 1 0
151 0 1 0
152 0 1 0
153 0 1 0
154 1 1 1
155 0 1 0
156 0 1 0
157 0 1 0
158 1 1 1
159 0 1 0
160 0 1 0
161 0 1 0
162 1 1 1
163 0 1 0
164 1 1 1
165 0 1 0
166 0 1 0
167 0 1 0
168 1 1 1
169 1 1 1
170 0 1 0
171 1 1 1
172 0 1 0
173 0 1 0
174 0 1 0
175 0 1 0
176 0 1 0
177 0 1 0
178 0 1 0
179 0 1 0
180 0 1 0
181 0 1 0
182 1 1 1
183 0 1 0
184 0 1 0
185 0 1 0
186 0 1 0
187 1 1 1
188 1 1 1
189 0 1 0
190 0 1 0
191 0 1 0
192 0 1 0
193 0 1 0
194 0 1 0
195 0 1 0
196 0 1 0
197 0 1 0
198 0 1 0
199 0 1 0
