0 309 1 17.5784
1 426 1 20.6398
2 723 1 26.8887
3 623 1 24.96
4 794 1 28.178
5 490 1 22.1359
6 522 1 22.8473
7 385 1 19.6214
8 363 1 19.0526
9 270 1 16.4317
10 291 1 17.0587
11 259 1 16.0935
12 225 1 15
13 204 1 14.2829
14 180 1 13.4164
15 173 1 13.1529
16 159 1 12.6095
17 165 1 12.8452
18 129 1 11.3578
19 134 1 11.5758
20 114 1 10.6771
21 115 1 10.7238
22 103 1 10.1489
23 95 1 9.74679
24 80 1 8.94427
25 97 1 9.84886
26 94 1 9.69536
27 82 1 9.05539
28 80 1 8.94427
29 71 1 8.42615
30 88 1 9.38083
31 76 1 8.7178
32 61 1 7.81025
33 41 1 6.40312
34 54 1 7.34847
35 57 1 7.54983
36 61 1 7.81025
37 48 1 6.9282
38 52 1 7.2111
39 55 1 7.4162
40 58 1 7.61577
41 41 1 6.40312
42 47 1 6.85565
43 38 1 6.16441
44 44 1 6.63325
45 35 1 5.91608
46 36 1 6
47 32 1 5.65685
48 29 1 5.38516
49 33 1 5.74456
50 28 1 5.2915
51 30 1 5.47723
52 25 1 5
53 28 1 5.2915
54 26 1 5.09902
55 21 1 4.58258
56 26 1 5.09902
57 28 1 5.2915
58 21 1 4.58258
59 25 1 5
60 20 1 4.47214
61 22 1 4.69042
62 15 1 3.87298
63 17 1 4.12311
64 16 1 4
65 13 1 3.60555
66 23 1 4.79583
67 16 1 4
68 13 1 3.60555
69 22 1 4.69042
70 16 1 4
71 16 1 4
72 23 1 4.79583
73 10 1 3.16228
74 15 1 3.87298
75 19 1 4.3589
76 15 1 3.87298
77 11 1 3.31662
78 17 1 4.12311
79 15 1 3.87298
80 13 1 3.60555
81 10 1 3.16228
82 6 1 2.44949
83 8 1 2.82843
84 7 1 2.64575
85 12 1 3.4641
86 9 1 3
87 7 1 2.64575
88 9 1 3
89 5 1 2.23607
90 5 1 2.23607
91 11 1 3.31662
92 14 1 3.74166
93 2 1 1.41421
94 1 1 1
95 6 1 2.44949
96 3 1 1.73205
97 10 1 3.16228
98 6 1 2.44949
99 4 1 2
100 4 1 2
101 7 1 2.64575
102 5 1 2.23607
103 5 1 2.23607
104 4 1 2
105 4 1 2
106 6 1 2.44949
107 5 1 2.23607
108 4 1 2
109 4 1 2
110 4 1 2
111 1 1 1
112 4 1 2
113 3 1 1.73205
114 2 1 1.41421
115 3 1 1.73205
116 0 1 0
117 4 1 2
118 2 1 1.41421
119 3 1 1.73205
120 1 1 1
121 0 1 0
122 2 1 1.41421
123 2 1 1.41421
124 1 1 1
125 2 1 1.41421
126 5 1 2.23607
127 1 1 1
128 0 1 0
129 2 1 1.41421
130 2 1 1.41421
131 0 1 0
132 0 1 0
133 1 1 1
134 1 1 1
135 4 1 2
136 0 1 0
137 2 1 1.41421
138 0 1 0
139 2 1 1.41421
140 2 1 1.41421
141 1 1 1
142 0 1 0
143 4 1 2
144 0 1 0
145 2 1 1.41421
146 0 1 0
147 1 1 1
148 1 1 1
149 0 1 0
150 0 1 0
151 0 1 0
152 1 1 1
153 0 1 0
154 0 1 0
155 0 1 0
156 1 1 1
157 1 1 1
158 0 1 0
159 0 1 0
160 0 1 0
161 0 1 0
162 1 1 1
163 0 1 0
164 0 1 0
165 0 1 0
166 0 1 0
167 0 1 0
168 0 1 0
169 0 1 0
170 0 1 0
171 0 1 0
172 0 1 0
173 0 1 0
174 0 1 0
175 1 1 1
176 1 1 1
177 1 1 1
178 0 1 0
179 0 1 0
180 0 1 0
181 0 1 0
182 0 1 0
183 0 1 0
184 0 1 0
185 0 1 0
186 0 1 0
187 0 1 0
188 0 1 0
189 0 1 0
190 0 1 0
191 0 1 0
192 0 1 0
193 0 1 0
194 0 1 0
195 0 1 0
196 0 1 0
197 0 1 0
198 0 1 0
199 0 1 0
