0 598 1 24.454
1 1122 1 33.4963
2 2823 1 53.1319
3 3369 1 58.0431
4 3732 1 61.0901
5 1482 1 38.4968
6 1426 1 37.7624
7 742 1 27.2397
8 678 1 26.0384
9 409 1 20.2237
10 366 1 19.1311
11 267 1 16.3401
12 212 1 14.5602
13 157 1 12.53
14 163 1 12.7671
15 142 1 11.9164
16 111 1 10.5357
17 114 1 10.6771
18 77 1 8.77496
19 83 1 9.11043
20 51 1 7.14143
21 58 1 7.61577
22 51 1 7.14143
23 42 1 6.48074
24 31 1 5.56776
25 39 1 6.245
26 41 1 6.40312
27 26 1 5.09902
28 32 1 5.65685
29 20 1 4.47214
30 22 1 4.69042
31 35 1 5.91608
32 25 1 5
33 22 1 4.69042
34 18 1 4.24264
35 21 1 4.58258
36 15 1 3.87298
37 20 1 4.47214
38 15 1 3.87298
39 9 1 3
40 16 1 4
41 13 1 3.60555
42 9 1 3
43 8 1 2.82843
44 8 1 2.82843
45 8 1 2.82843
46 9 1 3
47 5 1 2.23607
48 2 1 1.41421
49 12 1 3.4641
50 3 1 1.73205
51 4 1 2
52 5 1 2.23607
53 2 1 1.41421
54 5 1 2.23607
55 4 1 2
56 12 1 3.4641
57 4 1 2
58 3 1 1.73205
59 4 1 2
60 3 1 1.73205
61 1 1 1
62 2 1 1.41421
63 3 1 1.73205
64 1 1 1
65 2 1 1.41421
66 3 1 1.73205
67 3 1 1.73205
68 0 1 0
69 3 1 1.73205
70 1 1 1
71 0 1 0
72 1 1 1
73 2 1 1.41421
74 0 1 0
75 6 1 2.44949
76 0 1 0
77 2 1 1.41421
78 1 1 1
79 1 1 1
80 2 1 1.41421
81 1 1 1
82 2 1 1.41421
83 0 1 0
84 3 1 1.73205
85 5 1 2.23607
86 0 1 0
87 1 1 1
88 0 1 0
89 1 1 1
90 3 1 1.73205
91 2 1 1.41421
92 0 1 0
93 1 1 1
94 0 1 0
95 0 1 0
96 0 1 0
97 0 1 0
98 1 1 1
99 0 1 0
100 0 1 0
101 0 1 0
102 0 1 0
103 0 1 0
104 0 1 0
105 1 1 1
106 1 1 1
107 1 1 1
108 0 1 0
109 0 1 0
110 0 1 0
111 0 1 0
112 1 1 1
113 0 1 0
114 0 1 0
115 0 1 0
116 1 1 1
117 0 1 0
118 0 1 0
119 0 1 0
120 0 1 0
121 0 1 0
122 0 1 0
123 1 1 1
124 1 1 1
125 0 1 0
126 0 1 0
127 0 1 0
128 0 1 0
129 0 1 0
130 0 1 0
131 0 1 0
132 0 1 0
133 0 1 0
134 0 1 0
135 0 1 0
136 0 1 0
137 0 1 0
138 0 1 0
139 0 1 0
140 0 1 0
141 0 1 0
142 0 1 0
143 0 1 0
144 0 1 0
145 0 1 0
146 1 1 1
147 0 1 0
148 0 1 0
149 0 1 0
150 0 1 0
151 0 1 0
152 0 1 0
153 0 1 0
154 0 1 0
155 0 1 0
156 0 1 0
157 0 1 0
158 0 1 0
159 0 1 0
160 0 1 0
161 0 1 0
162 0 1 0
163 0 1 0
164 0 1 0
165 0 1 0
166 0 1 0
167 0 1 0
168 0 1 0
169 0 1 0
170 0 1 0
171 0 1 0
172 0 1 0
173 0 1 0
174 0 1 0
175 0 1 0
176 0 1 0
177 0 1 0
178 0 1 0
179 0 1 0
180 0 1 0
181 0 1 0
182 0 1 0
183 0 1 0
184 0 1 0
185 0 1 0
186 0 1 0
187 0 1 0
188 0 1 0
189 0 1 0
190 0 1 0
191 0 1 0
192 0 1 0
193 0 1 0
194 0 1 0
195 0 1 0
196 0 1 0
197 0 1 0
198 0 1 0
199 0 1 0
