0 262 1 16.1864
1 1643 1 40.5339
2 5588 1 74.7529
3 7871 1 88.7187
4 7390 1 85.9651
5 4263 1 65.2917
6 4633 1 68.0661
7 2296 1 47.9166
8 2016 1 44.8999
9 1435 1 37.8814
10 1183 1 34.3948
11 932 1 30.5287
12 767 1 27.6948
13 583 1 24.1454
14 544 1 23.3238
15 463 1 21.5174
16 401 1 20.025
17 285 1 16.8819
18 222 1 14.8997
19 245 1 15.6525
20 205 1 14.3178
21 184 1 13.5647
22 168 1 12.9615
23 123 1 11.0905
24 103 1 10.1489
25 95 1 9.74679
26 89 1 9.43398
27 73 1 8.544
28 84 1 9.16515
29 70 1 8.3666
30 47 1 6.85565
31 58 1 7.61577
32 38 1 6.16441
33 36 1 6
34 28 1 5.2915
35 27 1 5.19615
36 22 1 4.69042
37 29 1 5.38516
38 19 1 4.3589
39 14 1 3.74166
40 15 1 3.87298
41 8 1 2.82843
42 11 1 3.31662
43 5 1 2.23607
44 5 1 2.23607
45 5 1 2.23607
46 5 1 2.23607
47 3 1 1.73205
48 3 1 1.73205
49 3 1 1.73205
50 1 1 1
51 1 1 1
52 2 1 1.41421
53 0 1 0
54 0 1 0
55 0 1 0
56 0 1 0
57 0 1 0
58 0 1 0
59 0 1 0
60 0 1 0
61 0 1 0
62 0 1 0
63 0 1 0
64 0 1 0
65 0 1 0
66 0 1 0
67 0 1 0
68 0 1 0
69 0 1 0
70 0 1 0
71 0 1 0
72 0 1 0
73 0 1 0
74 0 1 0
75 0 1 0
76 0 1 0
77 0 1 0
78 0 1 0
79 0 1 0
80 0 1 0
81 0 1 0
82 0 1 0
83 0 1 0
84 0 1 0
85 0 1 0
86 0 1 0
87 0 1 0
88 0 1 0
89 0 1 0
90 0 1 0
91 0 1 0
92 0 1 0
93 0 1 0
94 0 1 0
95 0 1 0
96 0 1 0
97 0 1 0
98 0 1 0
99 0 1 0
100 0 1 0
101 0 1 0
102 0 1 0
103 0 1 0
104 0 1 0
105 0 1 0
106 0 1 0
107 0 1 0
108 0 1 0
109 0 1 0
110 0 1 0
111 0 1 0
112 0 1 0
113 0 1 0
114 0 1 0
115 0 1 0
116 0 1 0
117 0 1 0
118 0 1 0
119 0 1 0
120 0 1 0
121 0 1 0
122 0 1 0
123 0 1 0
124 0 1 0
125 0 1 0
126 0 1 0
127 0 1 0
128 0 1 0
129 0 1 0
130 0 1 0
131 0 1 0
132 0 1 0
133 0 1 0
134 0 1 0
135 0 1 0
136 0 1 0
137 0 1 0
138 0 1 0
139 0 1 0
140 0 1 0
141 0 1 0
142 0 1 0
143 0 1 0
144 0 1 0
145 0 1 0
146 0 1 0
147 0 1 0
148 0 1 0
149 0 1 0
150 0 1 0
151 0 1 0
152 0 1 0
153 0 1 0
154 0 1 0
155 0 1 0
156 0 1 0
157 0 1 0
158 0 1 0
159 0 1 0
160 0 1 0
161 0 1 0
162 0 1 0
163 0 1 0
164 0 1 0
165 0 1 0
166 0 1 0
167 0 1 0
168 0 1 0
169 0 1 0
170 0 1 0
171 0 1 0
172 0 1 0
173 0 1 0
174 0 1 0
175 0 1 0
176 0 1 0
177 0 1 0
178 0 1 0
179 0 1 0
180 0 1 0
181 0 1 0
182 0 1 0
183 0 1 0
184 0 1 0
185 0 1 0
186 0 1 0
187 0 1 0
188 0 1 0
189 0 1 0
190 0 1 0
191 0 1 0
192 0 1 0
193 0 1 0
194 0 1 0
195 0 1 0
196 0 1 0
197 0 1 0
198 0 1 0
199 0 1 0
