0 1831 1 42.7902
1 4238 1 65.0999
2 11467 1 107.084
3 14528 1 120.532
4 14510 1 120.457
5 7954 1 89.1852
6 8179 1 90.4378
7 4522 1 67.2458
8 4063 1 63.7417
9 2942 1 54.2402
10 2679 1 51.7591
11 2158 1 46.4543
12 1863 1 43.1625
13 1516 1 38.9358
14 1434 1 37.8682
15 1313 1 36.2353
16 1121 1 33.4813
17 929 1 30.4795
18 838 1 28.9482
19 791 1 28.1247
20 720 1 26.8328
21 694 1 26.3439
22 612 1 24.7386
23 532 1 23.0651
24 461 1 21.4709
25 464 1 21.5407
26 434 1 20.8327
27 374 1 19.3391
28 367 1 19.1572
29 335 1 18.303
30 339 1 18.412
31 304 1 17.4356
32 287 1 16.9411
33 246 1 15.6844
34 232 1 15.2315
35 226 1 15.0333
36 197 1 14.0357
37 203 1 14.2478
38 182 1 13.4907
39 184 1 13.5647
40 166 1 12.8841
41 151 1 12.2882
42 143 1 11.9583
43 121 1 11
44 129 1 11.3578
45 122 1 11.0454
46 118 1 10.8628
47 102 1 10.0995
48 94 1 9.69536
49 105 1 10.247
50 85 1 9.21954
51 92 1 9.59166
52 89 1 9.43398
53 75 1 8.66025
54 68 1 8.24621
55 67 1 8.18535
56 82 1 9.05539
57 65 1 8.06226
58 59 1 7.68115
59 58 1 7.61577
60 50 1 7.07107
61 41 1 6.40312
62 37 1 6.08276
63 41 1 6.40312
64 41 1 6.40312
65 30 1 5.47723
66 48 1 6.9282
67 33 1 5.74456
68 38 1 6.16441
69 42 1 6.48074
70 32 1 5.65685
71 31 1 5.56776
72 40 1 6.32456
73 25 1 5
74 27 1 5.19615
75 34 1 5.83095
76 25 1 5
77 30 1 5.47723
78 27 1 5.19615
79 25 1 5
80 25 1 5
81 21 1 4.58258
82 13 1 3.60555
83 20 1 4.47214
84 15 1 3.87298
85 18 1 4.24264
86 17 1 4.12311
87 16 1 4
88 12 1 3.4641
89 12 1 3.4641
90 11 1 3.31662
91 14 1 3.74166
92 18 1 4.24264
93 6 1 2.44949
94 7 1 2.64575
95 9 1 3
96 6 1 2.44949
97 16 1 4
98 10 1 3.16228
99 8 1 2.82843
100 8 1 2.82843
101 12 1 3.4641
102 11 1 3.31662
103 6 1 2.44949
104 8 1 2.82843
105 6 1 2.44949
106 9 1 3
107 7 1 2.64575
108 6 1 2.44949
109 6 1 2.44949
110 5 1 2.23607
111 5 1 2.23607
112 7 1 2.64575
113 7 1 2.64575
114 3 1 1.73205
115 7 1 2.64575
116 3 1 1.73205
117 6 1 2.44949
118 2 1 1.41421
119 4 1 2
120 2 1 1.41421
121 1 1 1
122 2 1 1.41421
123 5 1 2.23607
124 5 1 2.23607
125 3 1 1.73205
126 6 1 2.44949
127 3 1 1.73205
128 1 1 1
129 4 1 2
130 2 1 1.41421
131 1 1 1
132 0 1 0
133 1 1 1
134 3 1 1.73205
135 7 1 2.64575
136 2 1 1.41421
137 2 1 1.41421
138 0 1 0
139 3 1 1.73205
140 4 1 2
141 1 1 1
142 2 1 1.41421
143 6 1 2.44949
144 1 1 1
145 4 1 2
146 2 1 1.41421
147 1 1 1
148 2 1 1.41421
149 1 1 1
150 0 1 0
151 0 1 0
152 2 1 1.41421
153 0 1 0
154 2 1 1.41421
155 2 1 1.41421
156 1 1 1
157 2 1 1.41421
158 1 1 1
159 0 1 0
160 0 1 0
161 1 1 1
162 2 1 1.41421
163 0 1 0
164 1 1 1
165 1 1 1
166 1 1 1
167 0 1 0
168 2 1 1.41421
169 1 1 1
170 1 1 1
171 1 1 1
172 1 1 1
173 2 1 1.41421
174 0 1 0
175 2 1 1.41421
176 2 1 1.41421
177 1 1 1
178 1 1 1
179 0 1 0
180 0 1 0
181 1 1 1
182 1 1 1
183 0 1 0
184 0 1 0
185 0 1 0
186 0 1 0
187 2 1 1.41421
188 1 1 1
189 0 1 0
190 0 1 0
191 0 1 0
192 0 1 0
193 0 1 0
194 0 1 0
195 0 1 0
196 0 1 0
197 0 1 0
198 0 1 0
199 0 1 0
