0 0 1 0
1 0 1 0
2 8821 1 93.9202
3 13540 1 116.362
4 14649 1 121.033
5 8937 1 94.5357
6 9369 1 96.7936
7 5228 1 72.3049
8 4431 1 66.5658
9 3687 1 60.7207
10 2875 1 53.619
11 2480 1 49.7996
12 2235 1 47.2758
13 1777 1 42.1545
14 1601 1 40.0125
15 1446 1 38.0263
16 1307 1 36.1525
17 1160 1 34.0588
18 1046 1 32.3419
19 920 1 30.3315
20 879 1 29.6479
21 801 1 28.3019
22 703 1 26.5141
23 672 1 25.923
24 601 1 24.5153
25 593 1 24.3516
26 547 1 23.388
27 493 1 22.2036
28 458 1 21.4009
29 442 1 21.0238
30 356 1 18.868
31 390 1 19.7484
32 336 1 18.3303
33 306 1 17.4929
34 297 1 17.2337
35 280 1 16.7332
36 272 1 16.4924
37 256 1 16
38 258 1 16.0624
39 234 1 15.2971
40 204 1 14.2829
41 209 1 14.4568
42 162 1 12.7279
43 178 1 13.3417
44 204 1 14.2829
45 155 1 12.4499
46 159 1 12.6095
47 159 1 12.6095
48 130 1 11.4018
49 134 1 11.5758
50 114 1 10.6771
51 149 1 12.2066
52 106 1 10.2956
53 112 1 10.583
54 100 1 10
55 91 1 9.53939
56 94 1 9.69536
57 77 1 8.77496
58 86 1 9.27362
59 80 1 8.94427
60 87 1 9.32738
61 70 1 8.3666
62 78 1 8.83176
63 56 1 7.48331
64 67 1 8.18535
65 71 1 8.42615
66 67 1 8.18535
67 52 1 7.2111
68 60 1 7.74597
69 56 1 7.48331
70 43 1 6.55744
71 28 1 5.2915
72 42 1 6.48074
73 30 1 5.47723
74 48 1 6.9282
75 38 1 6.16441
76 28 1 5.2915
77 35 1 5.91608
78 38 1 6.16441
79 37 1 6.08276
80 40 1 6.32456
81 45 1 6.7082
82 32 1 5.65685
83 20 1 4.47214
84 29 1 5.38516
85 25 1 5
86 30 1 5.47723
87 26 1 5.09902
88 29 1 5.38516
89 27 1 5.19615
90 25 1 5
91 23 1 4.79583
92 22 1 4.69042
93 24 1 4.89898
94 19 1 4.3589
95 23 1 4.79583
96 26 1 5.09902
97 25 1 5
98 19 1 4.3589
99 14 1 3.74166
100 20 1 4.47214
101 10 1 3.16228
102 19 1 4.3589
103 18 1 4.24264
104 11 1 3.31662
105 12 1 3.4641
106 13 1 3.60555
107 15 1 3.87298
108 10 1 3.16228
109 12 1 3.4641
110 12 1 3.4641
111 8 1 2.82843
112 11 1 3.31662
113 7 1 2.64575
114 8 1 2.82843
115 14 1 3.74166
116 10 1 3.16228
117 7 1 2.64575
118 8 1 2.82843
119 6 1 2.44949
120 9 1 3
121 9 1 3
122 13 1 3.60555
123 8 1 2.82843
124 16 1 4
125 7 1 2.64575
126 7 1 2.64575
127 4 1 2
128 6 1 2.44949
129 5 1 2.23607
130 6 1 2.44949
131 2 1 1.41421
132 4 1 2
133 5 1 2.23607
134 9 1 3
135 5 1 2.23607
136 4 1 2
137 7 1 2.64575
138 9 1 3
139 4 1 2
140 1 1 1
141 2 1 1.41421
142 1 1 1
143 5 1 2.23607
144 6 1 2.44949
145 3 1 1.73205
146 7 1 2.64575
147 5 1 2.23607
148 5 1 2.23607
149 0 1 0
150 2 1 1.41421
151 2 1 1.41421
152 3 1 1.73205
153 3 1 1.73205
154 2 1 1.41421
155 1 1 1
156 4 1 2
157 2 1 1.41421
158 2 1 1.41421
159 4 1 2
160 4 1 2
161 3 1 1.73205
162 3 1 1.73205
163 3 1 1.73205
164 3 1 1.73205
165 0 1 0
166 4 1 2
167 4 1 2
168 0 1 0
169 2 1 1.41421
170 0 1 0
171 2 1 1.41421
172 1 1 1
173 3 1 1.73205
174 0 1 0
175 1 1 1
176 0 1 0
177 2 1 1.41421
178 3 1 1.73205
179 2 1 1.41421
180 2 1 1.41421
181 2 1 1.41421
182 2 1 1.41421
183 2 1 1.41421
184 2 1 1.41421
185 0 1 0
186 2 1 1.41421
187 3 1 1.73205
188 3 1 1.73205
189 1 1 1
190 1 1 1
191 1 1 1
192 0 1 0
193 1 1 1
194 1 1 1
195 0 1 0
196 2 1 1.41421
197 0 1 0
198 2 1 1.41421
199 0 1 0
