0 0 1 0
1 0 1 0
2 4282 1 65.437
3 7681 1 87.6413
4 7948 1 89.1516
5 4778 1 69.1231
6 5252 1 72.4707
7 2591 1 50.9019
8 2246 1 47.392
9 1687 1 41.0731
10 1256 1 35.4401
11 1047 1 32.3574
12 875 1 29.5804
13 684 1 26.1534
14 597 1 24.4336
15 507 1 22.5167
16 439 1 20.9523
17 372 1 19.2873
18 278 1 16.6733
19 255 1 15.9687
20 220 1 14.8324
21 228 1 15.0997
22 161 1 12.6886
23 154 1 12.4097
24 125 1 11.1803
25 131 1 11.4455
26 111 1 10.5357
27 79 1 8.88819
28 78 1 8.83176
29 85 1 9.21954
30 58 1 7.61577
31 58 1 7.61577
32 45 1 6.7082
33 38 1 6.16441
34 34 1 5.83095
35 31 1 5.56776
36 26 1 5.09902
37 25 1 5
38 26 1 5.09902
39 20 1 4.47214
40 18 1 4.24264
41 14 1 3.74166
42 8 1 2.82843
43 12 1 3.4641
44 9 1 3
45 6 1 2.44949
46 7 1 2.64575
47 5 1 2.23607
48 3 1 1.73205
49 2 1 1.41421
50 2 1 1.41421
51 1 1 1
52 4 1 2
53 1 1 1
54 1 1 1
55 0 1 0
56 0 1 0
57 0 1 0
58 0 1 0
59 0 1 0
60 0 1 0
61 0 1 0
62 0 1 0
63 0 1 0
64 0 1 0
65 0 1 0
66 0 1 0
67 0 1 0
68 0 1 0
69 0 1 0
70 0 1 0
71 0 1 0
72 0 1 0
73 0 1 0
74 0 1 0
75 0 1 0
76 0 1 0
77 0 1 0
78 0 1 0
79 0 1 0
80 0 1 0
81 0 1 0
82 0 1 0
83 0 1 0
84 0 1 0
85 0 1 0
86 0 1 0
87 0 1 0
88 0 1 0
89 0 1 0
90 0 1 0
91 0 1 0
92 0 1 0
93 0 1 0
94 0 1 0
95 0 1 0
96 0 1 0
97 0 1 0
98 0 1 0
99 0 1 0
100 0 1 0
101 0 1 0
102 0 1 0
103 0 1 0
104 0 1 0
105 0 1 0
106 0 1 0
107 0 1 0
108 0 1 0
109 0 1 0
110 0 1 0
111 0 1 0
112 0 1 0
113 0 1 0
114 0 1 0
115 0 1 0
116 0 1 0
117 0 1 0
118 0 1 0
119 0 1 0
120 0 1 0
121 0 1 0
122 0 1 0
123 0 1 0
124 0 1 0
125 0 1 0
126 0 1 0
127 0 1 0
128 0 1 0
129 0 1 0
130 0 1 0
131 0 1 0
132 0 1 0
133 0 1 0
134 0 1 0
135 0 1 0
136 0 1 0
137 0 1 0
138 0 1 0
139 0 1 0
140 0 1 0
141 0 1 0
142 0 1 0
143 0 1 0
144 0 1 0
145 0 1 0
146 0 1 0
147 0 1 0
148 0 1 0
149 0 1 0
150 0 1 0
151 0 1 0
152 0 1 0
153 0 1 0
154 0 1 0
155 0 1 0
156 0 1 0
157 0 1 0
158 0 1 0
159 0 1 0
160 0 1 0
161 0 1 0
162 0 1 0
163 0 1 0
164 0 1 0
165 0 1 0
166 0 1 0
167 0 1 0
168 0 1 0
169 0 1 0
170 0 1 0
171 0 1 0
172 0 1 0
173 0 1 0
174 0 1 0
175 0 1 0
176 0 1 0
177 0 1 0
178 0 1 0
179 0 1 0
180 0 1 0
181 0 1 0
182 0 1 0
183 0 1 0
184 0 1 0
185 0 1 0
186 0 1 0
187 0 1 0
188 0 1 0
189 0 1 0
190 0 1 0
191 0 1 0
192 0 1 0
193 0 1 0
194 0 1 0
195 0 1 0
196 0 1 0
197 0 1 0
198 0 1 0
199 0 1 0
