0 0 1 0
1 0 1 0
2 429 1 20.7123
3 459 1 21.4243
4 617 1 24.8395
5 488 1 22.0907
6 512 1 22.6274
7 468 1 21.6333
8 345 1 18.5742
9 338 1 18.3848
10 299 1 17.2916
11 272 1 16.4924
12 272 1 16.4924
13 204 1 14.2829
14 199 1 14.1067
15 199 1 14.1067
16 186 1 13.6382
17 169 1 13
18 161 1 12.6886
19 154 1 12.4097
20 140 1 11.8322
21 137 1 11.7047
22 130 1 11.4018
23 121 1 11
24 121 1 11
25 102 1 10.0995
26 115 1 10.7238
27 99 1 9.94987
28 106 1 10.2956
29 94 1 9.69536
30 77 1 8.77496
31 93 1 9.64365
32 77 1 8.77496
33 70 1 8.3666
34 72 1 8.48528
35 62 1 7.87401
36 67 1 8.18535
37 77 1 8.77496
38 71 1 8.42615
39 66 1 8.12404
40 57 1 7.54983
41 62 1 7.87401
42 43 1 6.55744
43 50 1 7.07107
44 64 1 8
45 52 1 7.2111
46 50 1 7.07107
47 53 1 7.28011
48 38 1 6.16441
49 52 1 7.2111
50 38 1 6.16441
51 51 1 7.14143
52 39 1 6.245
53 41 1 6.40312
54 41 1 6.40312
55 33 1 5.74456
56 40 1 6.32456
57 28 1 5.2915
58 34 1 5.83095
59 34 1 5.83095
60 29 1 5.38516
61 27 1 5.19615
62 34 1 5.83095
63 19 1 4.3589
64 31 1 5.56776
65 26 1 5.09902
66 31 1 5.56776
67 27 1 5.19615
68 28 1 5.2915
69 27 1 5.19615
70 16 1 4
71 9 1 3
72 22 1 4.69042
73 12 1 3.4641
74 19 1 4.3589
75 18 1 4.24264
76 14 1 3.74166
77 15 1 3.87298
78 21 1 4.58258
79 24 1 4.89898
80 27 1 5.19615
81 22 1 4.69042
82 15 1 3.87298
83 12 1 3.4641
84 15 1 3.87298
85 12 1 3.4641
86 17 1 4.12311
87 11 1 3.31662
88 17 1 4.12311
89 16 1 4
90 13 1 3.60555
91 14 1 3.74166
92 17 1 4.12311
93 16 1 4
94 15 1 3.87298
95 15 1 3.87298
96 19 1 4.3589
97 16 1 4
98 10 1 3.16228
99 8 1 2.82843
100 13 1 3.60555
101 7 1 2.64575
102 10 1 3.16228
103 16 1 4
104 5 1 2.23607
105 7 1 2.64575
106 4 1 2
107 11 1 3.31662
108 6 1 2.44949
109 7 1 2.64575
110 3 1 1.73205
111 2 1 1.41421
112 7 1 2.64575
113 1 1 1
114 5 1 2.23607
115 7 1 2.64575
116 7 1 2.64575
117 7 1 2.64575
118 5 1 2.23607
119 5 1 2.23607
120 6 1 2.44949
121 7 1 2.64575
122 5 1 2.23607
123 3 1 1.73205
124 11 1 3.31662
125 5 1 2.23607
126 4 1 2
127 1 1 1
128 3 1 1.73205
129 3 1 1.73205
130 6 1 2.44949
131 2 1 1.41421
132 4 1 2
133 3 1 1.73205
134 5 1 2.23607
135 4 1 2
136 2 1 1.41421
137 3 1 1.73205
138 4 1 2
139 1 1 1
140 1 1 1
141 0 1 0
142 0 1 0
143 1 1 1
144 4 1 2
145 0 1 0
146 5 1 2.23607
147 4 1 2
148 3 1 1.73205
149 0 1 0
150 1 1 1
151 2 1 1.41421
152 0 1 0
153 0 1 0
154 1 1 1
155 0 1 0
156 2 1 1.41421
157 1 1 1
158 2 1 1.41421
159 0 1 0
160 2 1 1.41421
161 1 1 1
162 2 1 1.41421
163 1 1 1
164 1 1 1
165 0 1 0
166 4 1 2
167 1 1 1
168 0 1 0
169 1 1 1
170 0 1 0
171 0 1 0
172 0 1 0
173 2 1 1.41421
174 0 1 0
175 0 1 0
176 0 1 0
177 0 1 0
178 2 1 1.41421
179 1 1 1
180 0 1 0
181 2 1 1.41421
182 1 1 1
183 1 1 1
184 0 1 0
185 0 1 0
186 1 1 1
187 1 1 1
188 1 1 1
189 0 1 0
190 0 1 0
191 0 1 0
192 0 1 0
193 1 1 1
194 1 1 1
195 0 1 0
196 1 1 1
197 0 1 0
198 0 1 0
199 0 1 0
