0 0 1 0
1 0 1 0
2 1914 1 43.7493
3 2548 1 50.4777
4 3391 1 58.2323
5 2042 1 45.1885
6 2014 1 44.8776
7 1080 1 32.8634
8 836 1 28.9137
9 777 1 27.8747
10 508 1 22.5389
11 449 1 21.1896
12 410 1 20.2485
13 265 1 16.2788
14 232 1 15.2315
15 228 1 15.0997
16 175 1 13.2288
17 161 1 12.6886
18 161 1 12.6886
19 128 1 11.3137
20 118 1 10.8628
21 98 1 9.89949
22 82 1 9.05539
23 98 1 9.89949
24 70 1 8.3666
25 48 1 6.9282
26 70 1 8.3666
27 64 1 8
28 64 1 8
29 46 1 6.78233
30 36 1 6
31 51 1 7.14143
32 37 1 6.08276
33 29 1 5.38516
34 21 1 4.58258
35 30 1 5.47723
36 28 1 5.2915
37 27 1 5.19615
38 29 1 5.38516
39 23 1 4.79583
40 15 1 3.87298
41 27 1 5.19615
42 16 1 4
43 25 1 5
44 19 1 4.3589
45 13 1 3.60555
46 28 1 5.2915
47 18 1 4.24264
48 12 1 3.4641
49 16 1 4
50 13 1 3.60555
51 17 1 4.12311
52 13 1 3.60555
53 12 1 3.4641
54 10 1 3.16228
55 11 1 3.31662
56 8 1 2.82843
57 5 1 2.23607
58 14 1 3.74166
59 8 1 2.82843
60 5 1 2.23607
61 4 1 2
62 6 1 2.44949
63 8 1 2.82843
64 11 1 3.31662
65 4 1 2
66 8 1 2.82843
67 5 1 2.23607
68 6 1 2.44949
69 5 1 2.23607
70 2 1 1.41421
71 0 1 0
72 2 1 1.41421
73 4 1 2
74 5 1 2.23607
75 1 1 1
76 5 1 2.23607
77 4 1 2
78 2 1 1.41421
79 6 1 2.44949
80 6 1 2.44949
81 3 1 1.73205
82 3 1 1.73205
83 1 1 1
84 1 1 1
85 3 1 1.73205
86 7 1 2.64575
87 3 1 1.73205
88 1 1 1
89 2 1 1.41421
90 0 1 0
91 2 1 1.41421
92 3 1 1.73205
93 0 1 0
94 0 1 0
95 1 1 1
96 2 1 1.41421
97 1 1 1
98 3 1 1.73205
99 2 1 1.41421
100 1 1 1
101 0 1 0
102 4 1 2
103 1 1 1
104 0 1 0
105 0 1 0
106 1 1 1
107 2 1 1.41421
108 1 1 1
109 3 1 1.73205
110 2 1 1.41421
111 1 1 1
112 1 1 1
113 1 1 1
114 2 1 1.41421
115 2 1 1.41421
116 1 1 1
117 0 1 0
118 2 1 1.41421
119 0 1 0
120 2 1 1.41421
121 0 1 0
122 2 1 1.41421
123 2 1 1.41421
124 1 1 1
125 0 1 0
126 0 1 0
127 0 1 0
128 1 1 1
129 0 1 0
130 0 1 0
131 0 1 0
132 0 1 0
133 0 1 0
134 0 1 0
135 0 1 0
136 0 1 0
137 0 1 0
138 1 1 1
139 0 1 0
140 0 1 0
141 0 1 0
142 0 1 0
143 1 1 1
144 2 1 1.41421
145 0 1 0
146 0 1 0
147 0 1 0
148 0 1 0
149 0 1 0
150 0 1 0
151 0 1 0
152 1 1 1
153 0 1 0
154 0 1 0
155 0 1 0
156 0 1 0
157 0 1 0
158 0 1 0
159 0 1 0
160 0 1 0
161 0 1 0
162 0 1 0
163 2 1 1.41421
164 1 1 1
165 0 1 0
166 0 1 0
167 0 1 0
168 0 1 0
169 0 1 0
170 0 1 0
171 0 1 0
172 0 1 0
173 0 1 0
174 0 1 0
175 0 1 0
176 0 1 0
177 0 1 0
178 0 1 0
179 0 1 0
180 0 1 0
181 0 1 0
182 0 1 0
183 0 1 0
184 0 1 0
185 0 1 0
186 0 1 0
187 0 1 0
188 0 1 0
189 0 1 0
190 0 1 0
191 0 1 0
192 0 1 0
193 0 1 0
194 0 1 0
195 0 1 0
196 0 1 0
197 0 1 0
198 0 1 0
199 0 1 0
