0 0 1 0
1 0 1 0
2 2188 1 46.7761
3 4146 1 64.3894
4 4344 1 65.909
5 2673 1 51.7011
6 2583 1 50.8232
7 1698 1 41.2068
8 1493 1 38.6394
9 1250 1 35.3553
10 1046 1 32.3419
11 902 1 30.0333
12 843 1 29.0345
13 678 1 26.0384
14 628 1 25.0599
15 568 1 23.8328
16 530 1 23.0217
17 486 1 22.0454
18 383 1 19.5704
19 357 1 18.8944
20 351 1 18.735
21 352 1 18.7617
22 291 1 17.0587
23 285 1 16.8819
24 238 1 15.4272
25 281 1 16.7631
26 236 1 15.3623
27 213 1 14.5945
28 183 1 13.5277
29 195 1 13.9642
30 149 1 12.2066
31 159 1 12.6095
32 148 1 12.1655
33 135 1 11.619
34 149 1 12.2066
35 112 1 10.583
36 125 1 11.1803
37 117 1 10.8167
38 126 1 11.225
39 99 1 9.94987
40 91 1 9.53939
41 78 1 8.83176
42 85 1 9.21954
43 83 1 9.11043
44 91 1 9.53939
45 67 1 8.18535
46 65 1 8.06226
47 75 1 8.66025
48 70 1 8.3666
49 58 1 7.61577
50 55 1 7.4162
51 66 1 8.12404
52 33 1 5.74456
53 60 1 7.74597
54 56 1 7.48331
55 44 1 6.63325
56 49 1 7
57 42 1 6.48074
58 36 1 6
59 38 1 6.16441
60 41 1 6.40312
61 39 1 6.245
62 31 1 5.56776
63 26 1 5.09902
64 28 1 5.2915
65 39 1 6.245
66 23 1 4.79583
67 24 1 4.89898
68 27 1 5.19615
69 31 1 5.56776
70 17 1 4.12311
71 15 1 3.87298
72 12 1 3.4641
73 14 1 3.74166
74 22 1 4.69042
75 25 1 5
76 11 1 3.31662
77 18 1 4.24264
78 17 1 4.12311
79 17 1 4.12311
80 16 1 4
81 21 1 4.58258
82 10 1 3.16228
83 8 1 2.82843
84 13 1 3.60555
85 15 1 3.87298
86 8 1 2.82843
87 12 1 3.4641
88 13 1 3.60555
89 8 1 2.82843
90 14 1 3.74166
91 9 1 3
92 11 1 3.31662
93 8 1 2.82843
94 5 1 2.23607
95 10 1 3.16228
96 11 1 3.31662
97 12 1 3.4641
98 7 1 2.64575
99 5 1 2.23607
100 6 1 2.44949
101 7 1 2.64575
102 9 1 3
103 7 1 2.64575
104 6 1 2.44949
105 8 1 2.82843
106 5 1 2.23607
107 8 1 2.82843
108 5 1 2.23607
109 4 1 2
110 3 1 1.73205
111 3 1 1.73205
112 7 1 2.64575
113 3 1 1.73205
114 2 1 1.41421
115 5 1 2.23607
116 6 1 2.44949
117 2 1 1.41421
118 1 1 1
119 3 1 1.73205
120 5 1 2.23607
121 5 1 2.23607
122 4 1 2
123 5 1 2.23607
124 5 1 2.23607
125 4 1 2
126 4 1 2
127 1 1 1
128 2 1 1.41421
129 2 1 1.41421
130 6 1 2.44949
131 0 1 0
132 1 1 1
133 2 1 1.41421
134 3 1 1.73205
135 3 1 1.73205
136 2 1 1.41421
137 3 1 1.73205
138 4 1 2
139 2 1 1.41421
140 1 1 1
141 0 1 0
142 0 1 0
143 1 1 1
144 1 1 1
145 0 1 0
146 4 1 2
147 3 1 1.73205
148 2 1 1.41421
149 0 1 0
150 1 1 1
151 2 1 1.41421
152 1 1 1
153 0 1 0
154 2 1 1.41421
155 1 1 1
156 2 1 1.41421
157 2 1 1.41421
158 2 1 1.41421
159 0 1 0
160 2 1 1.41421
161 0 1 0
162 2 1 1.41421
163 0 1 0
164 2 1 1.41421
165 0 1 0
166 3 1 1.73205
167 2 1 1.41421
168 0 1 0
169 0 1 0
170 0 1 0
171 1 1 1
172 0 1 0
173 3 1 1.73205
174 0 1 0
175 0 1 0
176 0 1 0
177 1 1 1
178 2 1 1.41421
179 2 1 1.41421
180 1 1 1
181 1 1 1
182 2 1 1.41421
183 1 1 1
184 2 1 1.41421
185 0 1 0
186 2 1 1.41421
187 1 1 1
188 2 1 1.41421
189 0 1 0
190 0 1 0
191 1 1 1
192 0 1 0
193 1 1 1
194 1 1 1
195 0 1 0
196 2 1 1.41421
197 0 1 0
198 1 1 1
199 0 1 0
