0 0 1 0
1 0 1 0
2 2274 1 47.6865
3 2742 1 52.3641
4 3430 1 58.5662
5 2664 1 51.614
6 2681 1 51.7784
7 1838 1 42.8719
8 1630 1 40.3733
9 1506 1 38.8072
10 1197 1 34.5977
11 1064 1 32.619
12 1031 1 32.1092
13 843 1 29.0345
14 767 1 27.6948
15 709 1 26.6271
16 649 1 25.4755
17 593 1 24.3516
18 580 1 24.0832
19 479 1 21.8861
20 503 1 22.4277
21 405 1 20.1246
22 396 1 19.8997
23 376 1 19.3907
24 332 1 18.2209
25 339 1 18.412
26 306 1 17.4929
27 297 1 17.2337
28 254 1 15.9374
29 251 1 15.843
30 207 1 14.3875
31 218 1 14.7648
32 197 1 14.0357
33 182 1 13.4907
34 184 1 13.5647
35 175 1 13.2288
36 162 1 12.7279
37 137 1 11.7047
38 148 1 12.1655
39 133 1 11.5326
40 120 1 10.9545
41 113 1 10.6301
42 94 1 9.69536
43 103 1 10.1489
44 115 1 10.7238
45 87 1 9.32738
46 86 1 9.27362
47 88 1 9.38083
48 79 1 8.88819
49 73 1 8.544
50 60 1 7.74597
51 80 1 8.94427
52 48 1 6.9282
53 59 1 7.68115
54 48 1 6.9282
55 46 1 6.78233
56 47 1 6.85565
57 46 1 6.78233
58 40 1 6.32456
59 38 1 6.16441
60 42 1 6.48074
61 36 1 6
62 38 1 6.16441
63 26 1 5.09902
64 24 1 4.89898
65 40 1 6.32456
66 25 1 5
67 17 1 4.12311
68 24 1 4.89898
69 20 1 4.47214
70 15 1 3.87298
71 16 1 4
72 13 1 3.60555
73 11 1 3.31662
74 17 1 4.12311
75 18 1 4.24264
76 10 1 3.16228
77 13 1 3.60555
78 11 1 3.31662
79 8 1 2.82843
80 8 1 2.82843
81 14 1 3.74166
82 7 1 2.64575
83 3 1 1.73205
84 8 1 2.82843
85 9 1 3
86 7 1 2.64575
87 7 1 2.64575
88 7 1 2.64575
89 2 1 1.41421
90 6 1 2.44949
91 5 1 2.23607
92 4 1 2
93 4 1 2
94 3 1 1.73205
95 4 1 2
96 4 1 2
97 5 1 2.23607
98 1 1 1
99 1 1 1
100 2 1 1.41421
101 0 1 0
102 1 1 1
103 1 1 1
104 3 1 1.73205
105 1 1 1
106 2 1 1.41421
107 0 1 0
108 0 1 0
109 0 1 0
110 2 1 1.41421
111 2 1 1.41421
112 1 1 1
113 2 1 1.41421
114 0 1 0
115 0 1 0
116 1 1 1
117 0 1 0
118 0 1 0
119 0 1 0
120 0 1 0
121 0 1 0
122 0 1 0
123 0 1 0
124 0 1 0
125 0 1 0
126 1 1 1
127 0 1 0
128 0 1 0
129 0 1 0
130 0 1 0
131 0 1 0
132 0 1 0
133 0 1 0
134 0 1 0
135 0 1 0
136 0 1 0
137 0 1 0
138 0 1 0
139 0 1 0
140 0 1 0
141 0 1 0
142 0 1 0
143 0 1 0
144 0 1 0
145 0 1 0
146 0 1 0
147 0 1 0
148 0 1 0
149 0 1 0
150 0 1 0
151 0 1 0
152 0 1 0
153 0 1 0
154 0 1 0
155 0 1 0
156 0 1 0
157 0 1 0
158 0 1 0
159 0 1 0
160 0 1 0
161 0 1 0
162 0 1 0
163 0 1 0
164 0 1 0
165 0 1 0
166 0 1 0
167 0 1 0
168 0 1 0
169 0 1 0
170 0 1 0
171 0 1 0
172 0 1 0
173 0 1 0
174 0 1 0
175 0 1 0
176 0 1 0
177 0 1 0
178 0 1 0
179 0 1 0
180 0 1 0
181 0 1 0
182 0 1 0
183 0 1 0
184 0 1 0
185 0 1 0
186 0 1 0
187 0 1 0
188 0 1 0
189 0 1 0
190 0 1 0
191 0 1 0
192 0 1 0
193 0 1 0
194 0 1 0
195 0 1 0
196 0 1 0
197 0 1 0
198 0 1 0
199 0 1 0
