0 0 1 0
1 0 1 0
2 4205 1 64.846
3 6202 1 78.7528
4 6272 1 79.196
5 3944 1 62.8013
6 4500 1 67.082
7 2340 1 48.3735
8 2033 1 45.0888
9 1606 1 40.0749
10 1280 1 35.7771
11 1089 1 33
12 952 1 30.8545
13 816 1 28.5657
14 724 1 26.9072
15 637 1 25.2389
16 584 1 24.1661
17 502 1 22.4054
18 490 1 22.1359
19 416 1 20.3961
20 405 1 20.1246
21 338 1 18.3848
22 327 1 18.0831
23 287 1 16.9411
24 286 1 16.9115
25 259 1 16.0935
26 237 1 15.3948
27 209 1 14.4568
28 206 1 14.3527
29 198 1 14.0712
30 169 1 13
31 174 1 13.1909
32 149 1 12.2066
33 142 1 11.9164
34 126 1 11.225
35 136 1 11.6619
36 119 1 10.9087
37 109 1 10.4403
38 102 1 10.0995
39 110 1 10.4881
40 97 1 9.84886
41 102 1 10.0995
42 61 1 7.81025
43 69 1 8.30662
44 91 1 9.53939
45 74 1 8.60233
46 66 1 8.12404
47 66 1 8.12404
48 48 1 6.9282
49 60 1 7.74597
50 46 1 6.78233
51 66 1 8.12404
52 60 1 7.74597
53 40 1 6.32456
54 34 1 5.83095
55 34 1 5.83095
56 37 1 6.08276
57 30 1 5.47723
58 36 1 6
59 33 1 5.74456
60 40 1 6.32456
61 26 1 5.09902
62 41 1 6.40312
63 22 1 4.69042
64 28 1 5.2915
65 28 1 5.2915
66 35 1 5.91608
67 23 1 4.79583
68 27 1 5.19615
69 20 1 4.47214
70 24 1 4.89898
71 13 1 3.60555
72 28 1 5.2915
73 12 1 3.4641
74 21 1 4.58258
75 12 1 3.4641
76 12 1 3.4641
77 13 1 3.60555
78 19 1 4.3589
79 14 1 3.74166
80 18 1 4.24264
81 21 1 4.58258
82 19 1 4.3589
83 11 1 3.31662
84 15 1 3.87298
85 7 1 2.64575
86 15 1 3.87298
87 11 1 3.31662
88 15 1 3.87298
89 17 1 4.12311
90 11 1 3.31662
91 12 1 3.4641
92 8 1 2.82843
93 16 1 4
94 14 1 3.74166
95 12 1 3.4641
96 13 1 3.60555
97 12 1 3.4641
98 9 1 3
99 7 1 2.64575
100 13 1 3.60555
101 3 1 1.73205
102 6 1 2.44949
103 10 1 3.16228
104 5 1 2.23607
105 4 1 2
106 7 1 2.64575
107 5 1 2.23607
108 4 1 2
109 5 1 2.23607
110 7 1 2.64575
111 4 1 2
112 3 1 1.73205
113 3 1 1.73205
114 4 1 2
115 7 1 2.64575
116 3 1 1.73205
117 5 1 2.23607
118 5 1 2.23607
119 3 1 1.73205
120 2 1 1.41421
121 4 1 2
122 7 1 2.64575
123 1 1 1
124 10 1 3.16228
125 3 1 1.73205
126 3 1 1.73205
127 3 1 1.73205
128 3 1 1.73205
129 3 1 1.73205
130 0 1 0
131 2 1 1.41421
132 3 1 1.73205
133 3 1 1.73205
134 6 1 2.44949
135 2 1 1.41421
136 2 1 1.41421
137 4 1 2
138 4 1 2
139 2 1 1.41421
140 0 1 0
141 2 1 1.41421
142 1 1 1
143 3 1 1.73205
144 3 1 1.73205
145 3 1 1.73205
146 3 1 1.73205
147 2 1 1.41421
148 3 1 1.73205
149 0 1 0
150 1 1 1
151 0 1 0
152 1 1 1
153 3 1 1.73205
154 0 1 0
155 0 1 0
156 2 1 1.41421
157 0 1 0
158 0 1 0
159 4 1 2
160 2 1 1.41421
161 3 1 1.73205
162 1 1 1
163 1 1 1
164 0 1 0
165 0 1 0
166 1 1 1
167 2 1 1.41421
168 0 1 0
169 2 1 1.41421
170 0 1 0
171 1 1 1
172 1 1 1
173 0 1 0
174 0 1 0
175 1 1 1
176 0 1 0
177 1 1 1
178 1 1 1
179 0 1 0
180 1 1 1
181 1 1 1
182 0 1 0
183 1 1 1
184 0 1 0
185 0 1 0
186 0 1 0
187 2 1 1.41421
188 1 1 1
189 1 1 1
190 1 1 1
191 0 1 0
192 0 1 0
193 0 1 0
194 0 1 0
195 0 1 0
196 0 1 0
197 0 1 0
198 1 1 1
199 0 1 0
