0 0 1 0
1 0 1 0
2 358 1 18.9209
3 467 1 21.6102
4 460 1 21.4476
5 227 1 15.0665
6 221 1 14.8661
7 101 1 10.0499
8 65 1 8.06226
9 49 1 7
10 41 1 6.40312
11 39 1 6.245
12 29 1 5.38516
13 16 1 4
14 17 1 4.12311
15 13 1 3.60555
16 18 1 4.24264
17 11 1 3.31662
18 12 1 3.4641
19 19 1 4.3589
20 5 1 2.23607
21 13 1 3.60555
22 3 1 1.73205
23 2 1 1.41421
24 7 1 2.64575
25 5 1 2.23607
26 4 1 2
27 7 1 2.64575
28 5 1 2.23607
29 3 1 1.73205
30 2 1 1.41421
31 6 1 2.44949
32 2 1 1.41421
33 0 1 0
34 1 1 1
35 2 1 1.41421
36 0 1 0
37 3 1 1.73205
38 1 1 1
39 2 1 1.41421
40 1 1 1
41 2 1 1.41421
42 0 1 0
43 1 1 1
44 3 1 1.73205
45 1 1 1
46 0 1 0
47 0 1 0
48 0 1 0
49 0 1 0
50 0 1 0
51 0 1 0
52 0 1 0
53 0 1 0
54 0 1 0
55 2 1 1.41421
56 0 1 0
57 0 1 0
58 0 1 0
59 1 1 1
60 1 1 1
61 1 1 1
62 0 1 0
63 0 1 0
64 0 1 0
65 0 1 0
66 1 1 1
67 0 1 0
68 0 1 0
69 0 1 0
70 0 1 0
71 0 1 0
72 0 1 0
73 0 1 0
74 0 1 0
75 0 1 0
76 0 1 0
77 0 1 0
78 0 1 0
79 0 1 0
80 0 1 0
81 0 1 0
82 0 1 0
83 0 1 0
84 0 1 0
85 0 1 0
86 0 1 0
87 0 1 0
88 0 1 0
89 0 1 0
90 0 1 0
91 0 1 0
92 0 1 0
93 0 1 0
94 0 1 0
95 0 1 0
96 0 1 0
97 0 1 0
98 0 1 0
99 0 1 0
100 0 1 0
101 0 1 0
102 0 1 0
103 0 1 0
104 0 1 0
105 0 1 0
106 0 1 0
107 0 1 0
108 0 1 0
109 0 1 0
110 0 1 0
111 0 1 0
112 0 1 0
113 0 1 0
114 0 1 0
115 0 1 0
116 0 1 0
117 0 1 0
118 0 1 0
119 0 1 0
120 0 1 0
121 0 1 0
122 0 1 0
123 0 1 0
124 0 1 0
125 0 1 0
126 0 1 0
127 0 1 0
128 0 1 0
129 0 1 0
130 0 1 0
131 0 1 0
132 0 1 0
133 0 1 0
134 0 1 0
135 0 1 0
136 0 1 0
137 0 1 0
138 0 1 0
139 0 1 0
140 0 1 0
141 0 1 0
142 0 1 0
143 0 1 0
144 0 1 0
145 0 1 0
146 0 1 0
147 0 1 0
148 0 1 0
149 0 1 0
150 0 1 0
151 0 1 0
152 0 1 0
153 0 1 0
154 0 1 0
155 0 1 0
156 0 1 0
157 0 1 0
158 0 1 0
159 0 1 0
160 0 1 0
161 0 1 0
162 0 1 0
163 0 1 0
164 0 1 0
165 0 1 0
166 0 1 0
167 0 1 0
168 0 1 0
169 0 1 0
170 0 1 0
171 0 1 0
172 0 1 0
173 0 1 0
174 0 1 0
175 0 1 0
176 0 1 0
177 0 1 0
178 0 1 0
179 0 1 0
180 0 1 0
181 0 1 0
182 0 1 0
183 0 1 0
184 0 1 0
185 0 1 0
186 0 1 0
187 0 1 0
188 0 1 0
189 0 1 0
190 0 1 0
191 0 1 0
192 0 1 0
193 0 1 0
194 0 1 0
195 0 1 0
196 0 1 0
197 0 1 0
198 0 1 0
199 0 1 0
