0 0 1 0
1 0 1 0
2 0 1 0
3 2 1 1.41421
4 23 1 4.79583
5 14 1 3.74166
6 9 1 3
7 11 1 3.31662
8 15 1 3.87298
9 10 1 3.16228
10 9 1 3
11 15 1 3.87298
12 8 1 2.82843
13 20 1 4.47214
14 11 1 3.31662
15 14 1 3.74166
16 22 1 4.69042
17 18 1 4.24264
18 16 1 4
19 24 1 4.89898
20 25 1 5
21 19 1 4.3589
22 25 1 5
23 23 1 4.79583
24 16 1 4
25 22 1 4.69042
26 14 1 3.74166
27 18 1 4.24264
28 18 1 4.24264
29 15 1 3.87298
30 22 1 4.69042
31 29 1 5.38516
32 17 1 4.12311
33 14 1 3.74166
34 14 1 3.74166
35 27 1 5.19615
36 15 1 3.87298
37 13 1 3.60555
38 12 1 3.4641
39 17 1 4.12311
40 10 1 3.16228
41 15 1 3.87298
42 23 1 4.79583
43 18 1 4.24264
44 11 1 3.31662
45 13 1 3.60555
46 14 1 3.74166
47 11 1 3.31662
48 9 1 3
49 11 1 3.31662
50 9 1 3
51 9 1 3
52 7 1 2.64575
53 10 1 3.16228
54 9 1 3
55 14 1 3.74166
56 6 1 2.44949
57 6 1 2.44949
58 5 1 2.23607
59 12 1 3.4641
60 7 1 2.64575
61 7 1 2.64575
62 4 1 2
63 7 1 2.64575
64 5 1 2.23607
65 4 1 2
66 3 1 1.73205
67 2 1 1.41421
68 3 1 1.73205
69 4 1 2
70 1 1 1
71 2 1 1.41421
72 3 1 1.73205
73 2 1 1.41421
74 1 1 1
75 2 1 1.41421
76 0 1 0
77 0 1 0
78 1 1 1
79 0 1 0
80 0 1 0
81 4 1 2
82 1 1 1
83 0 1 0
84 0 1 0
85 0 1 0
86 0 1 0
87 0 1 0
88 0 1 0
89 0 1 0
90 0 1 0
91 0 1 0
92 0 1 0
93 0 1 0
94 0 1 0
95 0 1 0
96 0 1 0
97 0 1 0
98 0 1 0
99 0 1 0
100 0 1 0
101 0 1 0
102 0 1 0
103 0 1 0
104 0 1 0
105 0 1 0
106 0 1 0
107 0 1 0
108 0 1 0
109 0 1 0
110 0 1 0
111 0 1 0
112 0 1 0
113 0 1 0
114 0 1 0
115 0 1 0
116 0 1 0
117 1 1 1
118 0 1 0
119 0 1 0
120 0 1 0
121 0 1 0
122 0 1 0
123 0 1 0
124 0 1 0
125 0 1 0
126 0 1 0
127 0 1 0
128 0 1 0
129 0 1 0
130 0 1 0
131 0 1 0
132 0 1 0
133 0 1 0
134 0 1 0
135 0 1 0
136 0 1 0
137 0 1 0
138 0 1 0
139 0 1 0
140 0 1 0
141 0 1 0
142 0 1 0
143 0 1 0
144 0 1 0
145 0 1 0
146 0 1 0
147 0 1 0
148 0 1 0
149 0 1 0
150 0 1 0
151 0 1 0
152 0 1 0
153 0 1 0
154 0 1 0
155 0 1 0
156 0 1 0
157 0 1 0
158 0 1 0
159 0 1 0
160 0 1 0
161 0 1 0
162 0 1 0
163 0 1 0
164 0 1 0
165 0 1 0
166 0 1 0
167 0 1 0
168 0 1 0
169 0 1 0
170 0 1 0
171 0 1 0
172 0 1 0
173 0 1 0
174 0 1 0
175 0 1 0
176 0 1 0
177 0 1 0
178 0 1 0
179 0 1 0
180 0 1 0
181 0 1 0
182 0 1 0
183 0 1 0
184 0 1 0
185 0 1 0
186 0 1 0
187 0 1 0
188 0 1 0
189 0 1 0
190 0 1 0
191 0 1 0
192 0 1 0
193 0 1 0
194 0 1 0
195 0 1 0
196 0 1 0
197 0 1 0
198 0 1 0
199 0 1 0
