0 0 1 0
1 0 1 0
2 1 1 1
3 1 1 1
4 23 1 4.79583
5 21 1 4.58258
6 38 1 6.16441
7 46 1 6.78233
8 54 1 7.34847
9 49 1 7
10 70 1 8.3666
11 99 1 9.94987
12 78 1 8.83176
13 113 1 10.6301
14 118 1 10.8628
15 125 1 11.1803
16 148 1 12.1655
17 156 1 12.49
18 137 1 11.7047
19 162 1 12.7279
20 166 1 12.8841
21 155 1 12.4499
22 148 1 12.1655
23 167 1 12.9228
24 176 1 13.2665
25 183 1 13.5277
26 193 1 13.8924
27 199 1 14.1067
28 218 1 14.7648
29 202 1 14.2127
30 213 1 14.5945
31 198 1 14.0712
32 174 1 13.1909
33 211 1 14.5258
34 177 1 13.3041
35 176 1 13.2665
36 176 1 13.2665
37 160 1 12.6491
38 186 1 13.6382
39 149 1 12.2066
40 144 1 12
41 155 1 12.4499
42 158 1 12.5698
43 149 1 12.2066
44 124 1 11.1355
45 137 1 11.7047
46 128 1 11.3137
47 116 1 10.7703
48 114 1 10.6771
49 87 1 9.32738
50 101 1 10.0499
51 94 1 9.69536
52 80 1 8.94427
53 82 1 9.05539
54 84 1 9.16515
55 74 1 8.60233
56 77 1 8.77496
57 62 1 7.87401
58 64 1 8
59 61 1 7.81025
60 53 1 7.28011
61 61 1 7.81025
62 47 1 6.85565
63 43 1 6.55744
64 43 1 6.55744
65 51 1 7.14143
66 36 1 6
67 40 1 6.32456
68 35 1 5.91608
69 39 1 6.245
70 35 1 5.91608
71 29 1 5.38516
72 33 1 5.74456
73 25 1 5
74 29 1 5.38516
75 28 1 5.2915
76 20 1 4.47214
77 19 1 4.3589
78 16 1 4
79 26 1 5.09902
80 19 1 4.3589
81 12 1 3.4641
82 22 1 4.69042
83 12 1 3.4641
84 11 1 3.31662
85 11 1 3.31662
86 12 1 3.4641
87 8 1 2.82843
88 12 1 3.4641
89 10 1 3.16228
90 11 1 3.31662
91 8 1 2.82843
92 6 1 2.44949
93 8 1 2.82843
94 8 1 2.82843
95 5 1 2.23607
96 8 1 2.82843
97 9 1 3
98 5 1 2.23607
99 7 1 2.64575
100 3 1 1.73205
101 8 1 2.82843
102 3 1 1.73205
103 6 1 2.44949
104 5 1 2.23607
105 8 1 2.82843
106 5 1 2.23607
107 8 1 2.82843
108 7 1 2.64575
109 6 1 2.44949
110 3 1 1.73205
111 2 1 1.41421
112 3 1 1.73205
113 9 1 3
114 1 1 1
115 1 1 1
116 4 1 2
117 3 1 1.73205
118 0 1 0
119 0 1 0
120 4 1 2
121 3 1 1.73205
122 2 1 1.41421
123 3 1 1.73205
124 3 1 1.73205
125 0 1 0
126 2 1 1.41421
127 3 1 1.73205
128 2 1 1.41421
129 2 1 1.41421
130 4 1 2
131 0 1 0
132 1 1 1
133 0 1 0
134 0 1 0
135 1 1 1
136 1 1 1
137 1 1 1
138 1 1 1
139 0 1 0
140 1 1 1
141 0 1 0
142 1 1 1
143 1 1 1
144 0 1 0
145 1 1 1
146 1 1 1
147 0 1 0
148 1 1 1
149 0 1 0
150 1 1 1
151 1 1 1
152 0 1 0
153 1 1 1
154 0 1 0
155 1 1 1
156 0 1 0
157 0 1 0
158 0 1 0
159 2 1 1.41421
160 1 1 1
161 1 1 1
162 0 1 0
163 1 1 1
164 1 1 1
165 1 1 1
166 0 1 0
167 0 1 0
168 0 1 0
169 0 1 0
170 0 1 0
171 2 1 1.41421
172 0 1 0
173 1 1 1
174 1 1 1
175 0 1 0
176 1 1 1
177 1 1 1
178 0 1 0
179 0 1 0
180 0 1 0
181 0 1 0
182 1 1 1
183 0 1 0
184 0 1 0
185 0 1 0
186 0 1 0
187 1 1 1
188 0 1 0
189 0 1 0
190 0 1 0
191 0 1 0
192 0 1 0
193 0 1 0
194 0 1 0
195 0 1 0
196 0 1 0
197 0 1 0
198 0 1 0
199 0 1 0
