0 0 1 0
1 0 1 0
2 5 1 2.23607
3 42 1 6.48074
4 434 1 20.8327
5 659 1 25.671
6 779 1 27.9106
7 933 1 30.545
8 1041 1 32.2645
9 1058 1 32.5269
10 1090 1 33.0151
11 1089 1 33
12 957 1 30.9354
13 985 1 31.3847
14 862 1 29.3598
15 863 1 29.3769
16 756 1 27.4955
17 699 1 26.4386
18 621 1 24.9199
19 563 1 23.7276
20 539 1 23.2164
21 516 1 22.7156
22 431 1 20.7605
23 409 1 20.2237
24 372 1 19.2873
25 386 1 19.6469
26 334 1 18.2757
27 342 1 18.4932
28 275 1 16.5831
29 281 1 16.7631
30 252 1 15.8745
31 240 1 15.4919
32 230 1 15.1658
33 218 1 14.7648
34 186 1 13.6382
35 210 1 14.4914
36 175 1 13.2288
37 151 1 12.2882
38 166 1 12.8841
39 142 1 11.9164
40 119 1 10.9087
41 132 1 11.4891
42 109 1 10.4403
43 102 1 10.0995
44 112 1 10.583
45 107 1 10.3441
46 104 1 10.198
47 88 1 9.38083
48 86 1 9.27362
49 77 1 8.77496
50 92 1 9.59166
51 69 1 8.30662
52 57 1 7.54983
53 61 1 7.81025
54 63 1 7.93725
55 43 1 6.55744
56 61 1 7.81025
57 58 1 7.61577
58 55 1 7.4162
59 47 1 6.85565
60 56 1 7.48331
61 50 1 7.07107
62 41 1 6.40312
63 44 1 6.63325
64 28 1 5.2915
65 34 1 5.83095
66 29 1 5.38516
67 39 1 6.245
68 28 1 5.2915
69 37 1 6.08276
70 35 1 5.91608
71 39 1 6.245
72 25 1 5
73 35 1 5.91608
74 34 1 5.83095
75 29 1 5.38516
76 17 1 4.12311
77 16 1 4
78 28 1 5.2915
79 20 1 4.47214
80 19 1 4.3589
81 17 1 4.12311
82 27 1 5.19615
83 18 1 4.24264
84 18 1 4.24264
85 24 1 4.89898
86 17 1 4.12311
87 16 1 4
88 17 1 4.12311
89 24 1 4.89898
90 15 1 3.87298
91 17 1 4.12311
92 19 1 4.3589
93 13 1 3.60555
94 16 1 4
95 9 1 3
96 14 1 3.74166
97 15 1 3.87298
98 14 1 3.74166
99 14 1 3.74166
100 11 1 3.31662
101 10 1 3.16228
102 16 1 4
103 15 1 3.87298
104 15 1 3.87298
105 9 1 3
106 10 1 3.16228
107 14 1 3.74166
108 8 1 2.82843
109 16 1 4
110 7 1 2.64575
111 11 1 3.31662
112 15 1 3.87298
113 11 1 3.31662
114 8 1 2.82843
115 6 1 2.44949
116 6 1 2.44949
117 10 1 3.16228
118 7 1 2.64575
119 13 1 3.60555
120 15 1 3.87298
121 7 1 2.64575
122 8 1 2.82843
123 13 1 3.60555
124 8 1 2.82843
125 2 1 1.41421
126 13 1 3.60555
127 5 1 2.23607
128 6 1 2.44949
129 6 1 2.44949
130 3 1 1.73205
131 9 1 3
132 4 1 2
133 6 1 2.44949
134 5 1 2.23607
135 6 1 2.44949
136 4 1 2
137 1 1 1
138 5 1 2.23607
139 8 1 2.82843
140 7 1 2.64575
141 2 1 1.41421
142 8 1 2.82843
143 2 1 1.41421
144 6 1 2.44949
145 1 1 1
146 4 1 2
147 7 1 2.64575
148 4 1 2
149 3 1 1.73205
150 5 1 2.23607
151 2 1 1.41421
152 4 1 2
153 3 1 1.73205
154 2 1 1.41421
155 6 1 2.44949
156 1 1 1
157 4 1 2
158 3 1 1.73205
159 3 1 1.73205
160 4 1 2
161 4 1 2
162 2 1 1.41421
163 4 1 2
164 3 1 1.73205
165 5 1 2.23607
166 3 1 1.73205
167 3 1 1.73205
168 4 1 2
169 1 1 1
170 3 1 1.73205
171 1 1 1
172 4 1 2
173 3 1 1.73205
174 1 1 1
175 3 1 1.73205
176 1 1 1
177 3 1 1.73205
178 2 1 1.41421
179 2 1 1.41421
180 2 1 1.41421
181 3 1 1.73205
182 2 1 1.41421
183 2 1 1.41421
184 1 1 1
185 2 1 1.41421
186 2 1 1.41421
187 4 1 2
188 2 1 1.41421
189 2 1 1.41421
190 2 1 1.41421
191 0 1 0
192 0 1 0
193 4 1 2
194 1 1 1
195 0 1 0
196 2 1 1.41421
197 0 1 0
198 1 1 1
199 0 1 0
