0 0 1 0
1 0 1 0
2 4 1 2
3 26 1 5.09902
4 279 1 16.7033
5 409 1 20.2237
6 413 1 20.3224
7 460 1 21.4476
8 429 1 20.7123
9 447 1 21.1424
10 458 1 21.4009
11 401 1 20.025
12 411 1 20.2731
13 363 1 19.0526
14 330 1 18.1659
15 320 1 17.8885
16 274 1 16.5529
17 224 1 14.9666
18 205 1 14.3178
19 196 1 14
20 197 1 14.0357
21 160 1 12.6491
22 149 1 12.2066
23 159 1 12.6095
24 150 1 12.2474
25 128 1 11.3137
26 108 1 10.3923
27 99 1 9.94987
28 97 1 9.84886
29 83 1 9.11043
30 97 1 9.84886
31 97 1 9.84886
32 77 1 8.77496
33 54 1 7.34847
34 81 1 9
35 56 1 7.48331
36 53 1 7.28011
37 60 1 7.74597
38 51 1 7.14143
39 54 1 7.34847
40 59 1 7.68115
41 39 1 6.245
42 50 1 7.07107
43 37 1 6.08276
44 31 1 5.56776
45 27 1 5.19615
46 37 1 6.08276
47 20 1 4.47214
48 20 1 4.47214
49 34 1 5.83095
50 23 1 4.79583
51 18 1 4.24264
52 23 1 4.79583
53 25 1 5
54 29 1 5.38516
55 23 1 4.79583
56 26 1 5.09902
57 27 1 5.19615
58 22 1 4.69042
59 14 1 3.74166
60 18 1 4.24264
61 21 1 4.58258
62 24 1 4.89898
63 11 1 3.31662
64 14 1 3.74166
65 12 1 3.4641
66 18 1 4.24264
67 9 1 3
68 13 1 3.60555
69 16 1 4
70 5 1 2.23607
71 10 1 3.16228
72 5 1 2.23607
73 12 1 3.4641
74 9 1 3
75 9 1 3
76 9 1 3
77 6 1 2.44949
78 9 1 3
79 8 1 2.82843
80 6 1 2.44949
81 6 1 2.44949
82 8 1 2.82843
83 11 1 3.31662
84 12 1 3.4641
85 6 1 2.44949
86 2 1 1.41421
87 7 1 2.64575
88 3 1 1.73205
89 5 1 2.23607
90 4 1 2
91 5 1 2.23607
92 6 1 2.44949
93 5 1 2.23607
94 5 1 2.23607
95 4 1 2
96 4 1 2
97 9 1 3
98 5 1 2.23607
99 3 1 1.73205
100 6 1 2.44949
101 3 1 1.73205
102 6 1 2.44949
103 7 1 2.64575
104 4 1 2
105 6 1 2.44949
106 6 1 2.44949
107 2 1 1.41421
108 1 1 1
109 3 1 1.73205
110 2 1 1.41421
111 2 1 1.41421
112 2 1 1.41421
113 9 1 3
114 3 1 1.73205
115 5 1 2.23607
116 2 1 1.41421
117 4 1 2
118 5 1 2.23607
119 4 1 2
120 0 1 0
121 2 1 1.41421
122 0 1 0
123 3 1 1.73205
124 1 1 1
125 0 1 0
126 0 1 0
127 5 1 2.23607
128 1 1 1
129 5 1 2.23607
130 3 1 1.73205
131 1 1 1
132 1 1 1
133 1 1 1
134 3 1 1.73205
135 1 1 1
136 1 1 1
137 3 1 1.73205
138 0 1 0
139 0 1 0
140 1 1 1
141 2 1 1.41421
142 2 1 1.41421
143 2 1 1.41421
144 0 1 0
145 1 1 1
146 3 1 1.73205
147 1 1 1
148 0 1 0
149 3 1 1.73205
150 1 1 1
151 2 1 1.41421
152 1 1 1
153 2 1 1.41421
154 0 1 0
155 0 1 0
156 0 1 0
157 0 1 0
158 2 1 1.41421
159 1 1 1
160 1 1 1
161 0 1 0
162 0 1 0
163 0 1 0
164 0 1 0
165 1 1 1
166 0 1 0
167 1 1 1
168 0 1 0
169 0 1 0
170 1 1 1
171 1 1 1
172 1 1 1
173 0 1 0
174 0 1 0
175 0 1 0
176 1 1 1
177 0 1 0
178 0 1 0
179 0 1 0
180 0 1 0
181 0 1 0
182 0 1 0
183 0 1 0
184 1 1 1
185 1 1 1
186 0 1 0
187 0 1 0
188 0 1 0
189 1 1 1
190 0 1 0
191 0 1 0
192 0 1 0
193 1 1 1
194 1 1 1
195 3 1 1.73205
196 0 1 0
197 0 1 0
198 0 1 0
199 0 1 0
