0 0 1 0
1 0 1 0
2 0 1 0
3 8 1 2.82843
4 144 1 12
5 253 1 15.906
6 225 1 15
7 170 1 13.0384
8 123 1 11.0905
9 74 1 8.60233
10 69 1 8.30662
11 48 1 6.9282
12 40 1 6.32456
13 39 1 6.245
14 33 1 5.74456
15 32 1 5.65685
16 29 1 5.38516
17 42 1 6.48074
18 30 1 5.47723
19 32 1 5.65685
20 31 1 5.56776
21 33 1 5.74456
22 23 1 4.79583
23 33 1 5.74456
24 28 1 5.2915
25 41 1 6.40312
26 23 1 4.79583
27 31 1 5.56776
28 20 1 4.47214
29 26 1 5.09902
30 18 1 4.24264
31 20 1 4.47214
32 21 1 4.58258
33 21 1 4.58258
34 18 1 4.24264
35 15 1 3.87298
36 27 1 5.19615
37 22 1 4.69042
38 23 1 4.79583
39 26 1 5.09902
40 11 1 3.31662
41 18 1 4.24264
42 9 1 3
43 25 1 5
44 13 1 3.60555
45 12 1 3.4641
46 19 1 4.3589
47 13 1 3.60555
48 20 1 4.47214
49 7 1 2.64575
50 11 1 3.31662
51 7 1 2.64575
52 10 1 3.16228
53 15 1 3.87298
54 6 1 2.44949
55 5 1 2.23607
56 11 1 3.31662
57 7 1 2.64575
58 6 1 2.44949
59 10 1 3.16228
60 6 1 2.44949
61 9 1 3
62 8 1 2.82843
63 7 1 2.64575
64 0 1 0
65 6 1 2.44949
66 3 1 1.73205
67 2 1 1.41421
68 5 1 2.23607
69 0 1 0
70 1 1 1
71 3 1 1.73205
72 2 1 1.41421
73 2 1 1.41421
74 4 1 2
75 1 1 1
76 2 1 1.41421
77 1 1 1
78 0 1 0
79 0 1 0
80 3 1 1.73205
81 1 1 1
82 0 1 0
83 0 1 0
84 0 1 0
85 1 1 1
86 0 1 0
87 0 1 0
88 1 1 1
89 0 1 0
90 0 1 0
91 0 1 0
92 1 1 1
93 0 1 0
94 0 1 0
95 0 1 0
96 1 1 1
97 0 1 0
98 0 1 0
99 0 1 0
100 0 1 0
101 0 1 0
102 0 1 0
103 0 1 0
104 0 1 0
105 0 1 0
106 1 1 1
107 0 1 0
108 0 1 0
109 0 1 0
110 0 1 0
111 0 1 0
112 0 1 0
113 0 1 0
114 0 1 0
115 0 1 0
116 0 1 0
117 0 1 0
118 1 1 1
119 0 1 0
120 0 1 0
121 0 1 0
122 0 1 0
123 0 1 0
124 0 1 0
125 0 1 0
126 0 1 0
127 0 1 0
128 0 1 0
129 0 1 0
130 0 1 0
131 0 1 0
132 0 1 0
133 0 1 0
134 0 1 0
135 0 1 0
136 0 1 0
137 0 1 0
138 0 1 0
139 0 1 0
140 0 1 0
141 0 1 0
142 0 1 0
143 0 1 0
144 0 1 0
145 0 1 0
146 0 1 0
147 0 1 0
148 0 1 0
149 0 1 0
150 0 1 0
151 0 1 0
152 0 1 0
153 0 1 0
154 0 1 0
155 0 1 0
156 0 1 0
157 0 1 0
158 0 1 0
159 0 1 0
160 0 1 0
161 0 1 0
162 0 1 0
163 0 1 0
164 0 1 0
165 0 1 0
166 0 1 0
167 0 1 0
168 0 1 0
169 0 1 0
170 0 1 0
171 0 1 0
172 0 1 0
173 0 1 0
174 0 1 0
175 0 1 0
176 0 1 0
177 0 1 0
178 0 1 0
179 0 1 0
180 0 1 0
181 0 1 0
182 0 1 0
183 0 1 0
184 0 1 0
185 0 1 0
186 0 1 0
187 0 1 0
188 0 1 0
189 0 1 0
190 0 1 0
191 0 1 0
192 0 1 0
193 0 1 0
194 0 1 0
195 0 1 0
196 0 1 0
197 0 1 0
198 0 1 0
199 0 1 0
