0 0 1 0
1 0 1 0
2 14 1 3.74166
3 43 1 6.55744
4 493 1 22.2036
5 695 1 26.3629
6 691 1 26.2869
7 682 1 26.1151
8 599 1 24.4745
9 545 1 23.3452
10 498 1 22.3159
11 530 1 23.0217
12 497 1 22.2935
13 545 1 23.3452
14 496 1 22.2711
15 453 1 21.2838
16 465 1 21.5639
17 444 1 21.0713
18 465 1 21.5639
19 426 1 20.6398
20 401 1 20.025
21 369 1 19.2094
22 382 1 19.5448
23 353 1 18.7883
24 320 1 17.8885
25 313 1 17.6918
26 311 1 17.6352
27 275 1 16.5831
28 260 1 16.1245
29 255 1 15.9687
30 200 1 14.1421
31 253 1 15.906
32 203 1 14.2478
33 219 1 14.7986
34 192 1 13.8564
35 205 1 14.3178
36 157 1 12.53
37 152 1 12.3288
38 136 1 11.6619
39 146 1 12.083
40 149 1 12.2066
41 140 1 11.8322
42 133 1 11.5326
43 106 1 10.2956
44 124 1 11.1355
45 124 1 11.1355
46 97 1 9.84886
47 116 1 10.7703
48 98 1 9.89949
49 89 1 9.43398
50 73 1 8.544
51 74 1 8.60233
52 80 1 8.94427
53 60 1 7.74597
54 62 1 7.87401
55 64 1 8
56 60 1 7.74597
57 45 1 6.7082
58 51 1 7.14143
59 55 1 7.4162
60 61 1 7.81025
61 57 1 7.54983
62 41 1 6.40312
63 40 1 6.32456
64 42 1 6.48074
65 35 1 5.91608
66 41 1 6.40312
67 31 1 5.56776
68 30 1 5.47723
69 31 1 5.56776
70 28 1 5.2915
71 28 1 5.2915
72 26 1 5.09902
73 23 1 4.79583
74 19 1 4.3589
75 24 1 4.89898
76 25 1 5
77 18 1 4.24264
78 16 1 4
79 19 1 4.3589
80 14 1 3.74166
81 13 1 3.60555
82 14 1 3.74166
83 14 1 3.74166
84 17 1 4.12311
85 12 1 3.4641
86 8 1 2.82843
87 16 1 4
88 5 1 2.23607
89 10 1 3.16228
90 8 1 2.82843
91 7 1 2.64575
92 8 1 2.82843
93 4 1 2
94 2 1 1.41421
95 7 1 2.64575
96 8 1 2.82843
97 11 1 3.31662
98 7 1 2.64575
99 7 1 2.64575
100 5 1 2.23607
101 2 1 1.41421
102 6 1 2.44949
103 5 1 2.23607
104 10 1 3.16228
105 3 1 1.73205
106 3 1 1.73205
107 4 1 2
108 3 1 1.73205
109 4 1 2
110 5 1 2.23607
111 4 1 2
112 2 1 1.41421
113 3 1 1.73205
114 5 1 2.23607
115 4 1 2
116 5 1 2.23607
117 1 1 1
118 4 1 2
119 7 1 2.64575
120 3 1 1.73205
121 3 1 1.73205
122 4 1 2
123 0 1 0
124 2 1 1.41421
125 2 1 1.41421
126 2 1 1.41421
127 0 1 0
128 0 1 0
129 4 1 2
130 2 1 1.41421
131 0 1 0
132 2 1 1.41421
133 1 1 1
134 3 1 1.73205
135 0 1 0
136 0 1 0
137 2 1 1.41421
138 3 1 1.73205
139 2 1 1.41421
140 0 1 0
141 2 1 1.41421
142 1 1 1
143 1 1 1
144 1 1 1
145 3 1 1.73205
146 1 1 1
147 3 1 1.73205
148 2 1 1.41421
149 2 1 1.41421
150 0 1 0
151 1 1 1
152 1 1 1
153 1 1 1
154 1 1 1
155 3 1 1.73205
156 0 1 0
157 1 1 1
158 0 1 0
159 1 1 1
160 1 1 1
161 2 1 1.41421
162 0 1 0
163 1 1 1
164 0 1 0
165 2 1 1.41421
166 0 1 0
167 1 1 1
168 0 1 0
169 2 1 1.41421
170 1 1 1
171 0 1 0
172 1 1 1
173 0 1 0
174 1 1 1
175 1 1 1
176 1 1 1
177 0 1 0
178 1 1 1
179 1 1 1
180 1 1 1
181 1 1 1
182 0 1 0
183 1 1 1
184 1 1 1
185 0 1 0
186 1 1 1
187 1 1 1
188 1 1 1
189 0 1 0
190 0 1 0
191 0 1 0
192 0 1 0
193 0 1 0
194 0 1 0
195 0 1 0
196 1 1 1
197 1 1 1
198 0 1 0
199 1 1 1
