0 0 1 0
1 0 1 0
2 25 1 5
3 95 1 9.74679
4 1444 1 38
5 1898 1 43.566
6 2303 1 47.9896
7 2550 1 50.4975
8 2730 1 52.2494
9 2594 1 50.9313
10 2416 1 49.1528
11 2198 1 46.8828
12 1982 1 44.5197
13 1897 1 43.5546
14 1646 1 40.5709
15 1536 1 39.1918
16 1479 1 38.4578
17 1336 1 36.5513
18 1148 1 33.8821
19 1115 1 33.3916
20 1026 1 32.0312
21 971 1 31.1609
22 837 1 28.931
23 818 1 28.6007
24 748 1 27.3496
25 684 1 26.1534
26 645 1 25.3969
27 578 1 24.0416
28 526 1 22.9347
29 516 1 22.7156
30 503 1 22.4277
31 442 1 21.0238
32 415 1 20.3715
33 396 1 19.8997
34 371 1 19.2614
35 331 1 18.1934
36 291 1 17.0587
37 279 1 16.7033
38 295 1 17.1756
39 249 1 15.7797
40 240 1 15.4919
41 224 1 14.9666
42 231 1 15.1987
43 235 1 15.3297
44 187 1 13.6748
45 208 1 14.4222
46 188 1 13.7113
47 165 1 12.8452
48 166 1 12.8841
49 138 1 11.7473
50 143 1 11.9583
51 139 1 11.7898
52 128 1 11.3137
53 119 1 10.9087
54 115 1 10.7238
55 115 1 10.7238
56 114 1 10.6771
57 100 1 10
58 91 1 9.53939
59 84 1 9.16515
60 90 1 9.48683
61 92 1 9.59166
62 76 1 8.7178
63 67 1 8.18535
64 71 1 8.42615
65 76 1 8.7178
66 55 1 7.4162
67 69 1 8.30662
68 66 1 8.12404
69 61 1 7.81025
70 64 1 8
71 51 1 7.14143
72 67 1 8.18535
73 50 1 7.07107
74 55 1 7.4162
75 45 1 6.7082
76 41 1 6.40312
77 42 1 6.48074
78 48 1 6.9282
79 46 1 6.78233
80 33 1 5.74456
81 39 1 6.245
82 45 1 6.7082
83 33 1 5.74456
84 25 1 5
85 37 1 6.08276
86 39 1 6.245
87 25 1 5
88 38 1 6.16441
89 24 1 4.89898
90 28 1 5.2915
91 24 1 4.89898
92 27 1 5.19615
93 24 1 4.89898
94 13 1 3.60555
95 17 1 4.12311
96 19 1 4.3589
97 29 1 5.38516
98 12 1 3.4641
99 15 1 3.87298
100 14 1 3.74166
101 18 1 4.24264
102 17 1 4.12311
103 22 1 4.69042
104 19 1 4.3589
105 17 1 4.12311
106 16 1 4
107 22 1 4.69042
108 16 1 4
109 20 1 4.47214
110 13 1 3.60555
111 12 1 3.4641
112 10 1 3.16228
113 20 1 4.47214
114 11 1 3.31662
115 11 1 3.31662
116 12 1 3.4641
117 17 1 4.12311
118 2 1 1.41421
119 8 1 2.82843
120 9 1 3
121 5 1 2.23607
122 7 1 2.64575
123 9 1 3
124 6 1 2.44949
125 6 1 2.44949
126 8 1 2.82843
127 7 1 2.64575
128 6 1 2.44949
129 5 1 2.23607
130 8 1 2.82843
131 0 1 0
132 2 1 1.41421
133 3 1 1.73205
134 2 1 1.41421
135 3 1 1.73205
136 5 1 2.23607
137 7 1 2.64575
138 3 1 1.73205
139 1 1 1
140 6 1 2.44949
141 3 1 1.73205
142 6 1 2.44949
143 7 1 2.64575
144 2 1 1.41421
145 6 1 2.44949
146 4 1 2
147 4 1 2
148 4 1 2
149 0 1 0
150 3 1 1.73205
151 2 1 1.41421
152 1 1 1
153 3 1 1.73205
154 3 1 1.73205
155 1 1 1
156 1 1 1
157 6 1 2.44949
158 2 1 1.41421
159 5 1 2.23607
160 5 1 2.23607
161 5 1 2.23607
162 1 1 1
163 2 1 1.41421
164 2 1 1.41421
165 3 1 1.73205
166 2 1 1.41421
167 1 1 1
168 1 1 1
169 1 1 1
170 1 1 1
171 2 1 1.41421
172 1 1 1
173 2 1 1.41421
174 3 1 1.73205
175 1 1 1
176 1 1 1
177 2 1 1.41421
178 1 1 1
179 3 1 1.73205
180 1 1 1
181 1 1 1
182 1 1 1
183 0 1 0
184 1 1 1
185 0 1 0
186 1 1 1
187 1 1 1
188 0 1 0
189 2 1 1.41421
190 0 1 0
191 1 1 1
192 0 1 0
193 1 1 1
194 0 1 0
195 2 1 1.41421
196 1 1 1
197 1 1 1
198 0 1 0
199 0 1 0
