0 0 1 0
1 0 1 0
2 10 1 3.16228
3 33 1 5.74456
4 468 1 21.6333
5 555 1 23.5584
6 594 1 24.3721
7 613 1 24.7588
8 606 1 24.6171
9 573 1 23.9374
10 515 1 22.6936
11 407 1 20.1742
12 348 1 18.6548
13 370 1 19.2354
14 293 1 17.1172
15 297 1 17.2337
16 240 1 15.4919
17 226 1 15.0333
18 196 1 14
19 191 1 13.8203
20 169 1 13
21 166 1 12.8841
22 125 1 11.1803
23 122 1 11.0454
24 108 1 10.3923
25 100 1 10
26 96 1 9.79796
27 94 1 9.69536
28 85 1 9.21954
29 67 1 8.18535
30 72 1 8.48528
31 62 1 7.87401
32 72 1 8.48528
33 60 1 7.74597
34 65 1 8.06226
35 29 1 5.38516
36 35 1 5.91608
37 38 1 6.16441
38 38 1 6.16441
39 35 1 5.91608
40 21 1 4.58258
41 29 1 5.38516
42 30 1 5.47723
43 36 1 6
44 26 1 5.09902
45 32 1 5.65685
46 26 1 5.09902
47 24 1 4.89898
48 29 1 5.38516
49 18 1 4.24264
50 22 1 4.69042
51 30 1 5.47723
52 25 1 5
53 15 1 3.87298
54 17 1 4.12311
55 13 1 3.60555
56 16 1 4
57 12 1 3.4641
58 13 1 3.60555
59 16 1 4
60 12 1 3.4641
61 16 1 4
62 12 1 3.4641
63 11 1 3.31662
64 11 1 3.31662
65 14 1 3.74166
66 9 1 3
67 11 1 3.31662
68 2 1 1.41421
69 11 1 3.31662
70 9 1 3
71 5 1 2.23607
72 12 1 3.4641
73 13 1 3.60555
74 6 1 2.44949
75 9 1 3
76 5 1 2.23607
77 5 1 2.23607
78 10 1 3.16228
79 7 1 2.64575
80 3 1 1.73205
81 3 1 1.73205
82 5 1 2.23607
83 6 1 2.44949
84 3 1 1.73205
85 1 1 1
86 3 1 1.73205
87 3 1 1.73205
88 5 1 2.23607
89 1 1 1
90 3 1 1.73205
91 2 1 1.41421
92 6 1 2.44949
93 6 1 2.44949
94 3 1 1.73205
95 4 1 2
96 5 1 2.23607
97 6 1 2.44949
98 3 1 1.73205
99 3 1 1.73205
100 2 1 1.41421
101 2 1 1.41421
102 2 1 1.41421
103 4 1 2
104 0 1 0
105 1 1 1
106 6 1 2.44949
107 3 1 1.73205
108 4 1 2
109 2 1 1.41421
110 2 1 1.41421
111 0 1 0
112 1 1 1
113 4 1 2
114 1 1 1
115 0 1 0
116 2 1 1.41421
117 2 1 1.41421
118 0 1 0
119 1 1 1
120 0 1 0
121 0 1 0
122 0 1 0
123 0 1 0
124 0 1 0
125 1 1 1
126 0 1 0
127 0 1 0
128 0 1 0
129 1 1 1
130 1 1 1
131 0 1 0
132 0 1 0
133 0 1 0
134 0 1 0
135 0 1 0
136 0 1 0
137 1 1 1
138 0 1 0
139 1 1 1
140 0 1 0
141 0 1 0
142 0 1 0
143 3 1 1.73205
144 0 1 0
145 1 1 1
146 0 1 0
147 1 1 1
148 0 1 0
149 0 1 0
150 0 1 0
151 0 1 0
152 0 1 0
153 0 1 0
154 1 1 1
155 0 1 0
156 0 1 0
157 0 1 0
158 0 1 0
159 0 1 0
160 1 1 1
161 1 1 1
162 0 1 0
163 0 1 0
164 1 1 1
165 1 1 1
166 2 1 1.41421
167 0 1 0
168 0 1 0
169 0 1 0
170 1 1 1
171 1 1 1
172 0 1 0
173 0 1 0
174 0 1 0
175 0 1 0
176 0 1 0
177 0 1 0
178 0 1 0
179 0 1 0
180 0 1 0
181 0 1 0
182 0 1 0
183 0 1 0
184 1 1 1
185 0 1 0
186 0 1 0
187 0 1 0
188 0 1 0
189 0 1 0
190 0 1 0
191 0 1 0
192 0 1 0
193 0 1 0
194 0 1 0
195 0 1 0
196 0 1 0
197 0 1 0
198 0 1 0
199 0 1 0
