0 0 1 0
1 0 1 0
2 4 1 2
3 37 1 6.08276
4 616 1 24.8193
5 1093 1 33.0606
6 1131 1 33.6303
7 1006 1 31.7175
8 893 1 29.8831
9 814 1 28.5307
10 826 1 28.7402
11 734 1 27.0924
12 667 1 25.8263
13 616 1 24.8193
14 563 1 23.7276
15 526 1 22.9347
16 524 1 22.891
17 492 1 22.1811
18 421 1 20.5183
19 388 1 19.6977
20 362 1 19.0263
21 360 1 18.9737
22 345 1 18.5742
23 295 1 17.1756
24 272 1 16.4924
25 270 1 16.4317
26 285 1 16.8819
27 232 1 15.2315
28 233 1 15.2643
29 206 1 14.3527
30 215 1 14.6629
31 195 1 13.9642
32 204 1 14.2829
33 178 1 13.3417
34 167 1 12.9228
35 166 1 12.8841
36 139 1 11.7898
37 120 1 10.9545
38 131 1 11.4455
39 120 1 10.9545
40 98 1 9.89949
41 100 1 10
42 96 1 9.79796
43 83 1 9.11043
44 81 1 9
45 74 1 8.60233
46 66 1 8.12404
47 78 1 8.83176
48 63 1 7.93725
49 66 1 8.12404
50 70 1 8.3666
51 70 1 8.3666
52 50 1 7.07107
53 58 1 7.61577
54 54 1 7.34847
55 46 1 6.78233
56 58 1 7.61577
57 49 1 7
58 50 1 7.07107
59 42 1 6.48074
60 37 1 6.08276
61 42 1 6.48074
62 35 1 5.91608
63 37 1 6.08276
64 26 1 5.09902
65 25 1 5
66 32 1 5.65685
67 29 1 5.38516
68 26 1 5.09902
69 26 1 5.09902
70 28 1 5.2915
71 20 1 4.47214
72 23 1 4.79583
73 26 1 5.09902
74 21 1 4.58258
75 26 1 5.09902
76 21 1 4.58258
77 16 1 4
78 14 1 3.74166
79 21 1 4.58258
80 17 1 4.12311
81 18 1 4.24264
82 17 1 4.12311
83 15 1 3.87298
84 14 1 3.74166
85 14 1 3.74166
86 10 1 3.16228
87 22 1 4.69042
88 16 1 4
89 16 1 4
90 12 1 3.4641
91 12 1 3.4641
92 13 1 3.60555
93 9 1 3
94 7 1 2.64575
95 8 1 2.82843
96 12 1 3.4641
97 12 1 3.4641
98 6 1 2.44949
99 4 1 2
100 7 1 2.64575
101 9 1 3
102 9 1 3
103 6 1 2.44949
104 8 1 2.82843
105 3 1 1.73205
106 8 1 2.82843
107 5 1 2.23607
108 9 1 3
109 6 1 2.44949
110 7 1 2.64575
111 8 1 2.82843
112 6 1 2.44949
113 4 1 2
114 6 1 2.44949
115 7 1 2.64575
116 4 1 2
117 3 1 1.73205
118 2 1 1.41421
119 4 1 2
120 2 1 1.41421
121 4 1 2
122 4 1 2
123 3 1 1.73205
124 3 1 1.73205
125 4 1 2
126 4 1 2
127 4 1 2
128 0 1 0
129 5 1 2.23607
130 4 1 2
131 3 1 1.73205
132 4 1 2
133 3 1 1.73205
134 2 1 1.41421
135 4 1 2
136 1 1 1
137 3 1 1.73205
138 0 1 0
139 2 1 1.41421
140 1 1 1
141 1 1 1
142 0 1 0
143 1 1 1
144 0 1 0
145 1 1 1
146 2 1 1.41421
147 4 1 2
148 1 1 1
149 2 1 1.41421
150 2 1 1.41421
151 2 1 1.41421
152 1 1 1
153 0 1 0
154 2 1 1.41421
155 1 1 1
156 3 1 1.73205
157 2 1 1.41421
158 0 1 0
159 3 1 1.73205
160 1 1 1
161 1 1 1
162 1 1 1
163 0 1 0
164 3 1 1.73205
165 2 1 1.41421
166 1 1 1
167 5 1 2.23607
168 0 1 0
169 1 1 1
170 1 1 1
171 1 1 1
172 2 1 1.41421
173 1 1 1
174 3 1 1.73205
175 0 1 0
176 0 1 0
177 2 1 1.41421
178 0 1 0
179 1 1 1
180 0 1 0
181 1 1 1
182 0 1 0
183 2 1 1.41421
184 2 1 1.41421
185 0 1 0
186 1 1 1
187 2 1 1.41421
188 1 1 1
189 0 1 0
190 0 1 0
191 1 1 1
192 0 1 0
193 0 1 0
194 0 1 0
195 1 1 1
196 0 1 0
197 0 1 0
198 2 1 1.41421
199 1 1 1
