0 0 1 0
1 0 1 0
2 9 1 3
3 69 1 8.30662
4 918 1 30.2985
5 1270 1 35.6371
6 1008 1 31.749
7 740 1 27.2029
8 461 1 21.4709
9 277 1 16.6433
10 223 1 14.9332
11 154 1 12.4097
12 96 1 9.79796
13 72 1 8.48528
14 65 1 8.06226
15 37 1 6.08276
16 31 1 5.56776
17 28 1 5.2915
18 23 1 4.79583
19 17 1 4.12311
20 21 1 4.58258
21 28 1 5.2915
22 21 1 4.58258
23 10 1 3.16228
24 10 1 3.16228
25 8 1 2.82843
26 11 1 3.31662
27 5 1 2.23607
28 6 1 2.44949
29 11 1 3.31662
30 8 1 2.82843
31 6 1 2.44949
32 5 1 2.23607
33 7 1 2.64575
34 7 1 2.64575
35 8 1 2.82843
36 8 1 2.82843
37 2 1 1.41421
38 4 1 2
39 3 1 1.73205
40 4 1 2
41 2 1 1.41421
42 0 1 0
43 1 1 1
44 1 1 1
45 2 1 1.41421
46 1 1 1
47 2 1 1.41421
48 2 1 1.41421
49 2 1 1.41421
50 0 1 0
51 1 1 1
52 1 1 1
53 1 1 1
54 0 1 0
55 1 1 1
56 0 1 0
57 0 1 0
58 0 1 0
59 0 1 0
60 0 1 0
61 0 1 0
62 2 1 1.41421
63 0 1 0
64 0 1 0
65 0 1 0
66 0 1 0
67 0 1 0
68 0 1 0
69 1 1 1
70 0 1 0
71 1 1 1
72 0 1 0
73 0 1 0
74 0 1 0
75 1 1 1
76 0 1 0
77 0 1 0
78 0 1 0
79 0 1 0
80 0 1 0
81 0 1 0
82 0 1 0
83 0 1 0
84 1 1 1
85 1 1 1
86 0 1 0
87 0 1 0
88 0 1 0
89 0 1 0
90 0 1 0
91 0 1 0
92 0 1 0
93 0 1 0
94 0 1 0
95 0 1 0
96 1 1 1
97 0 1 0
98 0 1 0
99 0 1 0
100 0 1 0
101 0 1 0
102 0 1 0
103 0 1 0
104 0 1 0
105 0 1 0
106 0 1 0
107 0 1 0
108 0 1 0
109 0 1 0
110 0 1 0
111 0 1 0
112 0 1 0
113 0 1 0
114 0 1 0
115 0 1 0
116 0 1 0
117 0 1 0
118 0 1 0
119 0 1 0
120 0 1 0
121 0 1 0
122 0 1 0
123 0 1 0
124 0 1 0
125 0 1 0
126 0 1 0
127 0 1 0
128 0 1 0
129 0 1 0
130 0 1 0
131 0 1 0
132 0 1 0
133 0 1 0
134 0 1 0
135 0 1 0
136 0 1 0
137 0 1 0
138 0 1 0
139 0 1 0
140 0 1 0
141 0 1 0
142 0 1 0
143 0 1 0
144 1 1 1
145 0 1 0
146 0 1 0
147 0 1 0
148 0 1 0
149 0 1 0
150 0 1 0
151 0 1 0
152 0 1 0
153 0 1 0
154 0 1 0
155 0 1 0
156 0 1 0
157 0 1 0
158 0 1 0
159 0 1 0
160 0 1 0
161 0 1 0
162 0 1 0
163 0 1 0
164 0 1 0
165 0 1 0
166 0 1 0
167 0 1 0
168 0 1 0
169 0 1 0
170 0 1 0
171 0 1 0
172 0 1 0
173 0 1 0
174 0 1 0
175 0 1 0
176 0 1 0
177 0 1 0
178 0 1 0
179 0 1 0
180 0 1 0
181 0 1 0
182 0 1 0
183 0 1 0
184 0 1 0
185 0 1 0
186 0 1 0
187 0 1 0
188 0 1 0
189 0 1 0
190 0 1 0
191 0 1 0
192 0 1 0
193 0 1 0
194 0 1 0
195 0 1 0
196 0 1 0
197 0 1 0
198 0 1 0
199 0 1 0
