0 0 1 0
1 0 1 0
2 11 1 3.31662
3 44 1 6.63325
4 658 1 25.6515
5 1475 1 38.4057
6 2106 1 45.8912
7 1995 1 44.6654
8 1676 1 40.939
9 1384 1 37.2022
10 1186 1 34.4384
11 1036 1 32.187
12 789 1 28.0891
13 718 1 26.7955
14 604 1 24.5764
15 489 1 22.1133
16 450 1 21.2132
17 394 1 19.8494
18 314 1 17.72
19 297 1 17.2337
20 265 1 16.2788
21 252 1 15.8745
22 233 1 15.2643
23 218 1 14.7648
24 166 1 12.8841
25 168 1 12.9615
26 169 1 13
27 158 1 12.5698
28 133 1 11.5326
29 111 1 10.5357
30 117 1 10.8167
31 111 1 10.5357
32 101 1 10.0499
33 95 1 9.74679
34 84 1 9.16515
35 96 1 9.79796
36 81 1 9
37 59 1 7.68115
38 65 1 8.06226
39 55 1 7.4162
40 68 1 8.24621
41 63 1 7.93725
42 43 1 6.55744
43 58 1 7.61577
44 51 1 7.14143
45 46 1 6.78233
46 36 1 6
47 54 1 7.34847
48 59 1 7.68115
49 36 1 6
50 46 1 6.78233
51 41 1 6.40312
52 40 1 6.32456
53 31 1 5.56776
54 35 1 5.91608
55 30 1 5.47723
56 26 1 5.09902
57 26 1 5.09902
58 29 1 5.38516
59 31 1 5.56776
60 30 1 5.47723
61 21 1 4.58258
62 21 1 4.58258
63 26 1 5.09902
64 24 1 4.89898
65 29 1 5.38516
66 21 1 4.58258
67 22 1 4.69042
68 20 1 4.47214
69 17 1 4.12311
70 32 1 5.65685
71 15 1 3.87298
72 24 1 4.89898
73 23 1 4.79583
74 11 1 3.31662
75 17 1 4.12311
76 16 1 4
77 20 1 4.47214
78 19 1 4.3589
79 15 1 3.87298
80 12 1 3.4641
81 21 1 4.58258
82 12 1 3.4641
83 7 1 2.64575
84 16 1 4
85 16 1 4
86 14 1 3.74166
87 13 1 3.60555
88 15 1 3.87298
89 9 1 3
90 11 1 3.31662
91 12 1 3.4641
92 10 1 3.16228
93 6 1 2.44949
94 14 1 3.74166
95 4 1 2
96 13 1 3.60555
97 8 1 2.82843
98 6 1 2.44949
99 8 1 2.82843
100 9 1 3
101 5 1 2.23607
102 7 1 2.64575
103 8 1 2.82843
104 6 1 2.44949
105 13 1 3.60555
106 12 1 3.4641
107 9 1 3
108 12 1 3.4641
109 3 1 1.73205
110 12 1 3.4641
111 7 1 2.64575
112 8 1 2.82843
113 6 1 2.44949
114 4 1 2
115 6 1 2.44949
116 4 1 2
117 9 1 3
118 9 1 3
119 4 1 2
120 7 1 2.64575
121 6 1 2.44949
122 4 1 2
123 6 1 2.44949
124 4 1 2
125 3 1 1.73205
126 6 1 2.44949
127 5 1 2.23607
128 9 1 3
129 4 1 2
130 4 1 2
131 6 1 2.44949
132 6 1 2.44949
133 2 1 1.41421
134 7 1 2.64575
135 7 1 2.64575
136 6 1 2.44949
137 8 1 2.82843
138 3 1 1.73205
139 2 1 1.41421
140 1 1 1
141 2 1 1.41421
142 3 1 1.73205
143 6 1 2.44949
144 4 1 2
145 2 1 1.41421
146 7 1 2.64575
147 5 1 2.23607
148 5 1 2.23607
149 4 1 2
150 6 1 2.44949
151 5 1 2.23607
152 2 1 1.41421
153 5 1 2.23607
154 2 1 1.41421
155 1 1 1
156 6 1 2.44949
157 5 1 2.23607
158 2 1 1.41421
159 5 1 2.23607
160 2 1 1.41421
161 2 1 1.41421
162 6 1 2.44949
163 0 1 0
164 4 1 2
165 1 1 1
166 1 1 1
167 6 1 2.44949
168 2 1 1.41421
169 4 1 2
170 3 1 1.73205
171 3 1 1.73205
172 2 1 1.41421
173 3 1 1.73205
174 1 1 1
175 2 1 1.41421
176 5 1 2.23607
177 4 1 2
178 3 1 1.73205
179 0 1 0
180 3 1 1.73205
181 3 1 1.73205
182 0 1 0
183 5 1 2.23607
184 4 1 2
185 3 1 1.73205
186 3 1 1.73205
187 3 1 1.73205
188 5 1 2.23607
189 2 1 1.41421
190 6 1 2.44949
191 2 1 1.41421
192 5 1 2.23607
193 4 1 2
194 3 1 1.73205
195 1 1 1
196 2 1 1.41421
197 1 1 1
198 3 1 1.73205
199 1 1 1
