0 0 1 0
1 0 1 0
2 9 1 3
3 34 1 5.83095
4 340 1 18.4391
5 562 1 23.7065
6 916 1 30.2655
7 1227 1 35.0286
8 1557 1 39.4588
9 1662 1 40.7676
10 1697 1 41.1947
11 1627 1 40.3361
12 1537 1 39.2046
13 1500 1 38.7298
14 1340 1 36.606
15 1277 1 35.7351
16 1218 1 34.8999
17 1082 1 32.8938
18 915 1 30.249
19 879 1 29.6479
20 798 1 28.2489
21 755 1 27.4773
22 635 1 25.1992
23 603 1 24.5561
24 530 1 23.0217
25 473 1 21.7486
26 421 1 20.5183
27 353 1 18.7883
28 282 1 16.7929
29 296 1 17.2047
30 261 1 16.1555
31 215 1 14.6629
32 217 1 14.7309
33 174 1 13.1909
34 170 1 13.0384
35 124 1 11.1355
36 98 1 9.89949
37 103 1 10.1489
38 96 1 9.79796
39 76 1 8.7178
40 74 1 8.60233
41 49 1 7
42 55 1 7.4162
43 68 1 8.24621
44 51 1 7.14143
45 51 1 7.14143
46 35 1 5.91608
47 38 1 6.16441
48 39 1 6.245
49 33 1 5.74456
50 26 1 5.09902
51 26 1 5.09902
52 31 1 5.56776
53 20 1 4.47214
54 18 1 4.24264
55 16 1 4
56 14 1 3.74166
57 18 1 4.24264
58 10 1 3.16228
59 6 1 2.44949
60 14 1 3.74166
61 11 1 3.31662
62 13 1 3.60555
63 9 1 3
64 6 1 2.44949
65 5 1 2.23607
66 6 1 2.44949
67 9 1 3
68 10 1 3.16228
69 6 1 2.44949
70 7 1 2.64575
71 8 1 2.82843
72 10 1 3.16228
73 6 1 2.44949
74 4 1 2
75 3 1 1.73205
76 2 1 1.41421
77 2 1 1.41421
78 9 1 3
79 4 1 2
80 3 1 1.73205
81 7 1 2.64575
82 2 1 1.41421
83 1 1 1
84 3 1 1.73205
85 5 1 2.23607
86 2 1 1.41421
87 1 1 1
88 3 1 1.73205
89 1 1 1
90 2 1 1.41421
91 2 1 1.41421
92 3 1 1.73205
93 1 1 1
94 0 1 0
95 2 1 1.41421
96 1 1 1
97 2 1 1.41421
98 1 1 1
99 0 1 0
100 0 1 0
101 3 1 1.73205
102 0 1 0
103 3 1 1.73205
104 1 1 1
105 2 1 1.41421
106 1 1 1
107 2 1 1.41421
108 0 1 0
109 1 1 1
110 1 1 1
111 0 1 0
112 1 1 1
113 1 1 1
114 1 1 1
115 1 1 1
116 1 1 1
117 1 1 1
118 0 1 0
119 2 1 1.41421
120 1 1 1
121 0 1 0
122 1 1 1
123 1 1 1
124 1 1 1
125 1 1 1
126 1 1 1
127 2 1 1.41421
128 0 1 0
129 0 1 0
130 0 1 0
131 0 1 0
132 1 1 1
133 0 1 0
134 1 1 1
135 0 1 0
136 0 1 0
137 0 1 0
138 0 1 0
139 1 1 1
140 0 1 0
141 0 1 0
142 0 1 0
143 1 1 1
144 0 1 0
145 1 1 1
146 0 1 0
147 0 1 0
148 0 1 0
149 0 1 0
150 0 1 0
151 0 1 0
152 0 1 0
153 0 1 0
154 1 1 1
155 0 1 0
156 0 1 0
157 0 1 0
158 0 1 0
159 0 1 0
160 0 1 0
161 0 1 0
162 0 1 0
163 0 1 0
164 0 1 0
165 0 1 0
166 0 1 0
167 0 1 0
168 0 1 0
169 0 1 0
170 0 1 0
171 0 1 0
172 0 1 0
173 0 1 0
174 0 1 0
175 0 1 0
176 0 1 0
177 0 1 0
178 0 1 0
179 0 1 0
180 0 1 0
181 0 1 0
182 0 1 0
183 0 1 0
184 0 1 0
185 0 1 0
186 0 1 0
187 0 1 0
188 0 1 0
189 0 1 0
190 0 1 0
191 0 1 0
192 0 1 0
193 0 1 0
194 0 1 0
195 0 1 0
196 0 1 0
197 0 1 0
198 0 1 0
199 0 1 0
