0 0 1 0
1 0 1 0
2 47 1 6.85565
3 205 1 14.3178
4 3197 1 56.542
5 4589 1 67.7422
6 4446 1 66.6783
7 3805 1 61.6847
8 2949 1 54.3047
9 2496 1 49.96
10 1997 1 44.6878
11 1546 1 39.3192
12 1274 1 35.6931
13 1075 1 32.7872
14 894 1 29.8998
15 758 1 27.5318
16 627 1 25.04
17 490 1 22.1359
18 391 1 19.7737
19 329 1 18.1384
20 295 1 17.1756
21 279 1 16.7033
22 217 1 14.7309
23 212 1 14.5602
24 173 1 13.1529
25 144 1 12
26 119 1 10.9087
27 115 1 10.7238
28 93 1 9.64365
29 75 1 8.66025
30 63 1 7.93725
31 69 1 8.30662
32 59 1 7.68115
33 53 1 7.28011
34 59 1 7.68115
35 37 1 6.08276
36 46 1 6.78233
37 31 1 5.56776
38 30 1 5.47723
39 22 1 4.69042
40 29 1 5.38516
41 32 1 5.65685
42 11 1 3.31662
43 18 1 4.24264
44 23 1 4.79583
45 14 1 3.74166
46 13 1 3.60555
47 13 1 3.60555
48 9 1 3
49 8 1 2.82843
50 7 1 2.64575
51 9 1 3
52 6 1 2.44949
53 6 1 2.44949
54 7 1 2.64575
55 6 1 2.44949
56 9 1 3
57 7 1 2.64575
58 2 1 1.41421
59 3 1 1.73205
60 0 1 0
61 5 1 2.23607
62 1 1 1
63 5 1 2.23607
64 7 1 2.64575
65 6 1 2.44949
66 4 1 2
67 1 1 1
68 5 1 2.23607
69 1 1 1
70 2 1 1.41421
71 2 1 1.41421
72 4 1 2
73 3 1 1.73205
74 1 1 1
75 1 1 1
76 1 1 1
77 1 1 1
78 2 1 1.41421
79 1 1 1
80 2 1 1.41421
81 2 1 1.41421
82 2 1 1.41421
83 2 1 1.41421
84 3 1 1.73205
85 1 1 1
86 1 1 1
87 2 1 1.41421
88 0 1 0
89 0 1 0
90 1 1 1
91 1 1 1
92 1 1 1
93 4 1 2
94 3 1 1.73205
95 1 1 1
96 0 1 0
97 0 1 0
98 1 1 1
99 1 1 1
100 0 1 0
101 0 1 0
102 2 1 1.41421
103 1 1 1
104 1 1 1
105 1 1 1
106 0 1 0
107 0 1 0
108 1 1 1
109 1 1 1
110 0 1 0
111 1 1 1
112 0 1 0
113 0 1 0
114 0 1 0
115 0 1 0
116 1 1 1
117 0 1 0
118 1 1 1
119 0 1 0
120 2 1 1.41421
121 0 1 0
122 1 1 1
123 1 1 1
124 0 1 0
125 0 1 0
126 0 1 0
127 0 1 0
128 0 1 0
129 0 1 0
130 0 1 0
131 1 1 1
132 0 1 0
133 0 1 0
134 0 1 0
135 0 1 0
136 0 1 0
137 0 1 0
138 0 1 0
139 0 1 0
140 0 1 0
141 0 1 0
142 0 1 0
143 0 1 0
144 0 1 0
145 0 1 0
146 0 1 0
147 0 1 0
148 0 1 0
149 1 1 1
150 0 1 0
151 0 1 0
152 0 1 0
153 0 1 0
154 0 1 0
155 0 1 0
156 0 1 0
157 0 1 0
158 0 1 0
159 1 1 1
160 0 1 0
161 0 1 0
162 0 1 0
163 0 1 0
164 0 1 0
165 0 1 0
166 0 1 0
167 0 1 0
168 0 1 0
169 0 1 0
170 0 1 0
171 1 1 1
172 0 1 0
173 1 1 1
174 0 1 0
175 0 1 0
176 1 1 1
177 0 1 0
178 0 1 0
179 0 1 0
180 1 1 1
181 0 1 0
182 0 1 0
183 0 1 0
184 0 1 0
185 0 1 0
186 0 1 0
187 0 1 0
188 0 1 0
189 0 1 0
190 0 1 0
191 0 1 0
192 0 1 0
193 0 1 0
194 1 1 1
195 0 1 0
196 0 1 0
197 0 1 0
198 0 1 0
199 0 1 0
