0 0 1 0
1 0 1 0
2 15 1 3.87298
3 133 1 11.5326
4 2230 1 47.2229
5 3328 1 57.6888
6 3388 1 58.2065
7 2704 1 52
8 2155 1 46.422
9 1639 1 40.4846
10 1357 1 36.8375
11 1103 1 33.2114
12 980 1 31.305
13 790 1 28.1069
14 773 1 27.8029
15 675 1 25.9808
16 558 1 23.622
17 515 1 22.6936
18 445 1 21.095
19 419 1 20.4695
20 404 1 20.0998
21 371 1 19.2614
22 350 1 18.7083
23 314 1 17.72
24 283 1 16.8226
25 247 1 15.7162
26 251 1 15.843
27 217 1 14.7309
28 236 1 15.3623
29 192 1 13.8564
30 195 1 13.9642
31 170 1 13.0384
32 154 1 12.4097
33 163 1 12.7671
34 145 1 12.0416
35 135 1 11.619
36 112 1 10.583
37 124 1 11.1355
38 118 1 10.8628
39 122 1 11.0454
40 115 1 10.7238
41 80 1 8.94427
42 98 1 9.89949
43 96 1 9.79796
44 93 1 9.64365
45 98 1 9.89949
46 104 1 10.198
47 79 1 8.88819
48 83 1 9.11043
49 86 1 9.27362
50 90 1 9.48683
51 66 1 8.12404
52 72 1 8.48528
53 76 1 8.7178
54 53 1 7.28011
55 68 1 8.24621
56 52 1 7.2111
57 62 1 7.87401
58 55 1 7.4162
59 57 1 7.54983
60 44 1 6.63325
61 53 1 7.28011
62 41 1 6.40312
63 53 1 7.28011
64 41 1 6.40312
65 47 1 6.85565
66 40 1 6.32456
67 31 1 5.56776
68 29 1 5.38516
69 46 1 6.78233
70 31 1 5.56776
71 35 1 5.91608
72 48 1 6.9282
73 33 1 5.74456
74 34 1 5.83095
75 21 1 4.58258
76 34 1 5.83095
77 22 1 4.69042
78 31 1 5.56776
79 25 1 5
80 23 1 4.79583
81 20 1 4.47214
82 24 1 4.89898
83 18 1 4.24264
84 26 1 5.09902
85 13 1 3.60555
86 11 1 3.31662
87 17 1 4.12311
88 19 1 4.3589
89 12 1 3.4641
90 17 1 4.12311
91 17 1 4.12311
92 18 1 4.24264
93 16 1 4
94 17 1 4.12311
95 13 1 3.60555
96 17 1 4.12311
97 12 1 3.4641
98 13 1 3.60555
99 12 1 3.4641
100 12 1 3.4641
101 13 1 3.60555
102 11 1 3.31662
103 6 1 2.44949
104 14 1 3.74166
105 14 1 3.74166
106 13 1 3.60555
107 18 1 4.24264
108 15 1 3.87298
109 14 1 3.74166
110 15 1 3.87298
111 10 1 3.16228
112 15 1 3.87298
113 12 1 3.4641
114 9 1 3
115 9 1 3
116 12 1 3.4641
117 10 1 3.16228
118 8 1 2.82843
119 9 1 3
120 7 1 2.64575
121 8 1 2.82843
122 3 1 1.73205
123 9 1 3
124 6 1 2.44949
125 4 1 2
126 1 1 1
127 10 1 3.16228
128 4 1 2
129 4 1 2
130 6 1 2.44949
131 3 1 1.73205
132 7 1 2.64575
133 5 1 2.23607
134 3 1 1.73205
135 8 1 2.82843
136 2 1 1.41421
137 3 1 1.73205
138 5 1 2.23607
139 3 1 1.73205
140 2 1 1.41421
141 5 1 2.23607
142 4 1 2
143 3 1 1.73205
144 2 1 1.41421
145 4 1 2
146 5 1 2.23607
147 4 1 2
148 1 1 1
149 2 1 1.41421
150 2 1 1.41421
151 1 1 1
152 5 1 2.23607
153 4 1 2
154 5 1 2.23607
155 5 1 2.23607
156 3 1 1.73205
157 0 1 0
158 2 1 1.41421
159 4 1 2
160 3 1 1.73205
161 2 1 1.41421
162 1 1 1
163 0 1 0
164 3 1 1.73205
165 4 1 2
166 3 1 1.73205
167 2 1 1.41421
168 0 1 0
169 0 1 0
170 3 1 1.73205
171 0 1 0
172 1 1 1
173 1 1 1
174 2 1 1.41421
175 1 1 1
176 3 1 1.73205
177 0 1 0
178 3 1 1.73205
179 5 1 2.23607
180 1 1 1
181 1 1 1
182 1 1 1
183 3 1 1.73205
184 1 1 1
185 4 1 2
186 0 1 0
187 1 1 1
188 5 1 2.23607
189 1 1 1
190 3 1 1.73205
191 3 1 1.73205
192 2 1 1.41421
193 1 1 1
194 2 1 1.41421
195 0 1 0
196 1 1 1
197 4 1 2
198 1 1 1
199 0 1 0
