0 0 1 0
1 0 1 0
2 5 1 2.23607
3 40 1 6.32456
4 701 1 26.4764
5 878 1 29.6311
6 740 1 27.2029
7 475 1 21.7945
8 347 1 18.6279
9 226 1 15.0333
10 161 1 12.6886
11 125 1 11.1803
12 90 1 9.48683
13 68 1 8.24621
14 44 1 6.63325
15 52 1 7.2111
16 45 1 6.7082
17 39 1 6.245
18 37 1 6.08276
19 36 1 6
20 27 1 5.19615
21 30 1 5.47723
22 25 1 5
23 26 1 5.09902
24 25 1 5
25 25 1 5
26 18 1 4.24264
27 23 1 4.79583
28 18 1 4.24264
29 22 1 4.69042
30 25 1 5
31 21 1 4.58258
32 19 1 4.3589
33 18 1 4.24264
34 26 1 5.09902
35 20 1 4.47214
36 23 1 4.79583
37 13 1 3.60555
38 17 1 4.12311
39 10 1 3.16228
40 15 1 3.87298
41 15 1 3.87298
42 14 1 3.74166
43 16 1 4
44 5 1 2.23607
45 6 1 2.44949
46 9 1 3
47 13 1 3.60555
48 10 1 3.16228
49 5 1 2.23607
50 6 1 2.44949
51 11 1 3.31662
52 10 1 3.16228
53 7 1 2.64575
54 13 1 3.60555
55 9 1 3
56 4 1 2
57 7 1 2.64575
58 4 1 2
59 10 1 3.16228
60 7 1 2.64575
61 9 1 3
62 5 1 2.23607
63 12 1 3.4641
64 2 1 1.41421
65 5 1 2.23607
66 8 1 2.82843
67 8 1 2.82843
68 6 1 2.44949
69 5 1 2.23607
70 7 1 2.64575
71 5 1 2.23607
72 3 1 1.73205
73 2 1 1.41421
74 4 1 2
75 8 1 2.82843
76 2 1 1.41421
77 3 1 1.73205
78 1 1 1
79 6 1 2.44949
80 4 1 2
81 3 1 1.73205
82 1 1 1
83 5 1 2.23607
84 3 1 1.73205
85 1 1 1
86 2 1 1.41421
87 1 1 1
88 3 1 1.73205
89 4 1 2
90 0 1 0
91 0 1 0
92 4 1 2
93 3 1 1.73205
94 0 1 0
95 2 1 1.41421
96 0 1 0
97 0 1 0
98 0 1 0
99 0 1 0
100 0 1 0
101 1 1 1
102 0 1 0
103 0 1 0
104 1 1 1
105 0 1 0
106 0 1 0
107 0 1 0
108 0 1 0
109 0 1 0
110 0 1 0
111 0 1 0
112 0 1 0
113 0 1 0
114 0 1 0
115 0 1 0
116 0 1 0
117 0 1 0
118 0 1 0
119 0 1 0
120 0 1 0
121 0 1 0
122 0 1 0
123 0 1 0
124 0 1 0
125 0 1 0
126 0 1 0
127 0 1 0
128 0 1 0
129 0 1 0
130 0 1 0
131 0 1 0
132 0 1 0
133 0 1 0
134 0 1 0
135 0 1 0
136 0 1 0
137 0 1 0
138 0 1 0
139 0 1 0
140 0 1 0
141 0 1 0
142 0 1 0
143 0 1 0
144 0 1 0
145 0 1 0
146 0 1 0
147 0 1 0
148 0 1 0
149 1 1 1
150 0 1 0
151 0 1 0
152 0 1 0
153 0 1 0
154 0 1 0
155 0 1 0
156 0 1 0
157 0 1 0
158 0 1 0
159 0 1 0
160 0 1 0
161 0 1 0
162 0 1 0
163 0 1 0
164 0 1 0
165 0 1 0
166 0 1 0
167 0 1 0
168 0 1 0
169 0 1 0
170 0 1 0
171 0 1 0
172 0 1 0
173 0 1 0
174 0 1 0
175 0 1 0
176 0 1 0
177 0 1 0
178 0 1 0
179 0 1 0
180 0 1 0
181 0 1 0
182 0 1 0
183 0 1 0
184 0 1 0
185 0 1 0
186 0 1 0
187 0 1 0
188 0 1 0
189 0 1 0
190 0 1 0
191 0 1 0
192 0 1 0
193 0 1 0
194 0 1 0
195 0 1 0
196 0 1 0
197 0 1 0
198 0 1 0
199 0 1 0
