0 0 1 0
1 0 1 0
2 0 1 0
3 2 1 1.41421
4 26 1 5.09902
5 80 1 8.94427
6 95 1 9.74679
7 69 1 8.30662
8 59 1 7.68115
9 37 1 6.08276
10 24 1 4.89898
11 24 1 4.89898
12 9 1 3
13 11 1 3.31662
14 14 1 3.74166
15 5 1 2.23607
16 7 1 2.64575
17 10 1 3.16228
18 4 1 2
19 1 1 1
20 4 1 2
21 6 1 2.44949
22 1 1 1
23 4 1 2
24 2 1 1.41421
25 2 1 1.41421
26 2 1 1.41421
27 1 1 1
28 3 1 1.73205
29 4 1 2
30 1 1 1
31 2 1 1.41421
32 2 1 1.41421
33 0 1 0
34 2 1 1.41421
35 2 1 1.41421
36 0 1 0
37 0 1 0
38 0 1 0
39 0 1 0
40 1 1 1
41 0 1 0
42 0 1 0
43 0 1 0
44 0 1 0
45 0 1 0
46 0 1 0
47 2 1 1.41421
48 0 1 0
49 0 1 0
50 0 1 0
51 0 1 0
52 1 1 1
53 0 1 0
54 0 1 0
55 0 1 0
56 1 1 1
57 1 1 1
58 0 1 0
59 1 1 1
60 0 1 0
61 0 1 0
62 0 1 0
63 0 1 0
64 0 1 0
65 0 1 0
66 1 1 1
67 1 1 1
68 0 1 0
69 0 1 0
70 1 1 1
71 1 1 1
72 0 1 0
73 0 1 0
74 0 1 0
75 0 1 0
76 0 1 0
77 1 1 1
78 0 1 0
79 0 1 0
80 0 1 0
81 0 1 0
82 0 1 0
83 0 1 0
84 0 1 0
85 0 1 0
86 0 1 0
87 0 1 0
88 0 1 0
89 0 1 0
90 0 1 0
91 0 1 0
92 1 1 1
93 0 1 0
94 0 1 0
95 0 1 0
96 1 1 1
97 0 1 0
98 0 1 0
99 0 1 0
100 0 1 0
101 0 1 0
102 0 1 0
103 0 1 0
104 0 1 0
105 0 1 0
106 1 1 1
107 0 1 0
108 0 1 0
109 0 1 0
110 0 1 0
111 0 1 0
112 0 1 0
113 0 1 0
114 0 1 0
115 0 1 0
116 0 1 0
117 0 1 0
118 0 1 0
119 0 1 0
120 0 1 0
121 0 1 0
122 0 1 0
123 0 1 0
124 0 1 0
125 0 1 0
126 0 1 0
127 0 1 0
128 0 1 0
129 0 1 0
130 0 1 0
131 0 1 0
132 0 1 0
133 0 1 0
134 0 1 0
135 0 1 0
136 0 1 0
137 0 1 0
138 0 1 0
139 0 1 0
140 0 1 0
141 0 1 0
142 0 1 0
143 0 1 0
144 0 1 0
145 0 1 0
146 0 1 0
147 0 1 0
148 0 1 0
149 0 1 0
150 0 1 0
151 0 1 0
152 0 1 0
153 0 1 0
154 0 1 0
155 0 1 0
156 0 1 0
157 0 1 0
158 0 1 0
159 0 1 0
160 0 1 0
161 0 1 0
162 0 1 0
163 0 1 0
164 0 1 0
165 0 1 0
166 0 1 0
167 0 1 0
168 0 1 0
169 0 1 0
170 0 1 0
171 0 1 0
172 0 1 0
173 0 1 0
174 0 1 0
175 0 1 0
176 0 1 0
177 0 1 0
178 0 1 0
179 0 1 0
180 0 1 0
181 0 1 0
182 0 1 0
183 0 1 0
184 0 1 0
185 0 1 0
186 0 1 0
187 0 1 0
188 0 1 0
189 0 1 0
190 0 1 0
191 0 1 0
192 0 1 0
193 0 1 0
194 0 1 0
195 0 1 0
196 0 1 0
197 0 1 0
198 0 1 0
199 0 1 0
