0 0 1 0
1 0 1 0
2 5 1 2.23607
3 21 1 4.58258
4 344 1 18.5472
5 784 1 28
6 1130 1 33.6155
7 1061 1 32.573
8 926 1 30.4302
9 791 1 28.1247
10 697 1 26.4008
11 605 1 24.5967
12 463 1 21.5174
13 412 1 20.2978
14 357 1 18.8944
15 268 1 16.3707
16 255 1 15.9687
17 226 1 15.0333
18 189 1 13.7477
19 163 1 12.7671
20 139 1 11.7898
21 145 1 12.0416
22 121 1 11
23 121 1 11
24 86 1 9.27362
25 84 1 9.16515
26 78 1 8.83176
27 80 1 8.94427
28 72 1 8.48528
29 56 1 7.48331
30 56 1 7.48331
31 41 1 6.40312
32 46 1 6.78233
33 35 1 5.91608
34 31 1 5.56776
35 44 1 6.63325
36 33 1 5.74456
37 23 1 4.79583
38 24 1 4.89898
39 21 1 4.58258
40 24 1 4.89898
41 24 1 4.89898
42 20 1 4.47214
43 23 1 4.79583
44 15 1 3.87298
45 19 1 4.3589
46 13 1 3.60555
47 22 1 4.69042
48 19 1 4.3589
49 13 1 3.60555
50 25 1 5
51 14 1 3.74166
52 10 1 3.16228
53 15 1 3.87298
54 9 1 3
55 10 1 3.16228
56 8 1 2.82843
57 9 1 3
58 12 1 3.4641
59 8 1 2.82843
60 7 1 2.64575
61 6 1 2.44949
62 6 1 2.44949
63 12 1 3.4641
64 7 1 2.64575
65 8 1 2.82843
66 5 1 2.23607
67 4 1 2
68 1 1 1
69 2 1 1.41421
70 10 1 3.16228
71 5 1 2.23607
72 7 1 2.64575
73 9 1 3
74 2 1 1.41421
75 2 1 1.41421
76 5 1 2.23607
77 3 1 1.73205
78 2 1 1.41421
79 4 1 2
80 4 1 2
81 4 1 2
82 1 1 1
83 1 1 1
84 4 1 2
85 2 1 1.41421
86 4 1 2
87 1 1 1
88 3 1 1.73205
89 1 1 1
90 2 1 1.41421
91 3 1 1.73205
92 1 1 1
93 1 1 1
94 3 1 1.73205
95 1 1 1
96 2 1 1.41421
97 0 1 0
98 1 1 1
99 2 1 1.41421
100 0 1 0
101 1 1 1
102 1 1 1
103 1 1 1
104 1 1 1
105 0 1 0
106 1 1 1
107 1 1 1
108 2 1 1.41421
109 0 1 0
110 0 1 0
111 1 1 1
112 0 1 0
113 1 1 1
114 1 1 1
115 2 1 1.41421
116 1 1 1
117 1 1 1
118 1 1 1
119 0 1 0
120 0 1 0
121 0 1 0
122 0 1 0
123 0 1 0
124 1 1 1
125 1 1 1
126 2 1 1.41421
127 2 1 1.41421
128 1 1 1
129 0 1 0
130 0 1 0
131 0 1 0
132 0 1 0
133 0 1 0
134 0 1 0
135 0 1 0
136 0 1 0
137 1 1 1
138 0 1 0
139 0 1 0
140 0 1 0
141 0 1 0
142 0 1 0
143 0 1 0
144 0 1 0
145 1 1 1
146 0 1 0
147 1 1 1
148 2 1 1.41421
149 0 1 0
150 1 1 1
151 0 1 0
152 1 1 1
153 0 1 0
154 0 1 0
155 0 1 0
156 0 1 0
157 1 1 1
158 0 1 0
159 1 1 1
160 0 1 0
161 0 1 0
162 0 1 0
163 0 1 0
164 0 1 0
165 0 1 0
166 0 1 0
167 0 1 0
168 0 1 0
169 0 1 0
170 0 1 0
171 0 1 0
172 0 1 0
173 0 1 0
174 0 1 0
175 0 1 0
176 0 1 0
177 0 1 0
178 0 1 0
179 0 1 0
180 0 1 0
181 0 1 0
182 0 1 0
183 0 1 0
184 0 1 0
185 0 1 0
186 0 1 0
187 0 1 0
188 1 1 1
189 0 1 0
190 0 1 0
191 0 1 0
192 0 1 0
193 0 1 0
194 0 1 0
195 0 1 0
196 1 1 1
197 0 1 0
198 0 1 0
199 1 1 1
