0 0 1 0
1 0 1 0
2 12 1 3.4641
3 187 1 13.6748
4 3159 1 56.205
5 5101 1 71.4213
6 5140 1 71.6938
7 4349 1 65.9469
8 3469 1 58.8982
9 2766 1 52.5928
10 2260 1 47.5395
11 1731 1 41.6053
12 1442 1 37.9737
13 1139 1 33.7491
14 963 1 31.0322
15 821 1 28.6531
16 657 1 25.632
17 557 1 23.6008
18 453 1 21.2838
19 413 1 20.3224
20 341 1 18.4662
21 310 1 17.6068
22 249 1 15.7797
23 204 1 14.2829
24 189 1 13.7477
25 160 1 12.6491
26 128 1 11.3137
27 117 1 10.8167
28 110 1 10.4881
29 88 1 9.38083
30 93 1 9.64365
31 59 1 7.68115
32 60 1 7.74597
33 52 1 7.2111
34 46 1 6.78233
35 36 1 6
36 36 1 6
37 31 1 5.56776
38 30 1 5.47723
39 31 1 5.56776
40 25 1 5
41 28 1 5.2915
42 26 1 5.09902
43 13 1 3.60555
44 14 1 3.74166
45 21 1 4.58258
46 11 1 3.31662
47 13 1 3.60555
48 10 1 3.16228
49 7 1 2.64575
50 13 1 3.60555
51 8 1 2.82843
52 11 1 3.31662
53 10 1 3.16228
54 7 1 2.64575
55 8 1 2.82843
56 4 1 2
57 5 1 2.23607
58 3 1 1.73205
59 8 1 2.82843
60 6 1 2.44949
61 7 1 2.64575
62 3 1 1.73205
63 2 1 1.41421
64 4 1 2
65 6 1 2.44949
66 2 1 1.41421
67 2 1 1.41421
68 2 1 1.41421
69 4 1 2
70 0 1 0
71 2 1 1.41421
72 1 1 1
73 2 1 1.41421
74 2 1 1.41421
75 1 1 1
76 3 1 1.73205
77 2 1 1.41421
78 3 1 1.73205
79 1 1 1
80 4 1 2
81 2 1 1.41421
82 0 1 0
83 1 1 1
84 3 1 1.73205
85 2 1 1.41421
86 4 1 2
87 0 1 0
88 1 1 1
89 1 1 1
90 1 1 1
91 1 1 1
92 1 1 1
93 2 1 1.41421
94 0 1 0
95 0 1 0
96 0 1 0
97 1 1 1
98 0 1 0
99 1 1 1
100 1 1 1
101 1 1 1
102 0 1 0
103 1 1 1
104 1 1 1
105 1 1 1
106 0 1 0
107 2 1 1.41421
108 1 1 1
109 2 1 1.41421
110 2 1 1.41421
111 0 1 0
112 1 1 1
113 0 1 0
114 0 1 0
115 0 1 0
116 1 1 1
117 0 1 0
118 0 1 0
119 0 1 0
120 1 1 1
121 0 1 0
122 0 1 0
123 0 1 0
124 0 1 0
125 0 1 0
126 0 1 0
127 0 1 0
128 0 1 0
129 0 1 0
130 0 1 0
131 1 1 1
132 1 1 1
133 0 1 0
134 0 1 0
135 0 1 0
136 0 1 0
137 0 1 0
138 0 1 0
139 0 1 0
140 0 1 0
141 1 1 1
142 0 1 0
143 0 1 0
144 1 1 1
145 0 1 0
146 0 1 0
147 1 1 1
148 0 1 0
149 0 1 0
150 0 1 0
151 0 1 0
152 0 1 0
153 0 1 0
154 0 1 0
155 0 1 0
156 0 1 0
157 0 1 0
158 0 1 0
159 0 1 0
160 0 1 0
161 0 1 0
162 1 1 1
163 0 1 0
164 0 1 0
165 0 1 0
166 0 1 0
167 0 1 0
168 0 1 0
169 0 1 0
170 0 1 0
171 0 1 0
172 0 1 0
173 0 1 0
174 0 1 0
175 0 1 0
176 0 1 0
177 0 1 0
178 0 1 0
179 0 1 0
180 0 1 0
181 0 1 0
182 0 1 0
183 0 1 0
184 0 1 0
185 0 1 0
186 0 1 0
187 0 1 0
188 0 1 0
189 0 1 0
190 0 1 0
191 1 1 1
192 0 1 0
193 0 1 0
194 0 1 0
195 0 1 0
196 0 1 0
197 0 1 0
198 0 1 0
199 0 1 0
