0 0 1 0
1 0 1 0
2 1 1 1
3 3 1 1.73205
4 78 1 8.83176
5 90 1 9.48683
6 106 1 10.2956
7 65 1 8.06226
8 71 1 8.42615
9 62 1 7.87401
10 42 1 6.48074
11 41 1 6.40312
12 46 1 6.78233
13 55 1 7.4162
14 52 1 7.2111
15 58 1 7.61577
16 50 1 7.07107
17 54 1 7.34847
18 56 1 7.48331
19 50 1 7.07107
20 56 1 7.48331
21 55 1 7.4162
22 53 1 7.28011
23 43 1 6.55744
24 52 1 7.2111
25 44 1 6.63325
26 33 1 5.74456
27 55 1 7.4162
28 48 1 6.9282
29 48 1 6.9282
30 63 1 7.93725
31 36 1 6
32 46 1 6.78233
33 53 1 7.28011
34 54 1 7.34847
35 46 1 6.78233
36 35 1 5.91608
37 33 1 5.74456
38 48 1 6.9282
39 30 1 5.47723
40 44 1 6.63325
41 32 1 5.65685
42 40 1 6.32456
43 37 1 6.08276
44 33 1 5.74456
45 35 1 5.91608
46 42 1 6.48074
47 32 1 5.65685
48 49 1 7
49 41 1 6.40312
50 40 1 6.32456
51 33 1 5.74456
52 38 1 6.16441
53 42 1 6.48074
54 40 1 6.32456
55 38 1 6.16441
56 28 1 5.2915
57 33 1 5.74456
58 35 1 5.91608
59 43 1 6.55744
60 30 1 5.47723
61 40 1 6.32456
62 19 1 4.3589
63 47 1 6.85565
64 27 1 5.19615
65 37 1 6.08276
66 38 1 6.16441
67 25 1 5
68 29 1 5.38516
69 35 1 5.91608
70 30 1 5.47723
71 27 1 5.19615
72 37 1 6.08276
73 30 1 5.47723
74 28 1 5.2915
75 28 1 5.2915
76 26 1 5.09902
77 26 1 5.09902
78 26 1 5.09902
79 28 1 5.2915
80 26 1 5.09902
81 18 1 4.24264
82 27 1 5.19615
83 22 1 4.69042
84 24 1 4.89898
85 17 1 4.12311
86 20 1 4.47214
87 21 1 4.58258
88 19 1 4.3589
89 19 1 4.3589
90 14 1 3.74166
91 21 1 4.58258
92 19 1 4.3589
93 18 1 4.24264
94 17 1 4.12311
95 16 1 4
96 18 1 4.24264
97 11 1 3.31662
98 12 1 3.4641
99 17 1 4.12311
100 15 1 3.87298
101 19 1 4.3589
102 11 1 3.31662
103 10 1 3.16228
104 15 1 3.87298
105 15 1 3.87298
106 15 1 3.87298
107 15 1 3.87298
108 12 1 3.4641
109 14 1 3.74166
110 23 1 4.79583
111 15 1 3.87298
112 17 1 4.12311
113 16 1 4
114 15 1 3.87298
115 9 1 3
116 18 1 4.24264
117 10 1 3.16228
118 13 1 3.60555
119 12 1 3.4641
120 11 1 3.31662
121 6 1 2.44949
122 7 1 2.64575
123 10 1 3.16228
124 8 1 2.82843
125 5 1 2.23607
126 7 1 2.64575
127 12 1 3.4641
128 10 1 3.16228
129 11 1 3.31662
130 7 1 2.64575
131 8 1 2.82843
132 7 1 2.64575
133 12 1 3.4641
134 13 1 3.60555
135 11 1 3.31662
136 7 1 2.64575
137 7 1 2.64575
138 7 1 2.64575
139 7 1 2.64575
140 5 1 2.23607
141 5 1 2.23607
142 7 1 2.64575
143 9 1 3
144 9 1 3
145 3 1 1.73205
146 7 1 2.64575
147 5 1 2.23607
148 3 1 1.73205
149 4 1 2
150 2 1 1.41421
151 6 1 2.44949
152 4 1 2
153 6 1 2.44949
154 6 1 2.44949
155 4 1 2
156 2 1 1.41421
157 5 1 2.23607
158 4 1 2
159 10 1 3.16228
160 3 1 1.73205
161 3 1 1.73205
162 3 1 1.73205
163 2 1 1.41421
164 6 1 2.44949
165 3 1 1.73205
166 2 1 1.41421
167 4 1 2
168 3 1 1.73205
169 3 1 1.73205
170 3 1 1.73205
171 2 1 1.41421
172 2 1 1.41421
173 2 1 1.41421
174 4 1 2
175 2 1 1.41421
176 4 1 2
177 1 1 1
178 3 1 1.73205
179 2 1 1.41421
180 2 1 1.41421
181 2 1 1.41421
182 0 1 0
183 3 1 1.73205
184 6 1 2.44949
185 1 1 1
186 2 1 1.41421
187 1 1 1
188 5 1 2.23607
189 2 1 1.41421
190 3 1 1.73205
191 0 1 0
192 2 1 1.41421
193 2 1 1.41421
194 6 1 2.44949
195 0 1 0
196 0 1 0
197 1 1 1
198 0 1 0
199 0 1 0
