0 0 1 0
1 0 1 0
2 2 1 1.41421
3 4 1 2
4 111 1 10.5357
5 174 1 13.1909
6 244 1 15.6205
7 299 1 17.2916
8 341 1 18.4662
9 385 1 19.6214
10 430 1 20.7364
11 483 1 21.9773
12 499 1 22.3383
13 453 1 21.2838
14 419 1 20.4695
15 449 1 21.1896
16 475 1 21.7945
17 388 1 19.6977
18 430 1 20.7364
19 365 1 19.105
20 331 1 18.1934
21 343 1 18.5203
22 301 1 17.3494
23 274 1 16.5529
24 275 1 16.5831
25 264 1 16.2481
26 302 1 17.3781
27 243 1 15.5885
28 222 1 14.8997
29 253 1 15.906
30 226 1 15.0333
31 215 1 14.6629
32 172 1 13.1149
33 196 1 14
34 176 1 13.2665
35 167 1 12.9228
36 148 1 12.1655
37 147 1 12.1244
38 156 1 12.49
39 136 1 11.6619
40 127 1 11.2694
41 138 1 11.7473
42 107 1 10.3441
43 108 1 10.3923
44 86 1 9.27362
45 97 1 9.84886
46 85 1 9.21954
47 89 1 9.43398
48 78 1 8.83176
49 74 1 8.60233
50 69 1 8.30662
51 75 1 8.66025
52 77 1 8.77496
53 57 1 7.54983
54 53 1 7.28011
55 60 1 7.74597
56 57 1 7.54983
57 52 1 7.2111
58 61 1 7.81025
59 47 1 6.85565
60 53 1 7.28011
61 48 1 6.9282
62 53 1 7.28011
63 43 1 6.55744
64 46 1 6.78233
65 28 1 5.2915
66 30 1 5.47723
67 35 1 5.91608
68 24 1 4.89898
69 40 1 6.32456
70 36 1 6
71 35 1 5.91608
72 31 1 5.56776
73 29 1 5.38516
74 31 1 5.56776
75 31 1 5.56776
76 24 1 4.89898
77 27 1 5.19615
78 21 1 4.58258
79 23 1 4.79583
80 23 1 4.79583
81 23 1 4.79583
82 18 1 4.24264
83 16 1 4
84 17 1 4.12311
85 10 1 3.16228
86 16 1 4
87 22 1 4.69042
88 17 1 4.12311
89 19 1 4.3589
90 20 1 4.47214
91 17 1 4.12311
92 17 1 4.12311
93 22 1 4.69042
94 10 1 3.16228
95 14 1 3.74166
96 13 1 3.60555
97 9 1 3
98 17 1 4.12311
99 12 1 3.4641
100 15 1 3.87298
101 9 1 3
102 10 1 3.16228
103 7 1 2.64575
104 14 1 3.74166
105 13 1 3.60555
106 6 1 2.44949
107 10 1 3.16228
108 11 1 3.31662
109 6 1 2.44949
110 6 1 2.44949
111 10 1 3.16228
112 6 1 2.44949
113 8 1 2.82843
114 8 1 2.82843
115 9 1 3
116 8 1 2.82843
117 8 1 2.82843
118 6 1 2.44949
119 5 1 2.23607
120 4 1 2
121 7 1 2.64575
122 8 1 2.82843
123 7 1 2.64575
124 5 1 2.23607
125 4 1 2
126 7 1 2.64575
127 3 1 1.73205
128 5 1 2.23607
129 1 1 1
130 6 1 2.44949
131 8 1 2.82843
132 5 1 2.23607
133 3 1 1.73205
134 4 1 2
135 4 1 2
136 2 1 1.41421
137 2 1 1.41421
138 3 1 1.73205
139 3 1 1.73205
140 2 1 1.41421
141 8 1 2.82843
142 7 1 2.64575
143 6 1 2.44949
144 1 1 1
145 2 1 1.41421
146 4 1 2
147 3 1 1.73205
148 5 1 2.23607
149 0 1 0
150 1 1 1
151 1 1 1
152 6 1 2.44949
153 3 1 1.73205
154 4 1 2
155 1 1 1
156 0 1 0
157 2 1 1.41421
158 3 1 1.73205
159 0 1 0
160 2 1 1.41421
161 1 1 1
162 2 1 1.41421
163 1 1 1
164 1 1 1
165 0 1 0
166 0 1 0
167 3 1 1.73205
168 4 1 2
169 1 1 1
170 1 1 1
171 1 1 1
172 0 1 0
173 3 1 1.73205
174 0 1 0
175 5 1 2.23607
176 2 1 1.41421
177 3 1 1.73205
178 1 1 1
179 2 1 1.41421
180 1 1 1
181 2 1 1.41421
182 1 1 1
183 0 1 0
184 3 1 1.73205
185 2 1 1.41421
186 2 1 1.41421
187 0 1 0
188 1 1 1
189 2 1 1.41421
190 3 1 1.73205
191 0 1 0
192 1 1 1
193 1 1 1
194 1 1 1
195 3 1 1.73205
196 2 1 1.41421
197 0 1 0
198 1 1 1
199 0 1 0
