0 0 1 0
1 0 1 0
2 23 1 4.79583
3 283 1 16.8226
4 4856 1 69.685
5 7461 1 86.3771
6 7371 1 85.8545
7 5994 1 77.4209
8 4858 1 69.6994
9 3805 1 61.6847
10 3132 1 55.9643
11 2499 1 49.99
12 2160 1 46.4758
13 1802 1 42.45
14 1586 1 39.8246
15 1487 1 38.5616
16 1228 1 35.0428
17 1115 1 33.3916
18 1015 1 31.8591
19 917 1 30.282
20 836 1 28.9137
21 780 1 27.9285
22 714 1 26.7208
23 654 1 25.5734
24 625 1 25
25 560 1 23.6643
26 498 1 22.3159
27 449 1 21.1896
28 459 1 21.4243
29 423 1 20.567
30 411 1 20.2731
31 372 1 19.2873
32 317 1 17.8045
33 328 1 18.1108
34 342 1 18.4932
35 263 1 16.2173
36 253 1 15.906
37 242 1 15.5563
38 256 1 16
39 232 1 15.2315
40 242 1 15.5563
41 215 1 14.6629
42 199 1 14.1067
43 190 1 13.784
44 181 1 13.4536
45 181 1 13.4536
46 180 1 13.4164
47 164 1 12.8062
48 169 1 13
49 157 1 12.53
50 146 1 12.083
51 128 1 11.3137
52 137 1 11.7047
53 143 1 11.9583
54 118 1 10.8628
55 135 1 11.619
56 88 1 9.38083
57 116 1 10.7703
58 103 1 10.1489
59 111 1 10.5357
60 90 1 9.48683
61 111 1 10.5357
62 71 1 8.42615
63 97 1 9.84886
64 78 1 8.83176
65 96 1 9.79796
66 88 1 9.38083
67 71 1 8.42615
68 59 1 7.68115
69 85 1 9.21954
70 66 1 8.12404
71 77 1 8.77496
72 81 1 9
73 62 1 7.87401
74 69 1 8.30662
75 47 1 6.85565
76 51 1 7.14143
77 46 1 6.78233
78 59 1 7.68115
79 54 1 7.34847
80 49 1 7
81 47 1 6.85565
82 49 1 7
83 45 1 6.7082
84 48 1 6.9282
85 27 1 5.19615
86 37 1 6.08276
87 39 1 6.245
88 41 1 6.40312
89 35 1 5.91608
90 30 1 5.47723
91 34 1 5.83095
92 35 1 5.91608
93 33 1 5.74456
94 28 1 5.2915
95 25 1 5
96 27 1 5.19615
97 22 1 4.69042
98 21 1 4.58258
99 25 1 5
100 26 1 5.09902
101 27 1 5.19615
102 23 1 4.79583
103 15 1 3.87298
104 23 1 4.79583
105 24 1 4.89898
106 24 1 4.89898
107 27 1 5.19615
108 26 1 5.09902
109 20 1 4.47214
110 34 1 5.83095
111 21 1 4.58258
112 27 1 5.19615
113 22 1 4.69042
114 19 1 4.3589
115 15 1 3.87298
116 23 1 4.79583
117 20 1 4.47214
118 17 1 4.12311
119 21 1 4.58258
120 19 1 4.3589
121 13 1 3.60555
122 9 1 3
123 14 1 3.74166
124 13 1 3.60555
125 9 1 3
126 7 1 2.64575
127 15 1 3.87298
128 16 1 4
129 17 1 4.12311
130 12 1 3.4641
131 11 1 3.31662
132 13 1 3.60555
133 16 1 4
134 15 1 3.87298
135 16 1 4
136 9 1 3
137 10 1 3.16228
138 10 1 3.16228
139 10 1 3.16228
140 8 1 2.82843
141 9 1 3
142 13 1 3.60555
143 11 1 3.31662
144 12 1 3.4641
145 9 1 3
146 11 1 3.31662
147 10 1 3.16228
148 6 1 2.44949
149 6 1 2.44949
150 4 1 2
151 7 1 2.64575
152 8 1 2.82843
153 10 1 3.16228
154 10 1 3.16228
155 9 1 3
156 4 1 2
157 6 1 2.44949
158 5 1 2.23607
159 11 1 3.31662
160 11 1 3.31662
161 4 1 2
162 5 1 2.23607
163 2 1 1.41421
164 9 1 3
165 5 1 2.23607
166 7 1 2.64575
167 6 1 2.44949
168 5 1 2.23607
169 5 1 2.23607
170 6 1 2.44949
171 5 1 2.23607
172 4 1 2
173 5 1 2.23607
174 5 1 2.23607
175 5 1 2.23607
176 6 1 2.44949
177 2 1 1.41421
178 5 1 2.23607
179 6 1 2.44949
180 2 1 1.41421
181 3 1 1.73205
182 3 1 1.73205
183 4 1 2
184 7 1 2.64575
185 6 1 2.44949
186 2 1 1.41421
187 3 1 1.73205
188 8 1 2.82843
189 3 1 1.73205
190 6 1 2.44949
191 3 1 1.73205
192 4 1 2
193 4 1 2
194 7 1 2.64575
195 2 1 1.41421
196 1 1 1
197 4 1 2
198 2 1 1.41421
199 2 1 1.41421
