0 0 1 0
1 0 1 0
2 0 1 0
3 1 1 1
4 17 1 4.12311
5 31 1 5.56776
6 51 1 7.14143
7 66 1 8.12404
8 52 1 7.2111
9 47 1 6.85565
10 33 1 5.74456
11 33 1 5.74456
12 23 1 4.79583
13 25 1 5
14 34 1 5.83095
15 26 1 5.09902
16 23 1 4.79583
17 25 1 5
18 15 1 3.87298
19 14 1 3.74166
20 16 1 4
21 22 1 4.69042
22 11 1 3.31662
23 19 1 4.3589
24 17 1 4.12311
25 18 1 4.24264
26 19 1 4.3589
27 13 1 3.60555
28 7 1 2.64575
29 5 1 2.23607
30 13 1 3.60555
31 10 1 3.16228
32 7 1 2.64575
33 7 1 2.64575
34 9 1 3
35 10 1 3.16228
36 14 1 3.74166
37 13 1 3.60555
38 16 1 4
39 10 1 3.16228
40 10 1 3.16228
41 7 1 2.64575
42 7 1 2.64575
43 9 1 3
44 6 1 2.44949
45 3 1 1.73205
46 4 1 2
47 3 1 1.73205
48 9 1 3
49 6 1 2.44949
50 6 1 2.44949
51 8 1 2.82843
52 5 1 2.23607
53 5 1 2.23607
54 4 1 2
55 5 1 2.23607
56 3 1 1.73205
57 9 1 3
58 3 1 1.73205
59 5 1 2.23607
60 3 1 1.73205
61 4 1 2
62 1 1 1
63 1 1 1
64 4 1 2
65 4 1 2
66 3 1 1.73205
67 6 1 2.44949
68 3 1 1.73205
69 4 1 2
70 7 1 2.64575
71 1 1 1
72 3 1 1.73205
73 4 1 2
74 2 1 1.41421
75 1 1 1
76 3 1 1.73205
77 4 1 2
78 5 1 2.23607
79 1 1 1
80 1 1 1
81 6 1 2.44949
82 3 1 1.73205
83 2 1 1.41421
84 2 1 1.41421
85 4 1 2
86 0 1 0
87 2 1 1.41421
88 6 1 2.44949
89 3 1 1.73205
90 4 1 2
91 5 1 2.23607
92 2 1 1.41421
93 1 1 1
94 3 1 1.73205
95 2 1 1.41421
96 4 1 2
97 3 1 1.73205
98 1 1 1
99 4 1 2
100 2 1 1.41421
101 1 1 1
102 2 1 1.41421
103 3 1 1.73205
104 1 1 1
105 2 1 1.41421
106 3 1 1.73205
107 1 1 1
108 2 1 1.41421
109 1 1 1
110 4 1 2
111 1 1 1
112 4 1 2
113 1 1 1
114 2 1 1.41421
115 2 1 1.41421
116 1 1 1
117 4 1 2
118 2 1 1.41421
119 2 1 1.41421
120 2 1 1.41421
121 2 1 1.41421
122 1 1 1
123 2 1 1.41421
124 0 1 0
125 0 1 0
126 0 1 0
127 1 1 1
128 4 1 2
129 1 1 1
130 3 1 1.73205
131 1 1 1
132 1 1 1
133 0 1 0
134 2 1 1.41421
135 5 1 2.23607
136 1 1 1
137 2 1 1.41421
138 2 1 1.41421
139 1 1 1
140 1 1 1
141 1 1 1
142 2 1 1.41421
143 2 1 1.41421
144 1 1 1
145 1 1 1
146 4 1 2
147 1 1 1
148 3 1 1.73205
149 0 1 0
150 2 1 1.41421
151 2 1 1.41421
152 0 1 0
153 2 1 1.41421
154 0 1 0
155 0 1 0
156 3 1 1.73205
157 1 1 1
158 0 1 0
159 0 1 0
160 1 1 1
161 1 1 1
162 2 1 1.41421
163 0 1 0
164 1 1 1
165 0 1 0
166 0 1 0
167 1 1 1
168 1 1 1
169 0 1 0
170 1 1 1
171 2 1 1.41421
172 1 1 1
173 1 1 1
174 0 1 0
175 2 1 1.41421
176 2 1 1.41421
177 3 1 1.73205
178 1 1 1
179 0 1 0
180 2 1 1.41421
181 0 1 0
182 0 1 0
183 0 1 0
184 3 1 1.73205
185 2 1 1.41421
186 0 1 0
187 1 1 1
188 2 1 1.41421
189 1 1 1
190 2 1 1.41421
191 0 1 0
192 2 1 1.41421
193 0 1 0
194 1 1 1
195 0 1 0
196 0 1 0
197 0 1 0
198 0 1 0
199 0 1 0
