0 0 1 0
1 0 1 0
2 34 1 5.83095
3 127 1 11.2694
4 1830 1 42.7785
5 2725 1 52.2015
6 2655 1 51.5267
7 2405 1 49.0408
8 1924 1 43.8634
9 1651 1 40.6325
10 1374 1 37.0675
11 1165 1 34.1321
12 972 1 31.1769
13 888 1 29.7993
14 731 1 27.037
15 675 1 25.9808
16 612 1 24.7386
17 516 1 22.7156
18 471 1 21.7025
19 415 1 20.3715
20 366 1 19.1311
21 340 1 18.4391
22 328 1 18.1108
23 317 1 17.8045
24 254 1 15.9374
25 261 1 16.1555
26 224 1 14.9666
27 220 1 14.8324
28 218 1 14.7648
29 190 1 13.784
30 152 1 12.3288
31 172 1 13.1149
32 149 1 12.2066
33 160 1 12.6491
34 142 1 11.9164
35 132 1 11.4891
36 106 1 10.2956
37 114 1 10.6771
38 108 1 10.3923
39 105 1 10.247
40 94 1 9.69536
41 116 1 10.7703
42 81 1 9
43 70 1 8.3666
44 87 1 9.32738
45 72 1 8.48528
46 60 1 7.74597
47 81 1 9
48 59 1 7.68115
49 47 1 6.85565
50 55 1 7.4162
51 47 1 6.85565
52 54 1 7.34847
53 44 1 6.63325
54 51 1 7.14143
55 51 1 7.14143
56 49 1 7
57 43 1 6.55744
58 39 1 6.245
59 37 1 6.08276
60 47 1 6.85565
61 50 1 7.07107
62 35 1 5.91608
63 32 1 5.65685
64 36 1 6
65 27 1 5.19615
66 31 1 5.56776
67 29 1 5.38516
68 29 1 5.38516
69 35 1 5.91608
70 26 1 5.09902
71 27 1 5.19615
72 22 1 4.69042
73 28 1 5.2915
74 28 1 5.2915
75 31 1 5.56776
76 26 1 5.09902
77 27 1 5.19615
78 22 1 4.69042
79 23 1 4.79583
80 15 1 3.87298
81 13 1 3.60555
82 22 1 4.69042
83 23 1 4.79583
84 22 1 4.69042
85 16 1 4
86 17 1 4.12311
87 19 1 4.3589
88 13 1 3.60555
89 17 1 4.12311
90 12 1 3.4641
91 9 1 3
92 11 1 3.31662
93 8 1 2.82843
94 12 1 3.4641
95 9 1 3
96 17 1 4.12311
97 12 1 3.4641
98 12 1 3.4641
99 9 1 3
100 9 1 3
101 6 1 2.44949
102 14 1 3.74166
103 9 1 3
104 14 1 3.74166
105 11 1 3.31662
106 9 1 3
107 8 1 2.82843
108 12 1 3.4641
109 7 1 2.64575
110 11 1 3.31662
111 6 1 2.44949
112 13 1 3.60555
113 7 1 2.64575
114 6 1 2.44949
115 10 1 3.16228
116 17 1 4.12311
117 7 1 2.64575
118 10 1 3.16228
119 7 1 2.64575
120 10 1 3.16228
121 8 1 2.82843
122 7 1 2.64575
123 5 1 2.23607
124 10 1 3.16228
125 6 1 2.44949
126 9 1 3
127 8 1 2.82843
128 7 1 2.64575
129 6 1 2.44949
130 5 1 2.23607
131 4 1 2
132 6 1 2.44949
133 7 1 2.64575
134 7 1 2.64575
135 4 1 2
136 9 1 3
137 6 1 2.44949
138 6 1 2.44949
139 6 1 2.44949
140 4 1 2
141 2 1 1.41421
142 5 1 2.23607
143 4 1 2
144 8 1 2.82843
145 8 1 2.82843
146 3 1 1.73205
147 3 1 1.73205
148 6 1 2.44949
149 4 1 2
150 8 1 2.82843
151 3 1 1.73205
152 4 1 2
153 3 1 1.73205
154 7 1 2.64575
155 3 1 1.73205
156 7 1 2.64575
157 3 1 1.73205
158 4 1 2
159 3 1 1.73205
160 5 1 2.23607
161 3 1 1.73205
162 2 1 1.41421
163 6 1 2.44949
164 5 1 2.23607
165 4 1 2
166 3 1 1.73205
167 4 1 2
168 8 1 2.82843
169 3 1 1.73205
170 3 1 1.73205
171 3 1 1.73205
172 5 1 2.23607
173 3 1 1.73205
174 4 1 2
175 5 1 2.23607
176 2 1 1.41421
177 3 1 1.73205
178 4 1 2
179 3 1 1.73205
180 2 1 1.41421
181 1 1 1
182 3 1 1.73205
183 2 1 1.41421
184 3 1 1.73205
185 2 1 1.41421
186 2 1 1.41421
187 4 1 2
188 0 1 0
189 0 1 0
190 3 1 1.73205
191 4 1 2
192 0 1 0
193 2 1 1.41421
194 3 1 1.73205
195 3 1 1.73205
196 2 1 1.41421
197 4 1 2
198 2 1 1.41421
199 3 1 1.73205
