0 0 1 0
1 0 1 0
2 29 1 5.38516
3 132 1 11.4891
4 2109 1 45.9239
5 2967 1 54.4702
6 2781 1 52.7352
7 2294 1 47.8957
8 1781 1 42.2019
9 1462 1 38.2361
10 1211 1 34.7994
11 974 1 31.209
12 861 1 29.3428
13 787 1 28.0535
14 729 1 27
15 568 1 23.8328
16 513 1 22.6495
17 458 1 21.4009
18 442 1 21.0238
19 370 1 19.2354
20 358 1 18.9209
21 356 1 18.868
22 315 1 17.7482
23 280 1 16.7332
24 278 1 16.6733
25 239 1 15.4596
26 251 1 15.843
27 211 1 14.5258
28 171 1 13.0767
29 185 1 13.6015
30 160 1 12.6491
31 181 1 13.4536
32 155 1 12.4499
33 152 1 12.3288
34 141 1 11.8743
35 148 1 12.1655
36 129 1 11.3578
37 100 1 10
38 95 1 9.74679
39 102 1 10.0995
40 126 1 11.225
41 104 1 10.198
42 85 1 9.21954
43 89 1 9.43398
44 96 1 9.79796
45 96 1 9.79796
46 82 1 9.05539
47 94 1 9.69536
48 80 1 8.94427
49 74 1 8.60233
50 54 1 7.34847
51 76 1 8.7178
52 70 1 8.3666
53 59 1 7.68115
54 48 1 6.9282
55 52 1 7.2111
56 56 1 7.48331
57 36 1 6
58 49 1 7
59 54 1 7.34847
60 51 1 7.14143
61 41 1 6.40312
62 42 1 6.48074
63 43 1 6.55744
64 46 1 6.78233
65 54 1 7.34847
66 37 1 6.08276
67 33 1 5.74456
68 42 1 6.48074
69 31 1 5.56776
70 27 1 5.19615
71 31 1 5.56776
72 34 1 5.83095
73 33 1 5.74456
74 16 1 4
75 18 1 4.24264
76 28 1 5.2915
77 16 1 4
78 20 1 4.47214
79 21 1 4.58258
80 23 1 4.79583
81 21 1 4.58258
82 10 1 3.16228
83 20 1 4.47214
84 21 1 4.58258
85 22 1 4.69042
86 19 1 4.3589
87 17 1 4.12311
88 14 1 3.74166
89 20 1 4.47214
90 23 1 4.79583
91 12 1 3.4641
92 14 1 3.74166
93 19 1 4.3589
94 16 1 4
95 18 1 4.24264
96 14 1 3.74166
97 15 1 3.87298
98 12 1 3.4641
99 12 1 3.4641
100 10 1 3.16228
101 12 1 3.4641
102 17 1 4.12311
103 7 1 2.64575
104 11 1 3.31662
105 7 1 2.64575
106 12 1 3.4641
107 7 1 2.64575
108 13 1 3.60555
109 8 1 2.82843
110 8 1 2.82843
111 6 1 2.44949
112 8 1 2.82843
113 5 1 2.23607
114 7 1 2.64575
115 4 1 2
116 8 1 2.82843
117 4 1 2
118 3 1 1.73205
119 7 1 2.64575
120 6 1 2.44949
121 7 1 2.64575
122 11 1 3.31662
123 3 1 1.73205
124 7 1 2.64575
125 7 1 2.64575
126 4 1 2
127 5 1 2.23607
128 1 1 1
129 5 1 2.23607
130 8 1 2.82843
131 8 1 2.82843
132 6 1 2.44949
133 5 1 2.23607
134 5 1 2.23607
135 5 1 2.23607
136 3 1 1.73205
137 3 1 1.73205
138 3 1 1.73205
139 1 1 1
140 3 1 1.73205
141 2 1 1.41421
142 2 1 1.41421
143 1 1 1
144 2 1 1.41421
145 5 1 2.23607
146 2 1 1.41421
147 7 1 2.64575
148 4 1 2
149 5 1 2.23607
150 1 1 1
151 5 1 2.23607
152 0 1 0
153 1 1 1
154 3 1 1.73205
155 6 1 2.44949
156 3 1 1.73205
157 0 1 0
158 2 1 1.41421
159 5 1 2.23607
160 2 1 1.41421
161 7 1 2.64575
162 0 1 0
163 3 1 1.73205
164 0 1 0
165 5 1 2.23607
166 0 1 0
167 2 1 1.41421
168 4 1 2
169 3 1 1.73205
170 1 1 1
171 2 1 1.41421
172 3 1 1.73205
173 2 1 1.41421
174 0 1 0
175 3 1 1.73205
176 3 1 1.73205
177 1 1 1
178 2 1 1.41421
179 4 1 2
180 4 1 2
181 2 1 1.41421
182 0 1 0
183 3 1 1.73205
184 3 1 1.73205
185 2 1 1.41421
186 2 1 1.41421
187 0 1 0
188 2 1 1.41421
189 1 1 1
190 0 1 0
191 2 1 1.41421
192 1 1 1
193 0 1 0
194 2 1 1.41421
195 1 1 1
196 2 1 1.41421
197 0 1 0
198 0 1 0
199 1 1 1
