0 0 1 0
1 0 1 0
2 2 1 1.41421
3 40 1 6.32456
4 1054 1 32.4654
5 1855 1 43.0697
6 1725 1 41.5331
7 1282 1 35.805
8 874 1 29.5635
9 643 1 25.3574
10 406 1 20.1494
11 312 1 17.6635
12 243 1 15.5885
13 178 1 13.3417
14 122 1 11.0454
15 85 1 9.21954
16 91 1 9.53939
17 89 1 9.43398
18 54 1 7.34847
19 38 1 6.16441
20 37 1 6.08276
21 33 1 5.74456
22 47 1 6.85565
23 27 1 5.19615
24 21 1 4.58258
25 20 1 4.47214
26 19 1 4.3589
27 15 1 3.87298
28 18 1 4.24264
29 11 1 3.31662
30 12 1 3.4641
31 14 1 3.74166
32 12 1 3.4641
33 12 1 3.4641
34 7 1 2.64575
35 10 1 3.16228
36 8 1 2.82843
37 6 1 2.44949
38 2 1 1.41421
39 3 1 1.73205
40 11 1 3.31662
41 4 1 2
42 2 1 1.41421
43 3 1 1.73205
44 5 1 2.23607
45 3 1 1.73205
46 1 1 1
47 5 1 2.23607
48 4 1 2
49 1 1 1
50 3 1 1.73205
51 1 1 1
52 2 1 1.41421
53 2 1 1.41421
54 3 1 1.73205
55 3 1 1.73205
56 2 1 1.41421
57 1 1 1
58 2 1 1.41421
59 2 1 1.41421
60 1 1 1
61 3 1 1.73205
62 0 1 0
63 0 1 0
64 2 1 1.41421
65 0 1 0
66 1 1 1
67 2 1 1.41421
68 3 1 1.73205
69 2 1 1.41421
70 1 1 1
71 1 1 1
72 2 1 1.41421
73 0 1 0
74 0 1 0
75 2 1 1.41421
76 1 1 1
77 0 1 0
78 0 1 0
79 1 1 1
80 1 1 1
81 0 1 0
82 1 1 1
83 0 1 0
84 0 1 0
85 1 1 1
86 0 1 0
87 2 1 1.41421
88 0 1 0
89 2 1 1.41421
90 0 1 0
91 0 1 0
92 1 1 1
93 0 1 0
94 1 1 1
95 0 1 0
96 1 1 1
97 0 1 0
98 1 1 1
99 0 1 0
100 0 1 0
101 0 1 0
102 1 1 1
103 1 1 1
104 0 1 0
105 0 1 0
106 0 1 0
107 0 1 0
108 0 1 0
109 0 1 0
110 0 1 0
111 0 1 0
112 0 1 0
113 0 1 0
114 0 1 0
115 0 1 0
116 0 1 0
117 0 1 0
118 0 1 0
119 0 1 0
120 0 1 0
121 0 1 0
122 0 1 0
123 0 1 0
124 0 1 0
125 0 1 0
126 0 1 0
127 0 1 0
128 0 1 0
129 0 1 0
130 0 1 0
131 0 1 0
132 0 1 0
133 0 1 0
134 0 1 0
135 0 1 0
136 0 1 0
137 0 1 0
138 0 1 0
139 0 1 0
140 0 1 0
141 0 1 0
142 0 1 0
143 0 1 0
144 0 1 0
145 0 1 0
146 0 1 0
147 0 1 0
148 0 1 0
149 0 1 0
150 0 1 0
151 0 1 0
152 0 1 0
153 0 1 0
154 0 1 0
155 0 1 0
156 0 1 0
157 0 1 0
158 0 1 0
159 0 1 0
160 0 1 0
161 0 1 0
162 0 1 0
163 0 1 0
164 0 1 0
165 0 1 0
166 0 1 0
167 0 1 0
168 0 1 0
169 1 1 1
170 0 1 0
171 0 1 0
172 0 1 0
173 0 1 0
174 0 1 0
175 0 1 0
176 0 1 0
177 0 1 0
178 0 1 0
179 0 1 0
180 0 1 0
181 0 1 0
182 0 1 0
183 0 1 0
184 0 1 0
185 0 1 0
186 0 1 0
187 0 1 0
188 0 1 0
189 0 1 0
190 0 1 0
191 0 1 0
192 0 1 0
193 0 1 0
194 0 1 0
195 0 1 0
196 0 1 0
197 0 1 0
198 0 1 0
199 0 1 0
