0 0 1 0
1 0 1 0
2 4 1 2
3 9 1 3
4 122 1 11.0454
5 207 1 14.3875
6 285 1 16.8819
7 296 1 17.2047
8 291 1 17.0587
9 225 1 15
10 196 1 14
11 167 1 12.9228
12 141 1 11.8743
13 143 1 11.9583
14 113 1 10.6301
15 110 1 10.4881
16 95 1 9.74679
17 85 1 9.21954
18 71 1 8.42615
19 81 1 9
20 74 1 8.60233
21 57 1 7.54983
22 65 1 8.06226
23 50 1 7.07107
24 44 1 6.63325
25 48 1 6.9282
26 46 1 6.78233
27 43 1 6.55744
28 36 1 6
29 40 1 6.32456
30 36 1 6
31 43 1 6.55744
32 39 1 6.245
33 46 1 6.78233
34 36 1 6
35 31 1 5.56776
36 27 1 5.19615
37 18 1 4.24264
38 22 1 4.69042
39 22 1 4.69042
40 24 1 4.89898
41 25 1 5
42 14 1 3.74166
43 21 1 4.58258
44 24 1 4.89898
45 20 1 4.47214
46 17 1 4.12311
47 25 1 5
48 26 1 5.09902
49 13 1 3.60555
50 8 1 2.82843
51 15 1 3.87298
52 23 1 4.79583
53 10 1 3.16228
54 17 1 4.12311
55 12 1 3.4641
56 13 1 3.60555
57 8 1 2.82843
58 11 1 3.31662
59 14 1 3.74166
60 17 1 4.12311
61 9 1 3
62 13 1 3.60555
63 13 1 3.60555
64 10 1 3.16228
65 14 1 3.74166
66 11 1 3.31662
67 10 1 3.16228
68 10 1 3.16228
69 7 1 2.64575
70 13 1 3.60555
71 8 1 2.82843
72 12 1 3.4641
73 9 1 3
74 5 1 2.23607
75 11 1 3.31662
76 8 1 2.82843
77 12 1 3.4641
78 11 1 3.31662
79 8 1 2.82843
80 6 1 2.44949
81 9 1 3
82 6 1 2.44949
83 4 1 2
84 10 1 3.16228
85 8 1 2.82843
86 8 1 2.82843
87 8 1 2.82843
88 5 1 2.23607
89 4 1 2
90 4 1 2
91 2 1 1.41421
92 6 1 2.44949
93 4 1 2
94 7 1 2.64575
95 1 1 1
96 5 1 2.23607
97 5 1 2.23607
98 3 1 1.73205
99 2 1 1.41421
100 5 1 2.23607
101 3 1 1.73205
102 3 1 1.73205
103 3 1 1.73205
104 4 1 2
105 9 1 3
106 8 1 2.82843
107 6 1 2.44949
108 7 1 2.64575
109 2 1 1.41421
110 8 1 2.82843
111 5 1 2.23607
112 2 1 1.41421
113 3 1 1.73205
114 1 1 1
115 2 1 1.41421
116 2 1 1.41421
117 4 1 2
118 5 1 2.23607
119 2 1 1.41421
120 4 1 2
121 4 1 2
122 3 1 1.73205
123 4 1 2
124 3 1 1.73205
125 2 1 1.41421
126 4 1 2
127 2 1 1.41421
128 2 1 1.41421
129 3 1 1.73205
130 1 1 1
131 2 1 1.41421
132 5 1 2.23607
133 2 1 1.41421
134 3 1 1.73205
135 1 1 1
136 4 1 2
137 4 1 2
138 1 1 1
139 1 1 1
140 0 1 0
141 1 1 1
142 1 1 1
143 4 1 2
144 2 1 1.41421
145 0 1 0
146 2 1 1.41421
147 1 1 1
148 0 1 0
149 4 1 2
150 3 1 1.73205
151 3 1 1.73205
152 1 1 1
153 1 1 1
154 2 1 1.41421
155 1 1 1
156 2 1 1.41421
157 3 1 1.73205
158 2 1 1.41421
159 3 1 1.73205
160 1 1 1
161 1 1 1
162 4 1 2
163 0 1 0
164 1 1 1
165 1 1 1
166 1 1 1
167 5 1 2.23607
168 1 1 1
169 3 1 1.73205
170 2 1 1.41421
171 1 1 1
172 1 1 1
173 1 1 1
174 1 1 1
175 0 1 0
176 2 1 1.41421
177 1 1 1
178 2 1 1.41421
179 0 1 0
180 1 1 1
181 1 1 1
182 0 1 0
183 4 1 2
184 1 1 1
185 1 1 1
186 3 1 1.73205
187 2 1 1.41421
188 2 1 1.41421
189 1 1 1
190 3 1 1.73205
191 1 1 1
192 2 1 1.41421
193 2 1 1.41421
194 1 1 1
195 0 1 0
196 1 1 1
197 1 1 1
198 1 1 1
199 0 1 0
