0 0 1 0
1 0 1 0
2 1 1 1
3 12 1 3.4641
4 173 1 13.1529
5 448 1 21.166
6 627 1 25.04
7 563 1 23.7276
8 403 1 20.0749
9 314 1 17.72
10 258 1 16.0624
11 229 1 15.1327
12 155 1 12.4499
13 133 1 11.5326
14 97 1 9.84886
15 81 1 9
16 73 1 8.544
17 56 1 7.48331
18 36 1 6
19 36 1 6
20 33 1 5.74456
21 25 1 5
22 35 1 5.91608
23 24 1 4.89898
24 18 1 4.24264
25 14 1 3.74166
26 23 1 4.79583
27 16 1 4
28 14 1 3.74166
29 9 1 3
30 7 1 2.64575
31 16 1 4
32 8 1 2.82843
33 6 1 2.44949
34 8 1 2.82843
35 11 1 3.31662
36 6 1 2.44949
37 4 1 2
38 2 1 1.41421
39 1 1 1
40 9 1 3
41 6 1 2.44949
42 1 1 1
43 3 1 1.73205
44 4 1 2
45 2 1 1.41421
46 1 1 1
47 4 1 2
48 4 1 2
49 2 1 1.41421
50 4 1 2
51 1 1 1
52 2 1 1.41421
53 1 1 1
54 2 1 1.41421
55 3 1 1.73205
56 2 1 1.41421
57 0 1 0
58 2 1 1.41421
59 2 1 1.41421
60 2 1 1.41421
61 2 1 1.41421
62 0 1 0
63 0 1 0
64 2 1 1.41421
65 2 1 1.41421
66 1 1 1
67 2 1 1.41421
68 4 1 2
69 2 1 1.41421
70 0 1 0
71 0 1 0
72 2 1 1.41421
73 1 1 1
74 1 1 1
75 1 1 1
76 0 1 0
77 0 1 0
78 0 1 0
79 1 1 1
80 1 1 1
81 1 1 1
82 1 1 1
83 0 1 0
84 0 1 0
85 1 1 1
86 1 1 1
87 2 1 1.41421
88 0 1 0
89 1 1 1
90 1 1 1
91 0 1 0
92 1 1 1
93 0 1 0
94 0 1 0
95 0 1 0
96 1 1 1
97 0 1 0
98 0 1 0
99 0 1 0
100 0 1 0
101 0 1 0
102 1 1 1
103 0 1 0
104 0 1 0
105 0 1 0
106 0 1 0
107 0 1 0
108 0 1 0
109 0 1 0
110 0 1 0
111 0 1 0
112 0 1 0
113 0 1 0
114 0 1 0
115 0 1 0
116 0 1 0
117 0 1 0
118 0 1 0
119 0 1 0
120 0 1 0
121 0 1 0
122 0 1 0
123 0 1 0
124 0 1 0
125 0 1 0
126 0 1 0
127 0 1 0
128 0 1 0
129 0 1 0
130 0 1 0
131 0 1 0
132 0 1 0
133 0 1 0
134 0 1 0
135 0 1 0
136 0 1 0
137 0 1 0
138 0 1 0
139 0 1 0
140 0 1 0
141 0 1 0
142 0 1 0
143 0 1 0
144 0 1 0
145 0 1 0
146 0 1 0
147 0 1 0
148 0 1 0
149 0 1 0
150 0 1 0
151 0 1 0
152 0 1 0
153 1 1 1
154 0 1 0
155 0 1 0
156 0 1 0
157 0 1 0
158 0 1 0
159 0 1 0
160 0 1 0
161 0 1 0
162 0 1 0
163 0 1 0
164 0 1 0
165 0 1 0
166 0 1 0
167 0 1 0
168 0 1 0
169 1 1 1
170 0 1 0
171 0 1 0
172 0 1 0
173 0 1 0
174 0 1 0
175 0 1 0
176 0 1 0
177 0 1 0
178 0 1 0
179 0 1 0
180 0 1 0
181 0 1 0
182 0 1 0
183 0 1 0
184 0 1 0
185 0 1 0
186 0 1 0
187 0 1 0
188 0 1 0
189 0 1 0
190 0 1 0
191 0 1 0
192 0 1 0
193 0 1 0
194 0 1 0
195 0 1 0
196 0 1 0
197 0 1 0
198 0 1 0
199 0 1 0
