0 0 1 0
1 0 1 0
2 6 1 2.44949
3 13 1 3.60555
4 171 1 13.0767
5 326 1 18.0555
6 438 1 20.9284
7 589 1 24.2693
8 760 1 27.5681
9 925 1 30.4138
10 1089 1 33
11 1207 1 34.7419
12 1231 1 35.0856
13 1270 1 35.6371
14 1198 1 34.6121
15 1180 1 34.3511
16 1179 1 34.3366
17 1028 1 32.0624
18 1014 1 31.8434
19 899 1 29.9833
20 861 1 29.3428
21 829 1 28.7924
22 684 1 26.1534
23 677 1 26.0192
24 637 1 25.2389
25 633 1 25.1595
26 571 1 23.8956
27 527 1 22.9565
28 445 1 21.095
29 449 1 21.1896
30 429 1 20.7123
31 378 1 19.4422
32 357 1 18.8944
33 324 1 18
34 313 1 17.6918
35 256 1 16
36 230 1 15.1658
37 202 1 14.2127
38 220 1 14.8324
39 192 1 13.8564
40 150 1 12.2474
41 153 1 12.3693
42 119 1 10.9087
43 102 1 10.0995
44 109 1 10.4403
45 89 1 9.43398
46 117 1 10.8167
47 86 1 9.27362
48 67 1 8.18535
49 56 1 7.48331
50 69 1 8.30662
51 46 1 6.78233
52 55 1 7.4162
53 48 1 6.9282
54 47 1 6.85565
55 43 1 6.55744
56 47 1 6.85565
57 39 1 6.245
58 37 1 6.08276
59 27 1 5.19615
60 25 1 5
61 31 1 5.56776
62 34 1 5.83095
63 22 1 4.69042
64 17 1 4.12311
65 12 1 3.4641
66 12 1 3.4641
67 19 1 4.3589
68 10 1 3.16228
69 14 1 3.74166
70 14 1 3.74166
71 12 1 3.4641
72 10 1 3.16228
73 18 1 4.24264
74 9 1 3
75 11 1 3.31662
76 7 1 2.64575
77 7 1 2.64575
78 7 1 2.64575
79 5 1 2.23607
80 8 1 2.82843
81 7 1 2.64575
82 10 1 3.16228
83 7 1 2.64575
84 4 1 2
85 5 1 2.23607
86 2 1 1.41421
87 9 1 3
88 8 1 2.82843
89 6 1 2.44949
90 6 1 2.44949
91 2 1 1.41421
92 7 1 2.64575
93 4 1 2
94 2 1 1.41421
95 2 1 1.41421
96 3 1 1.73205
97 2 1 1.41421
98 3 1 1.73205
99 3 1 1.73205
100 0 1 0
101 3 1 1.73205
102 3 1 1.73205
103 2 1 1.41421
104 5 1 2.23607
105 5 1 2.23607
106 1 1 1
107 1 1 1
108 3 1 1.73205
109 3 1 1.73205
110 3 1 1.73205
111 2 1 1.41421
112 2 1 1.41421
113 4 1 2
114 1 1 1
115 2 1 1.41421
116 1 1 1
117 1 1 1
118 1 1 1
119 0 1 0
120 2 1 1.41421
121 1 1 1
122 3 1 1.73205
123 2 1 1.41421
124 0 1 0
125 0 1 0
126 4 1 2
127 3 1 1.73205
128 1 1 1
129 2 1 1.41421
130 0 1 0
131 2 1 1.41421
132 1 1 1
133 3 1 1.73205
134 0 1 0
135 1 1 1
136 0 1 0
137 1 1 1
138 0 1 0
139 1 1 1
140 2 1 1.41421
141 0 1 0
142 0 1 0
143 1 1 1
144 0 1 0
145 0 1 0
146 1 1 1
147 1 1 1
148 0 1 0
149 0 1 0
150 1 1 1
151 1 1 1
152 2 1 1.41421
153 1 1 1
154 2 1 1.41421
155 0 1 0
156 0 1 0
157 0 1 0
158 0 1 0
159 0 1 0
160 1 1 1
161 0 1 0
162 1 1 1
163 0 1 0
164 0 1 0
165 0 1 0
166 1 1 1
167 1 1 1
168 0 1 0
169 0 1 0
170 0 1 0
171 0 1 0
172 0 1 0
173 0 1 0
174 0 1 0
175 1 1 1
176 0 1 0
177 0 1 0
178 0 1 0
179 0 1 0
180 0 1 0
181 2 1 1.41421
182 0 1 0
183 0 1 0
184 0 1 0
185 0 1 0
186 1 1 1
187 0 1 0
188 0 1 0
189 1 1 1
190 0 1 0
191 0 1 0
192 0 1 0
193 0 1 0
194 0 1 0
195 2 1 1.41421
196 1 1 1
197 0 1 0
198 0 1 0
199 0 1 0
