0 0 1 0
1 0 1 0
2 7 1 2.64575
3 92 1 9.59166
4 2093 1 45.7493
5 4001 1 63.2535
6 4259 1 65.261
7 3679 1 60.6548
8 3157 1 56.1872
9 2666 1 51.6333
10 2286 1 47.8121
11 1993 1 44.643
12 1729 1 41.5812
13 1500 1 38.7298
14 1354 1 36.7967
15 1129 1 33.6006
16 1011 1 31.7962
17 953 1 30.8707
18 803 1 28.3373
19 816 1 28.5657
20 660 1 25.6905
21 620 1 24.8998
22 511 1 22.6053
23 506 1 22.4944
24 493 1 22.2036
25 427 1 20.664
26 394 1 19.8494
27 316 1 17.7764
28 341 1 18.4662
29 337 1 18.3576
30 294 1 17.1464
31 243 1 15.5885
32 275 1 16.5831
33 244 1 15.6205
34 231 1 15.1987
35 242 1 15.5563
36 183 1 13.5277
37 171 1 13.0767
38 153 1 12.3693
39 142 1 11.9164
40 150 1 12.2474
41 151 1 12.2882
42 126 1 11.225
43 131 1 11.4455
44 121 1 11
45 96 1 9.79796
46 111 1 10.5357
47 98 1 9.89949
48 107 1 10.3441
49 76 1 8.7178
50 81 1 9
51 88 1 9.38083
52 79 1 8.88819
53 77 1 8.77496
54 68 1 8.24621
55 50 1 7.07107
56 67 1 8.18535
57 58 1 7.61577
58 61 1 7.81025
59 54 1 7.34847
60 49 1 7
61 61 1 7.81025
62 55 1 7.4162
63 47 1 6.85565
64 54 1 7.34847
65 38 1 6.16441
66 45 1 6.7082
67 42 1 6.48074
68 28 1 5.2915
69 37 1 6.08276
70 35 1 5.91608
71 35 1 5.91608
72 32 1 5.65685
73 30 1 5.47723
74 23 1 4.79583
75 26 1 5.09902
76 37 1 6.08276
77 32 1 5.65685
78 20 1 4.47214
79 29 1 5.38516
80 23 1 4.79583
81 28 1 5.2915
82 25 1 5
83 24 1 4.89898
84 25 1 5
85 27 1 5.19615
86 13 1 3.60555
87 21 1 4.58258
88 22 1 4.69042
89 17 1 4.12311
90 19 1 4.3589
91 15 1 3.87298
92 13 1 3.60555
93 15 1 3.87298
94 18 1 4.24264
95 14 1 3.74166
96 17 1 4.12311
97 8 1 2.82843
98 17 1 4.12311
99 17 1 4.12311
100 16 1 4
101 10 1 3.16228
102 18 1 4.24264
103 13 1 3.60555
104 12 1 3.4641
105 7 1 2.64575
106 10 1 3.16228
107 8 1 2.82843
108 8 1 2.82843
109 9 1 3
110 12 1 3.4641
111 13 1 3.60555
112 9 1 3
113 10 1 3.16228
114 6 1 2.44949
115 16 1 4
116 12 1 3.4641
117 18 1 4.24264
118 5 1 2.23607
119 7 1 2.64575
120 13 1 3.60555
121 1 1 1
122 2 1 1.41421
123 9 1 3
124 3 1 1.73205
125 11 1 3.31662
126 7 1 2.64575
127 9 1 3
128 7 1 2.64575
129 11 1 3.31662
130 4 1 2
131 8 1 2.82843
132 4 1 2
133 6 1 2.44949
134 7 1 2.64575
135 8 1 2.82843
136 5 1 2.23607
137 6 1 2.44949
138 7 1 2.64575
139 6 1 2.44949
140 5 1 2.23607
141 6 1 2.44949
142 5 1 2.23607
143 2 1 1.41421
144 2 1 1.41421
145 4 1 2
146 4 1 2
147 4 1 2
148 1 1 1
149 3 1 1.73205
150 2 1 1.41421
151 3 1 1.73205
152 4 1 2
153 4 1 2
154 2 1 1.41421
155 5 1 2.23607
156 1 1 1
157 0 1 0
158 2 1 1.41421
159 5 1 2.23607
160 2 1 1.41421
161 2 1 1.41421
162 4 1 2
163 2 1 1.41421
164 5 1 2.23607
165 3 1 1.73205
166 4 1 2
167 4 1 2
168 1 1 1
169 4 1 2
170 1 1 1
171 4 1 2
172 1 1 1
173 3 1 1.73205
174 0 1 0
175 1 1 1
176 1 1 1
177 0 1 0
178 1 1 1
179 2 1 1.41421
180 1 1 1
181 1 1 1
182 3 1 1.73205
183 1 1 1
184 0 1 0
185 1 1 1
186 1 1 1
187 2 1 1.41421
188 1 1 1
189 2 1 1.41421
190 2 1 1.41421
191 0 1 0
192 0 1 0
193 3 1 1.73205
194 2 1 1.41421
195 2 1 1.41421
196 0 1 0
197 1 1 1
198 1 1 1
199 0 1 0
