0 0 1 0
1 0 1 0
2 7 1 2.64575
3 134 1 11.5758
4 2991 1 54.69
5 5858 1 76.5376
6 6111 1 78.1729
7 5341 1 73.0821
8 4456 1 66.7533
9 3569 1 59.7411
10 2895 1 53.8052
11 2306 1 48.0208
12 1841 1 42.9069
13 1419 1 37.6696
14 1228 1 35.0428
15 991 1 31.4802
16 785 1 28.0179
17 650 1 25.4951
18 491 1 22.1585
19 448 1 21.166
20 374 1 19.3391
21 335 1 18.303
22 269 1 16.4012
23 244 1 15.6205
24 192 1 13.8564
25 178 1 13.3417
26 125 1 11.1803
27 117 1 10.8167
28 105 1 10.247
29 90 1 9.48683
30 74 1 8.60233
31 58 1 7.61577
32 64 1 8
33 48 1 6.9282
34 43 1 6.55744
35 40 1 6.32456
36 31 1 5.56776
37 38 1 6.16441
38 26 1 5.09902
39 26 1 5.09902
40 17 1 4.12311
41 30 1 5.47723
42 12 1 3.4641
43 23 1 4.79583
44 17 1 4.12311
45 12 1 3.4641
46 10 1 3.16228
47 8 1 2.82843
48 11 1 3.31662
49 7 1 2.64575
50 12 1 3.4641
51 10 1 3.16228
52 12 1 3.4641
53 6 1 2.44949
54 7 1 2.64575
55 10 1 3.16228
56 8 1 2.82843
57 8 1 2.82843
58 12 1 3.4641
59 3 1 1.73205
60 3 1 1.73205
61 2 1 1.41421
62 4 1 2
63 6 1 2.44949
64 6 1 2.44949
65 4 1 2
66 5 1 2.23607
67 2 1 1.41421
68 5 1 2.23607
69 2 1 1.41421
70 3 1 1.73205
71 6 1 2.44949
72 2 1 1.41421
73 4 1 2
74 1 1 1
75 4 1 2
76 3 1 1.73205
77 2 1 1.41421
78 2 1 1.41421
79 1 1 1
80 4 1 2
81 1 1 1
82 0 1 0
83 0 1 0
84 2 1 1.41421
85 0 1 0
86 1 1 1
87 1 1 1
88 3 1 1.73205
89 0 1 0
90 0 1 0
91 0 1 0
92 1 1 1
93 0 1 0
94 0 1 0
95 0 1 0
96 0 1 0
97 0 1 0
98 1 1 1
99 2 1 1.41421
100 1 1 1
101 1 1 1
102 1 1 1
103 0 1 0
104 0 1 0
105 3 1 1.73205
106 2 1 1.41421
107 1 1 1
108 1 1 1
109 0 1 0
110 0 1 0
111 1 1 1
112 1 1 1
113 0 1 0
114 0 1 0
115 0 1 0
116 0 1 0
117 0 1 0
118 0 1 0
119 0 1 0
120 0 1 0
121 0 1 0
122 0 1 0
123 1 1 1
124 0 1 0
125 0 1 0
126 2 1 1.41421
127 2 1 1.41421
128 0 1 0
129 0 1 0
130 0 1 0
131 0 1 0
132 0 1 0
133 0 1 0
134 0 1 0
135 0 1 0
136 0 1 0
137 0 1 0
138 0 1 0
139 0 1 0
140 0 1 0
141 0 1 0
142 0 1 0
143 0 1 0
144 0 1 0
145 1 1 1
146 0 1 0
147 0 1 0
148 0 1 0
149 0 1 0
150 0 1 0
151 0 1 0
152 0 1 0
153 1 1 1
154 0 1 0
155 0 1 0
156 0 1 0
157 0 1 0
158 0 1 0
159 0 1 0
160 0 1 0
161 0 1 0
162 0 1 0
163 0 1 0
164 1 1 1
165 0 1 0
166 0 1 0
167 0 1 0
168 0 1 0
169 0 1 0
170 0 1 0
171 0 1 0
172 0 1 0
173 0 1 0
174 0 1 0
175 0 1 0
176 0 1 0
177 0 1 0
178 0 1 0
179 0 1 0
180 0 1 0
181 0 1 0
182 1 1 1
183 0 1 0
184 0 1 0
185 0 1 0
186 0 1 0
187 0 1 0
188 0 1 0
189 0 1 0
190 0 1 0
191 0 1 0
192 0 1 0
193 0 1 0
194 1 1 1
195 0 1 0
196 0 1 0
197 0 1 0
198 0 1 0
199 0 1 0
