0 0 1 0
1 0 1 0
2 2 1 1.41421
3 2 1 1.41421
4 63 1 7.93725
5 72 1 8.48528
6 73 1 8.544
7 50 1 7.07107
8 67 1 8.18535
9 54 1 7.34847
10 43 1 6.55744
11 60 1 7.74597
12 65 1 8.06226
13 59 1 7.68115
14 64 1 8
15 45 1 6.7082
16 56 1 7.48331
17 62 1 7.87401
18 73 1 8.544
19 59 1 7.68115
20 55 1 7.4162
21 53 1 7.28011
22 61 1 7.81025
23 53 1 7.28011
24 60 1 7.74597
25 57 1 7.54983
26 53 1 7.28011
27 51 1 7.14143
28 47 1 6.85565
29 53 1 7.28011
30 64 1 8
31 38 1 6.16441
32 53 1 7.28011
33 38 1 6.16441
34 37 1 6.08276
35 44 1 6.63325
36 34 1 5.83095
37 42 1 6.48074
38 43 1 6.55744
39 45 1 6.7082
40 54 1 7.34847
41 51 1 7.14143
42 30 1 5.47723
43 44 1 6.63325
44 45 1 6.7082
45 34 1 5.83095
46 41 1 6.40312
47 50 1 7.07107
48 35 1 5.91608
49 26 1 5.09902
50 31 1 5.56776
51 42 1 6.48074
52 37 1 6.08276
53 38 1 6.16441
54 34 1 5.83095
55 37 1 6.08276
56 40 1 6.32456
57 30 1 5.47723
58 38 1 6.16441
59 35 1 5.91608
60 39 1 6.245
61 32 1 5.65685
62 38 1 6.16441
63 32 1 5.65685
64 37 1 6.08276
65 33 1 5.74456
66 26 1 5.09902
67 28 1 5.2915
68 34 1 5.83095
69 32 1 5.65685
70 24 1 4.89898
71 26 1 5.09902
72 26 1 5.09902
73 33 1 5.74456
74 23 1 4.79583
75 24 1 4.89898
76 29 1 5.38516
77 23 1 4.79583
78 22 1 4.69042
79 24 1 4.89898
80 21 1 4.58258
81 19 1 4.3589
82 16 1 4
83 25 1 5
84 22 1 4.69042
85 21 1 4.58258
86 27 1 5.19615
87 17 1 4.12311
88 20 1 4.47214
89 29 1 5.38516
90 18 1 4.24264
91 11 1 3.31662
92 14 1 3.74166
93 17 1 4.12311
94 20 1 4.47214
95 17 1 4.12311
96 20 1 4.47214
97 11 1 3.31662
98 12 1 3.4641
99 12 1 3.4641
100 13 1 3.60555
101 14 1 3.74166
102 22 1 4.69042
103 9 1 3
104 10 1 3.16228
105 13 1 3.60555
106 16 1 4
107 6 1 2.44949
108 20 1 4.47214
109 8 1 2.82843
110 13 1 3.60555
111 5 1 2.23607
112 16 1 4
113 8 1 2.82843
114 7 1 2.64575
115 9 1 3
116 14 1 3.74166
117 7 1 2.64575
118 7 1 2.64575
119 7 1 2.64575
120 9 1 3
121 11 1 3.31662
122 12 1 3.4641
123 6 1 2.44949
124 12 1 3.4641
125 6 1 2.44949
126 9 1 3
127 11 1 3.31662
128 8 1 2.82843
129 6 1 2.44949
130 7 1 2.64575
131 6 1 2.44949
132 6 1 2.44949
133 7 1 2.64575
134 7 1 2.64575
135 7 1 2.64575
136 10 1 3.16228
137 7 1 2.64575
138 4 1 2
139 5 1 2.23607
140 5 1 2.23607
141 2 1 1.41421
142 6 1 2.44949
143 3 1 1.73205
144 8 1 2.82843
145 6 1 2.44949
146 2 1 1.41421
147 3 1 1.73205
148 5 1 2.23607
149 5 1 2.23607
150 9 1 3
151 5 1 2.23607
152 3 1 1.73205
153 3 1 1.73205
154 6 1 2.44949
155 3 1 1.73205
156 7 1 2.64575
157 1 1 1
158 4 1 2
159 3 1 1.73205
160 4 1 2
161 5 1 2.23607
162 1 1 1
163 6 1 2.44949
164 3 1 1.73205
165 4 1 2
166 3 1 1.73205
167 4 1 2
168 7 1 2.64575
169 2 1 1.41421
170 1 1 1
171 2 1 1.41421
172 3 1 1.73205
173 2 1 1.41421
174 1 1 1
175 3 1 1.73205
176 1 1 1
177 4 1 2
178 3 1 1.73205
179 3 1 1.73205
180 3 1 1.73205
181 1 1 1
182 3 1 1.73205
183 3 1 1.73205
184 3 1 1.73205
185 1 1 1
186 2 1 1.41421
187 2 1 1.41421
188 0 1 0
189 0 1 0
190 1 1 1
191 4 1 2
192 0 1 0
193 1 1 1
194 3 1 1.73205
195 1 1 1
196 2 1 1.41421
197 0 1 0
198 1 1 1
199 0 1 0
