0 0 1 0
1 0 1 0
2 12 1 3.4641
3 73 1 8.544
4 840 1 28.9828
5 1260 1 35.4965
6 1455 1 38.1445
7 1703 1 41.2674
8 1825 1 42.72
9 1896 1 43.5431
10 1985 1 44.5533
11 1987 1 44.5758
12 1883 1 43.3935
13 1815 1 42.6028
14 1625 1 40.3113
15 1650 1 40.6202
16 1528 1 39.0896
17 1330 1 36.4692
18 1273 1 35.6791
19 1145 1 33.8378
20 1089 1 33
21 1056 1 32.4962
22 905 1 30.0832
23 859 1 29.3087
24 820 1 28.6356
25 807 1 28.4077
26 770 1 27.7489
27 703 1 26.5141
28 618 1 24.8596
29 640 1 25.2982
30 593 1 24.3516
31 574 1 23.9583
32 501 1 22.383
33 488 1 22.0907
34 463 1 21.5174
35 451 1 21.2368
36 392 1 19.799
37 377 1 19.4165
38 388 1 19.6977
39 348 1 18.6548
40 322 1 17.9444
41 328 1 18.1108
42 283 1 16.8226
43 262 1 16.1864
44 242 1 15.5563
45 247 1 15.7162
46 247 1 15.7162
47 211 1 14.5258
48 203 1 14.2478
49 200 1 14.1421
50 202 1 14.2127
51 172 1 13.1149
52 163 1 12.7671
53 157 1 12.53
54 153 1 12.3693
55 134 1 11.5758
56 152 1 12.3288
57 144 1 12
58 149 1 12.2066
59 119 1 10.9087
60 131 1 11.4455
61 124 1 11.1355
62 124 1 11.1355
63 106 1 10.2956
64 95 1 9.74679
65 82 1 9.05539
66 85 1 9.21954
67 91 1 9.53939
68 68 1 8.24621
69 97 1 9.84886
70 81 1 9
71 87 1 9.32738
72 66 1 8.12404
73 78 1 8.83176
74 78 1 8.83176
75 72 1 8.48528
76 52 1 7.2111
77 51 1 7.14143
78 60 1 7.74597
79 53 1 7.28011
80 52 1 7.2111
81 47 1 6.85565
82 53 1 7.28011
83 46 1 6.78233
84 49 1 7
85 41 1 6.40312
86 35 1 5.91608
87 47 1 6.85565
88 38 1 6.16441
89 49 1 7
90 39 1 6.245
91 40 1 6.32456
92 44 1 6.63325
93 40 1 6.32456
94 32 1 5.65685
95 28 1 5.2915
96 31 1 5.56776
97 33 1 5.74456
98 37 1 6.08276
99 29 1 5.38516
100 32 1 5.65685
101 22 1 4.69042
102 32 1 5.65685
103 29 1 5.38516
104 33 1 5.74456
105 28 1 5.2915
106 22 1 4.69042
107 26 1 5.09902
108 20 1 4.47214
109 25 1 5
110 15 1 3.87298
111 23 1 4.79583
112 23 1 4.79583
113 28 1 5.2915
114 19 1 4.3589
115 20 1 4.47214
116 16 1 4
117 22 1 4.69042
118 18 1 4.24264
119 23 1 4.79583
120 19 1 4.3589
121 16 1 4
122 16 1 4
123 23 1 4.79583
124 14 1 3.74166
125 6 1 2.44949
126 20 1 4.47214
127 13 1 3.60555
128 12 1 3.4641
129 12 1 3.4641
130 12 1 3.4641
131 18 1 4.24264
132 10 1 3.16228
133 10 1 3.16228
134 12 1 3.4641
135 11 1 3.31662
136 7 1 2.64575
137 6 1 2.44949
138 8 1 2.82843
139 11 1 3.31662
140 10 1 3.16228
141 12 1 3.4641
142 17 1 4.12311
143 10 1 3.16228
144 7 1 2.64575
145 4 1 2
146 11 1 3.31662
147 11 1 3.31662
148 9 1 3
149 6 1 2.44949
150 7 1 2.64575
151 5 1 2.23607
152 11 1 3.31662
153 8 1 2.82843
154 6 1 2.44949
155 7 1 2.64575
156 1 1 1
157 6 1 2.44949
158 8 1 2.82843
159 4 1 2
160 7 1 2.64575
161 5 1 2.23607
162 4 1 2
163 5 1 2.23607
164 4 1 2
165 6 1 2.44949
166 3 1 1.73205
167 7 1 2.64575
168 8 1 2.82843
169 2 1 1.41421
170 5 1 2.23607
171 3 1 1.73205
172 5 1 2.23607
173 6 1 2.44949
174 1 1 1
175 8 1 2.82843
176 4 1 2
177 6 1 2.44949
178 3 1 1.73205
179 4 1 2
180 3 1 1.73205
181 5 1 2.23607
182 3 1 1.73205
183 2 1 1.41421
184 5 1 2.23607
185 5 1 2.23607
186 4 1 2
187 4 1 2
188 3 1 1.73205
189 5 1 2.23607
190 5 1 2.23607
191 0 1 0
192 1 1 1
193 6 1 2.44949
194 3 1 1.73205
195 6 1 2.44949
196 4 1 2
197 0 1 0
198 2 1 1.41421
199 0 1 0
