0 0 1 0
1 0 1 0
2 7 1 2.64575
3 45 1 6.7082
4 583 1 24.1454
5 725 1 26.9258
6 609 1 24.6779
7 449 1 21.1896
8 286 1 16.9115
9 197 1 14.0357
10 133 1 11.5326
11 116 1 10.7703
12 91 1 9.53939
13 65 1 8.06226
14 54 1 7.34847
15 51 1 7.14143
16 52 1 7.2111
17 42 1 6.48074
18 38 1 6.16441
19 41 1 6.40312
20 44 1 6.63325
21 34 1 5.83095
22 35 1 5.91608
23 31 1 5.56776
24 27 1 5.19615
25 28 1 5.2915
26 22 1 4.69042
27 19 1 4.3589
28 25 1 5
29 24 1 4.89898
30 29 1 5.38516
31 17 1 4.12311
32 17 1 4.12311
33 9 1 3
34 18 1 4.24264
35 19 1 4.3589
36 12 1 3.4641
37 17 1 4.12311
38 13 1 3.60555
39 15 1 3.87298
40 25 1 5
41 7 1 2.64575
42 15 1 3.87298
43 11 1 3.31662
44 15 1 3.87298
45 9 1 3
46 8 1 2.82843
47 15 1 3.87298
48 8 1 2.82843
49 8 1 2.82843
50 7 1 2.64575
51 7 1 2.64575
52 4 1 2
53 6 1 2.44949
54 7 1 2.64575
55 8 1 2.82843
56 7 1 2.64575
57 6 1 2.44949
58 8 1 2.82843
59 8 1 2.82843
60 8 1 2.82843
61 5 1 2.23607
62 14 1 3.74166
63 6 1 2.44949
64 8 1 2.82843
65 4 1 2
66 5 1 2.23607
67 4 1 2
68 7 1 2.64575
69 1 1 1
70 2 1 1.41421
71 8 1 2.82843
72 3 1 1.73205
73 4 1 2
74 4 1 2
75 6 1 2.44949
76 4 1 2
77 4 1 2
78 2 1 1.41421
79 3 1 1.73205
80 1 1 1
81 4 1 2
82 2 1 1.41421
83 1 1 1
84 1 1 1
85 2 1 1.41421
86 1 1 1
87 1 1 1
88 2 1 1.41421
89 3 1 1.73205
90 2 1 1.41421
91 1 1 1
92 0 1 0
93 2 1 1.41421
94 2 1 1.41421
95 4 1 2
96 0 1 0
97 1 1 1
98 0 1 0
99 2 1 1.41421
100 0 1 0
101 0 1 0
102 0 1 0
103 1 1 1
104 0 1 0
105 1 1 1
106 0 1 0
107 0 1 0
108 0 1 0
109 0 1 0
110 0 1 0
111 0 1 0
112 0 1 0
113 0 1 0
114 0 1 0
115 1 1 1
116 0 1 0
117 0 1 0
118 0 1 0
119 0 1 0
120 0 1 0
121 0 1 0
122 0 1 0
123 0 1 0
124 0 1 0
125 0 1 0
126 0 1 0
127 0 1 0
128 0 1 0
129 0 1 0
130 0 1 0
131 0 1 0
132 0 1 0
133 0 1 0
134 0 1 0
135 0 1 0
136 0 1 0
137 0 1 0
138 0 1 0
139 0 1 0
140 0 1 0
141 0 1 0
142 0 1 0
143 0 1 0
144 1 1 1
145 0 1 0
146 0 1 0
147 0 1 0
148 0 1 0
149 0 1 0
150 0 1 0
151 0 1 0
152 0 1 0
153 0 1 0
154 0 1 0
155 0 1 0
156 0 1 0
157 0 1 0
158 0 1 0
159 0 1 0
160 0 1 0
161 0 1 0
162 0 1 0
163 0 1 0
164 0 1 0
165 0 1 0
166 0 1 0
167 0 1 0
168 0 1 0
169 0 1 0
170 0 1 0
171 0 1 0
172 0 1 0
173 0 1 0
174 0 1 0
175 0 1 0
176 0 1 0
177 0 1 0
178 0 1 0
179 0 1 0
180 0 1 0
181 0 1 0
182 0 1 0
183 0 1 0
184 0 1 0
185 0 1 0
186 0 1 0
187 0 1 0
188 0 1 0
189 0 1 0
190 0 1 0
191 0 1 0
192 0 1 0
193 0 1 0
194 0 1 0
195 0 1 0
196 0 1 0
197 0 1 0
198 0 1 0
199 0 1 0
