0 0 1 0
1 0 1 0
2 6 1 2.44949
3 17 1 4.12311
4 282 1 16.7929
5 531 1 23.0434
6 781 1 27.9464
7 827 1 28.7576
8 764 1 27.6405
9 689 1 26.2488
10 659 1 25.671
11 566 1 23.7908
12 474 1 21.7715
13 431 1 20.7605
14 354 1 18.8149
15 318 1 17.8326
16 294 1 17.1464
17 247 1 15.7162
18 217 1 14.7309
19 198 1 14.0712
20 183 1 13.5277
21 176 1 13.2665
22 161 1 12.6886
23 142 1 11.9164
24 112 1 10.583
25 120 1 10.9545
26 114 1 10.6771
27 116 1 10.7703
28 99 1 9.94987
29 82 1 9.05539
30 87 1 9.32738
31 77 1 8.77496
32 73 1 8.544
33 70 1 8.3666
34 61 1 7.81025
35 73 1 8.544
36 56 1 7.48331
37 41 1 6.40312
38 44 1 6.63325
39 39 1 6.245
40 47 1 6.85565
41 44 1 6.63325
42 34 1 5.83095
43 39 1 6.245
44 33 1 5.74456
45 35 1 5.91608
46 27 1 5.19615
47 40 1 6.32456
48 47 1 6.85565
49 27 1 5.19615
50 33 1 5.74456
51 27 1 5.19615
52 33 1 5.74456
53 27 1 5.19615
54 26 1 5.09902
55 22 1 4.69042
56 20 1 4.47214
57 18 1 4.24264
58 23 1 4.79583
59 23 1 4.79583
60 28 1 5.2915
61 14 1 3.74166
62 18 1 4.24264
63 21 1 4.58258
64 18 1 4.24264
65 22 1 4.69042
66 16 1 4
67 16 1 4
68 13 1 3.60555
69 13 1 3.60555
70 24 1 4.89898
71 10 1 3.16228
72 21 1 4.58258
73 18 1 4.24264
74 9 1 3
75 13 1 3.60555
76 14 1 3.74166
77 14 1 3.74166
78 17 1 4.12311
79 9 1 3
80 9 1 3
81 15 1 3.87298
82 9 1 3
83 5 1 2.23607
84 14 1 3.74166
85 13 1 3.60555
86 12 1 3.4641
87 10 1 3.16228
88 9 1 3
89 6 1 2.44949
90 10 1 3.16228
91 12 1 3.4641
92 9 1 3
93 4 1 2
94 13 1 3.60555
95 2 1 1.41421
96 9 1 3
97 6 1 2.44949
98 4 1 2
99 5 1 2.23607
100 6 1 2.44949
101 4 1 2
102 4 1 2
103 5 1 2.23607
104 6 1 2.44949
105 12 1 3.4641
106 8 1 2.82843
107 8 1 2.82843
108 10 1 3.16228
109 2 1 1.41421
110 10 1 3.16228
111 6 1 2.44949
112 5 1 2.23607
113 4 1 2
114 2 1 1.41421
115 5 1 2.23607
116 3 1 1.73205
117 8 1 2.82843
118 7 1 2.64575
119 3 1 1.73205
120 6 1 2.44949
121 5 1 2.23607
122 3 1 1.73205
123 6 1 2.44949
124 3 1 1.73205
125 2 1 1.41421
126 6 1 2.44949
127 5 1 2.23607
128 7 1 2.64575
129 4 1 2
130 3 1 1.73205
131 3 1 1.73205
132 6 1 2.44949
133 2 1 1.41421
134 4 1 2
135 6 1 2.44949
136 5 1 2.23607
137 7 1 2.64575
138 3 1 1.73205
139 2 1 1.41421
140 1 1 1
141 2 1 1.41421
142 2 1 1.41421
143 6 1 2.44949
144 2 1 1.41421
145 2 1 1.41421
146 6 1 2.44949
147 3 1 1.73205
148 4 1 2
149 4 1 2
150 6 1 2.44949
151 5 1 2.23607
152 1 1 1
153 4 1 2
154 2 1 1.41421
155 1 1 1
156 4 1 2
157 4 1 2
158 2 1 1.41421
159 4 1 2
160 2 1 1.41421
161 2 1 1.41421
162 6 1 2.44949
163 0 1 0
164 2 1 1.41421
165 1 1 1
166 1 1 1
167 6 1 2.44949
168 2 1 1.41421
169 3 1 1.73205
170 2 1 1.41421
171 3 1 1.73205
172 2 1 1.41421
173 2 1 1.41421
174 1 1 1
175 1 1 1
176 4 1 2
177 3 1 1.73205
178 3 1 1.73205
179 0 1 0
180 3 1 1.73205
181 2 1 1.41421
182 0 1 0
183 5 1 2.23607
184 3 1 1.73205
185 3 1 1.73205
186 3 1 1.73205
187 2 1 1.41421
188 5 1 2.23607
189 2 1 1.41421
190 5 1 2.23607
191 2 1 1.41421
192 5 1 2.23607
193 2 1 1.41421
194 2 1 1.41421
195 0 1 0
196 2 1 1.41421
197 1 1 1
198 1 1 1
199 1 1 1
