0 0 1 0
1 0 1 0
2 14 1 3.74166
3 198 1 14.0712
4 4433 1 66.5808
5 8492 1 92.152
6 8903 1 94.3557
7 7911 1 88.9438
8 6799 1 82.456
9 5763 1 75.9144
10 5000 1 70.7107
11 4307 1 65.6277
12 3767 1 61.3759
13 3250 1 57.0088
14 2924 1 54.074
15 2574 1 50.7346
16 2311 1 48.0729
17 2168 1 46.5618
18 1840 1 42.8952
19 1700 1 41.2311
20 1548 1 39.3446
21 1440 1 37.9473
22 1261 1 35.5106
23 1202 1 34.6699
24 1109 1 33.3017
25 1015 1 31.8591
26 969 1 31.1288
27 812 1 28.4956
28 819 1 28.6182
29 777 1 27.8747
30 707 1 26.5895
31 636 1 25.219
32 669 1 25.865
33 606 1 24.6171
34 550 1 23.4521
35 552 1 23.4947
36 466 1 21.587
37 428 1 20.6882
38 407 1 20.1742
39 398 1 19.9499
40 356 1 18.868
41 364 1 19.0788
42 303 1 17.4069
43 310 1 17.6068
44 290 1 17.0294
45 256 1 16
46 271 1 16.4621
47 257 1 16.0312
48 254 1 15.9374
49 216 1 14.6969
50 222 1 14.8997
51 232 1 15.2315
52 195 1 13.9642
53 201 1 14.1774
54 193 1 13.8924
55 156 1 12.49
56 188 1 13.7113
57 178 1 13.3417
58 158 1 12.5698
59 143 1 11.9583
60 118 1 10.8628
61 152 1 12.3288
62 129 1 11.3578
63 123 1 11.0905
64 114 1 10.6771
65 97 1 9.84886
66 108 1 10.3923
67 108 1 10.3923
68 95 1 9.74679
69 86 1 9.27362
70 100 1 10
71 88 1 9.38083
72 79 1 8.88819
73 81 1 9
74 64 1 8
75 84 1 9.16515
76 89 1 9.43398
77 69 1 8.30662
78 50 1 7.07107
79 70 1 8.3666
80 59 1 7.68115
81 66 1 8.12404
82 58 1 7.61577
83 49 1 7
84 54 1 7.34847
85 60 1 7.74597
86 38 1 6.16441
87 63 1 7.93725
88 55 1 7.4162
89 48 1 6.9282
90 43 1 6.55744
91 41 1 6.40312
92 45 1 6.7082
93 34 1 5.83095
94 38 1 6.16441
95 32 1 5.65685
96 51 1 7.14143
97 29 1 5.38516
98 47 1 6.85565
99 34 1 5.83095
100 33 1 5.74456
101 38 1 6.16441
102 43 1 6.55744
103 31 1 5.56776
104 31 1 5.56776
105 18 1 4.24264
106 29 1 5.38516
107 23 1 4.79583
108 29 1 5.38516
109 22 1 4.69042
110 26 1 5.09902
111 26 1 5.09902
112 26 1 5.09902
113 23 1 4.79583
114 28 1 5.2915
115 30 1 5.47723
116 26 1 5.09902
117 25 1 5
118 12 1 3.4641
119 14 1 3.74166
120 21 1 4.58258
121 12 1 3.4641
122 14 1 3.74166
123 14 1 3.74166
124 12 1 3.4641
125 18 1 4.24264
126 15 1 3.87298
127 21 1 4.58258
128 12 1 3.4641
129 19 1 4.3589
130 15 1 3.87298
131 17 1 4.12311
132 12 1 3.4641
133 18 1 4.24264
134 15 1 3.87298
135 20 1 4.47214
136 11 1 3.31662
137 16 1 4
138 8 1 2.82843
139 11 1 3.31662
140 10 1 3.16228
141 11 1 3.31662
142 13 1 3.60555
143 6 1 2.44949
144 3 1 1.73205
145 12 1 3.4641
146 8 1 2.82843
147 11 1 3.31662
148 10 1 3.16228
149 9 1 3
150 8 1 2.82843
151 10 1 3.16228
152 10 1 3.16228
153 7 1 2.64575
154 5 1 2.23607
155 11 1 3.31662
156 7 1 2.64575
157 8 1 2.82843
158 6 1 2.44949
159 10 1 3.16228
160 3 1 1.73205
161 5 1 2.23607
162 10 1 3.16228
163 5 1 2.23607
164 12 1 3.4641
165 7 1 2.64575
166 7 1 2.64575
167 9 1 3
168 5 1 2.23607
169 11 1 3.31662
170 3 1 1.73205
171 11 1 3.31662
172 9 1 3
173 5 1 2.23607
174 4 1 2
175 2 1 1.41421
176 3 1 1.73205
177 5 1 2.23607
178 3 1 1.73205
179 4 1 2
180 2 1 1.41421
181 6 1 2.44949
182 4 1 2
183 5 1 2.23607
184 2 1 1.41421
185 3 1 1.73205
186 4 1 2
187 4 1 2
188 3 1 1.73205
189 2 1 1.41421
190 4 1 2
191 3 1 1.73205
192 0 1 0
193 3 1 1.73205
194 4 1 2
195 5 1 2.23607
196 1 1 1
197 3 1 1.73205
198 4 1 2
199 2 1 1.41421
