0 0 1 0
1 0 1 0
2 72 1 8.48528
3 320 1 17.8885
4 4676 1 68.3813
5 6633 1 81.4432
6 6224 1 78.8923
7 5285 1 72.698
8 4080 1 63.8749
9 3374 1 58.0861
10 2764 1 52.5738
11 2296 1 47.9166
12 1939 1 44.0341
13 1759 1 41.9404
14 1526 1 39.064
15 1304 1 36.1109
16 1187 1 34.4529
17 1029 1 32.078
18 957 1 30.9354
19 834 1 28.8791
20 777 1 27.8747
21 732 1 27.0555
22 684 1 26.1534
23 633 1 25.1595
24 565 1 23.7697
25 532 1 23.0651
26 501 1 22.383
27 450 1 21.2132
28 417 1 20.4206
29 402 1 20.0499
30 342 1 18.4932
31 370 1 19.2354
32 324 1 18
33 322 1 17.9444
34 303 1 17.4069
35 303 1 17.4069
36 248 1 15.748
37 235 1 15.3297
38 218 1 14.7648
39 224 1 14.9666
40 247 1 15.7162
41 229 1 15.1327
42 182 1 13.4907
43 172 1 13.1149
44 198 1 14.0712
45 177 1 13.3041
46 154 1 12.4097
47 190 1 13.784
48 148 1 12.1655
49 130 1 11.4018
50 116 1 10.7703
51 131 1 11.4455
52 128 1 11.3137
53 109 1 10.4403
54 107 1 10.3441
55 112 1 10.583
56 112 1 10.583
57 85 1 9.21954
58 97 1 9.84886
59 99 1 9.94987
60 106 1 10.2956
61 97 1 9.84886
62 91 1 9.53939
63 81 1 9
64 90 1 9.48683
65 85 1 9.21954
66 73 1 8.544
67 66 1 8.12404
68 78 1 8.83176
69 67 1 8.18535
70 55 1 7.4162
71 66 1 8.12404
72 59 1 7.68115
73 65 1 8.06226
74 48 1 6.9282
75 55 1 7.4162
76 58 1 7.61577
77 47 1 6.85565
78 44 1 6.63325
79 47 1 6.85565
80 39 1 6.245
81 38 1 6.16441
82 34 1 5.83095
83 44 1 6.63325
84 45 1 6.7082
85 40 1 6.32456
86 37 1 6.08276
87 37 1 6.08276
88 29 1 5.38516
89 40 1 6.32456
90 37 1 6.08276
91 22 1 4.69042
92 25 1 5
93 29 1 5.38516
94 30 1 5.47723
95 31 1 5.56776
96 31 1 5.56776
97 28 1 5.2915
98 24 1 4.89898
99 23 1 4.79583
100 19 1 4.3589
101 18 1 4.24264
102 31 1 5.56776
103 17 1 4.12311
104 25 1 5
105 19 1 4.3589
106 21 1 4.58258
107 15 1 3.87298
108 25 1 5
109 15 1 3.87298
110 19 1 4.3589
111 12 1 3.4641
112 21 1 4.58258
113 12 1 3.4641
114 13 1 3.60555
115 15 1 3.87298
116 25 1 5
117 11 1 3.31662
118 13 1 3.60555
119 14 1 3.74166
120 16 1 4
121 15 1 3.87298
122 18 1 4.24264
123 8 1 2.82843
124 17 1 4.12311
125 13 1 3.60555
126 13 1 3.60555
127 13 1 3.60555
128 8 1 2.82843
129 11 1 3.31662
130 13 1 3.60555
131 12 1 3.4641
132 12 1 3.4641
133 12 1 3.4641
134 12 1 3.4641
135 9 1 3
136 12 1 3.4641
137 9 1 3
138 9 1 3
139 7 1 2.64575
140 7 1 2.64575
141 4 1 2
142 7 1 2.64575
143 5 1 2.23607
144 11 1 3.31662
145 13 1 3.60555
146 5 1 2.23607
147 10 1 3.16228
148 10 1 3.16228
149 9 1 3
150 9 1 3
151 8 1 2.82843
152 4 1 2
153 4 1 2
154 10 1 3.16228
155 9 1 3
156 10 1 3.16228
157 3 1 1.73205
158 6 1 2.44949
159 8 1 2.82843
160 7 1 2.64575
161 10 1 3.16228
162 2 1 1.41421
163 9 1 3
164 5 1 2.23607
165 9 1 3
166 3 1 1.73205
167 6 1 2.44949
168 12 1 3.4641
169 6 1 2.44949
170 4 1 2
171 5 1 2.23607
172 8 1 2.82843
173 5 1 2.23607
174 4 1 2
175 8 1 2.82843
176 5 1 2.23607
177 4 1 2
178 6 1 2.44949
179 7 1 2.64575
180 6 1 2.44949
181 3 1 1.73205
182 3 1 1.73205
183 5 1 2.23607
184 6 1 2.44949
185 4 1 2
186 4 1 2
187 4 1 2
188 2 1 1.41421
189 1 1 1
190 3 1 1.73205
191 6 1 2.44949
192 1 1 1
193 2 1 1.41421
194 5 1 2.23607
195 4 1 2
196 4 1 2
197 4 1 2
198 2 1 1.41421
199 4 1 2
