0 0 1 0
1 0 1 0
2 13 1 3.60555
3 59 1 7.68115
4 1014 1 31.8434
5 1275 1 35.7071
6 1315 1 36.2629
7 1251 1 35.3695
8 1110 1 33.3167
9 872 1 29.5296
10 645 1 25.3969
11 467 1 21.6102
12 366 1 19.1311
13 279 1 16.7033
14 180 1 13.4164
15 134 1 11.5758
16 105 1 10.247
17 90 1 9.48683
18 88 1 9.38083
19 65 1 8.06226
20 51 1 7.14143
21 51 1 7.14143
22 44 1 6.63325
23 37 1 6.08276
24 29 1 5.38516
25 20 1 4.47214
26 19 1 4.3589
27 14 1 3.74166
28 9 1 3
29 9 1 3
30 11 1 3.31662
31 11 1 3.31662
32 9 1 3
33 3 1 1.73205
34 10 1 3.16228
35 7 1 2.64575
36 6 1 2.44949
37 5 1 2.23607
38 3 1 1.73205
39 4 1 2
40 10 1 3.16228
41 3 1 1.73205
42 4 1 2
43 1 1 1
44 3 1 1.73205
45 2 1 1.41421
46 8 1 2.82843
47 0 1 0
48 1 1 1
49 0 1 0
50 1 1 1
51 2 1 1.41421
52 1 1 1
53 1 1 1
54 1 1 1
55 2 1 1.41421
56 1 1 1
57 1 1 1
58 0 1 0
59 0 1 0
60 3 1 1.73205
61 1 1 1
62 1 1 1
63 0 1 0
64 1 1 1
65 1 1 1
66 0 1 0
67 0 1 0
68 0 1 0
69 0 1 0
70 1 1 1
71 0 1 0
72 1 1 1
73 0 1 0
74 0 1 0
75 0 1 0
76 2 1 1.41421
77 0 1 0
78 1 1 1
79 1 1 1
80 0 1 0
81 0 1 0
82 0 1 0
83 0 1 0
84 0 1 0
85 0 1 0
86 1 1 1
87 0 1 0
88 0 1 0
89 0 1 0
90 0 1 0
91 0 1 0
92 0 1 0
93 1 1 1
94 0 1 0
95 0 1 0
96 0 1 0
97 0 1 0
98 0 1 0
99 0 1 0
100 0 1 0
101 0 1 0
102 0 1 0
103 0 1 0
104 0 1 0
105 0 1 0
106 0 1 0
107 0 1 0
108 1 1 1
109 0 1 0
110 0 1 0
111 0 1 0
112 1 1 1
113 0 1 0
114 0 1 0
115 0 1 0
116 0 1 0
117 0 1 0
118 0 1 0
119 0 1 0
120 0 1 0
121 0 1 0
122 0 1 0
123 0 1 0
124 0 1 0
125 0 1 0
126 0 1 0
127 0 1 0
128 0 1 0
129 0 1 0
130 0 1 0
131 0 1 0
132 0 1 0
133 0 1 0
134 0 1 0
135 0 1 0
136 0 1 0
137 0 1 0
138 0 1 0
139 0 1 0
140 0 1 0
141 0 1 0
142 0 1 0
143 0 1 0
144 0 1 0
145 0 1 0
146 0 1 0
147 0 1 0
148 0 1 0
149 0 1 0
150 0 1 0
151 0 1 0
152 0 1 0
153 0 1 0
154 0 1 0
155 0 1 0
156 0 1 0
157 0 1 0
158 0 1 0
159 0 1 0
160 0 1 0
161 0 1 0
162 0 1 0
163 0 1 0
164 0 1 0
165 0 1 0
166 0 1 0
167 0 1 0
168 0 1 0
169 0 1 0
170 0 1 0
171 0 1 0
172 0 1 0
173 0 1 0
174 0 1 0
175 0 1 0
176 0 1 0
177 0 1 0
178 0 1 0
179 0 1 0
180 0 1 0
181 0 1 0
182 0 1 0
183 0 1 0
184 0 1 0
185 0 1 0
186 0 1 0
187 0 1 0
188 0 1 0
189 0 1 0
190 0 1 0
191 0 1 0
192 0 1 0
193 0 1 0
194 0 1 0
195 0 1 0
196 0 1 0
197 0 1 0
198 0 1 0
199 0 1 0
