0 0 1 0
1 0 1 0
2 6 1 2.44949
3 59 1 7.68115
4 617 1 24.8395
5 863 1 29.3769
6 951 1 30.8383
7 1067 1 32.665
8 1007 1 31.7333
9 920 1 30.3315
10 829 1 28.7924
11 693 1 26.3249
12 553 1 23.516
13 449 1 21.1896
14 337 1 18.3576
15 328 1 18.1108
16 213 1 14.5945
17 163 1 12.7671
18 144 1 12
19 107 1 10.3441
20 90 1 9.48683
21 71 1 8.42615
22 66 1 8.12404
23 45 1 6.7082
24 41 1 6.40312
25 39 1 6.245
26 43 1 6.55744
27 38 1 6.16441
28 26 1 5.09902
29 31 1 5.56776
30 20 1 4.47214
31 19 1 4.3589
32 18 1 4.24264
33 20 1 4.47214
34 11 1 3.31662
35 10 1 3.16228
36 6 1 2.44949
37 6 1 2.44949
38 8 1 2.82843
39 8 1 2.82843
40 5 1 2.23607
41 8 1 2.82843
42 6 1 2.44949
43 7 1 2.64575
44 5 1 2.23607
45 10 1 3.16228
46 6 1 2.44949
47 5 1 2.23607
48 3 1 1.73205
49 2 1 1.41421
50 1 1 1
51 2 1 1.41421
52 6 1 2.44949
53 1 1 1
54 4 1 2
55 2 1 1.41421
56 2 1 1.41421
57 3 1 1.73205
58 0 1 0
59 3 1 1.73205
60 2 1 1.41421
61 0 1 0
62 2 1 1.41421
63 3 1 1.73205
64 1 1 1
65 1 1 1
66 4 1 2
67 0 1 0
68 0 1 0
69 1 1 1
70 2 1 1.41421
71 2 1 1.41421
72 0 1 0
73 0 1 0
74 1 1 1
75 1 1 1
76 0 1 0
77 0 1 0
78 1 1 1
79 1 1 1
80 0 1 0
81 0 1 0
82 1 1 1
83 0 1 0
84 0 1 0
85 1 1 1
86 0 1 0
87 2 1 1.41421
88 0 1 0
89 0 1 0
90 0 1 0
91 1 1 1
92 0 1 0
93 0 1 0
94 0 1 0
95 0 1 0
96 0 1 0
97 0 1 0
98 0 1 0
99 0 1 0
100 0 1 0
101 1 1 1
102 1 1 1
103 0 1 0
104 1 1 1
105 0 1 0
106 0 1 0
107 0 1 0
108 0 1 0
109 0 1 0
110 0 1 0
111 0 1 0
112 0 1 0
113 1 1 1
114 0 1 0
115 0 1 0
116 0 1 0
117 1 1 1
118 0 1 0
119 0 1 0
120 0 1 0
121 0 1 0
122 0 1 0
123 0 1 0
124 0 1 0
125 0 1 0
126 0 1 0
127 0 1 0
128 0 1 0
129 0 1 0
130 0 1 0
131 0 1 0
132 0 1 0
133 0 1 0
134 0 1 0
135 0 1 0
136 0 1 0
137 0 1 0
138 0 1 0
139 0 1 0
140 0 1 0
141 0 1 0
142 0 1 0
143 0 1 0
144 0 1 0
145 0 1 0
146 0 1 0
147 0 1 0
148 0 1 0
149 0 1 0
150 0 1 0
151 0 1 0
152 0 1 0
153 0 1 0
154 0 1 0
155 0 1 0
156 0 1 0
157 0 1 0
158 0 1 0
159 1 1 1
160 0 1 0
161 0 1 0
162 0 1 0
163 0 1 0
164 0 1 0
165 1 1 1
166 0 1 0
167 0 1 0
168 0 1 0
169 0 1 0
170 1 1 1
171 0 1 0
172 0 1 0
173 0 1 0
174 0 1 0
175 0 1 0
176 0 1 0
177 0 1 0
178 0 1 0
179 0 1 0
180 0 1 0
181 0 1 0
182 0 1 0
183 0 1 0
184 0 1 0
185 0 1 0
186 0 1 0
187 0 1 0
188 0 1 0
189 0 1 0
190 0 1 0
191 0 1 0
192 0 1 0
193 0 1 0
194 0 1 0
195 0 1 0
196 0 1 0
197 0 1 0
198 0 1 0
199 0 1 0
