0 0 1 0
1 0 1 0
2 5 1 2.23607
3 23 1 4.79583
4 358 1 18.9209
5 735 1 27.1109
6 1000 1 31.6228
7 1217 1 34.8855
8 1397 1 37.3765
9 1468 1 38.3145
10 1600 1 40
11 1583 1 39.7869
12 1564 1 39.5474
13 1516 1 38.9358
14 1444 1 38
15 1331 1 36.4829
16 1299 1 36.0416
17 1262 1 35.5246
18 1131 1 33.6303
19 1028 1 32.0624
20 977 1 31.257
21 907 1 30.1164
22 787 1 28.0535
23 766 1 27.6767
24 729 1 27
25 643 1 25.3574
26 634 1 25.1794
27 529 1 23
28 526 1 22.9347
29 495 1 22.2486
30 443 1 21.0476
31 396 1 19.8997
32 404 1 20.0998
33 377 1 19.4165
34 324 1 18
35 301 1 17.3494
36 251 1 15.843
37 227 1 15.0665
38 204 1 14.2829
39 192 1 13.8564
40 181 1 13.4536
41 152 1 12.3288
42 152 1 12.3288
43 130 1 11.4018
44 130 1 11.4018
45 119 1 10.9087
46 122 1 11.0454
47 107 1 10.3441
48 88 1 9.38083
49 97 1 9.84886
50 84 1 9.16515
51 90 1 9.48683
52 75 1 8.66025
53 56 1 7.48331
54 79 1 8.88819
55 59 1 7.68115
56 57 1 7.54983
57 66 1 8.12404
58 44 1 6.63325
59 39 1 6.245
60 36 1 6
61 38 1 6.16441
62 39 1 6.245
63 35 1 5.91608
64 30 1 5.47723
65 19 1 4.3589
66 27 1 5.19615
67 27 1 5.19615
68 27 1 5.19615
69 19 1 4.3589
70 19 1 4.3589
71 21 1 4.58258
72 15 1 3.87298
73 13 1 3.60555
74 13 1 3.60555
75 16 1 4
76 24 1 4.89898
77 17 1 4.12311
78 8 1 2.82843
79 15 1 3.87298
80 11 1 3.31662
81 16 1 4
82 9 1 3
83 5 1 2.23607
84 4 1 2
85 13 1 3.60555
86 5 1 2.23607
87 13 1 3.60555
88 11 1 3.31662
89 8 1 2.82843
90 6 1 2.44949
91 7 1 2.64575
92 7 1 2.64575
93 6 1 2.44949
94 9 1 3
95 7 1 2.64575
96 11 1 3.31662
97 2 1 1.41421
98 7 1 2.64575
99 4 1 2
100 3 1 1.73205
101 5 1 2.23607
102 4 1 2
103 6 1 2.44949
104 5 1 2.23607
105 5 1 2.23607
106 6 1 2.44949
107 4 1 2
108 5 1 2.23607
109 1 1 1
110 5 1 2.23607
111 2 1 1.41421
112 2 1 1.41421
113 3 1 1.73205
114 4 1 2
115 5 1 2.23607
116 2 1 1.41421
117 3 1 1.73205
118 0 1 0
119 1 1 1
120 1 1 1
121 1 1 1
122 3 1 1.73205
123 1 1 1
124 1 1 1
125 2 1 1.41421
126 0 1 0
127 2 1 1.41421
128 2 1 1.41421
129 2 1 1.41421
130 3 1 1.73205
131 0 1 0
132 2 1 1.41421
133 2 1 1.41421
134 1 1 1
135 2 1 1.41421
136 0 1 0
137 2 1 1.41421
138 0 1 0
139 0 1 0
140 0 1 0
141 1 1 1
142 2 1 1.41421
143 1 1 1
144 0 1 0
145 2 1 1.41421
146 1 1 1
147 1 1 1
148 0 1 0
149 0 1 0
150 0 1 0
151 1 1 1
152 0 1 0
153 0 1 0
154 1 1 1
155 0 1 0
156 2 1 1.41421
157 0 1 0
158 0 1 0
159 2 1 1.41421
160 0 1 0
161 0 1 0
162 0 1 0
163 0 1 0
164 1 1 1
165 2 1 1.41421
166 0 1 0
167 2 1 1.41421
168 0 1 0
169 0 1 0
170 0 1 0
171 0 1 0
172 2 1 1.41421
173 0 1 0
174 0 1 0
175 0 1 0
176 1 1 1
177 0 1 0
178 0 1 0
179 0 1 0
180 0 1 0
181 0 1 0
182 1 1 1
183 0 1 0
184 0 1 0
185 0 1 0
186 1 1 1
187 0 1 0
188 0 1 0
189 1 1 1
190 0 1 0
191 0 1 0
192 0 1 0
193 0 1 0
194 0 1 0
195 0 1 0
196 0 1 0
197 0 1 0
198 1 1 1
199 0 1 0
