0 0 1 0
1 0 1 0
2 4 1 2
3 56 1 7.48331
4 1046 1 32.3419
5 1474 1 38.3927
6 1257 1 35.4542
7 869 1 29.4788
8 557 1 23.6008
9 375 1 19.3649
10 230 1 15.1658
11 152 1 12.3288
12 116 1 10.7703
13 92 1 9.59166
14 65 1 8.06226
15 45 1 6.7082
16 29 1 5.38516
17 41 1 6.40312
18 22 1 4.69042
19 20 1 4.47214
20 20 1 4.47214
21 13 1 3.60555
22 13 1 3.60555
23 20 1 4.47214
24 19 1 4.3589
25 11 1 3.31662
26 10 1 3.16228
27 9 1 3
28 3 1 1.73205
29 6 1 2.44949
30 7 1 2.64575
31 12 1 3.4641
32 2 1 1.41421
33 5 1 2.23607
34 7 1 2.64575
35 5 1 2.23607
36 8 1 2.82843
37 5 1 2.23607
38 4 1 2
39 4 1 2
40 3 1 1.73205
41 2 1 1.41421
42 3 1 1.73205
43 2 1 1.41421
44 2 1 1.41421
45 0 1 0
46 1 1 1
47 2 1 1.41421
48 0 1 0
49 1 1 1
50 1 1 1
51 0 1 0
52 1 1 1
53 1 1 1
54 0 1 0
55 3 1 1.73205
56 0 1 0
57 0 1 0
58 0 1 0
59 1 1 1
60 0 1 0
61 2 1 1.41421
62 1 1 1
63 0 1 0
64 0 1 0
65 0 1 0
66 0 1 0
67 1 1 1
68 0 1 0
69 0 1 0
70 0 1 0
71 0 1 0
72 1 1 1
73 0 1 0
74 0 1 0
75 0 1 0
76 0 1 0
77 0 1 0
78 0 1 0
79 0 1 0
80 0 1 0
81 1 1 1
82 0 1 0
83 1 1 1
84 0 1 0
85 0 1 0
86 0 1 0
87 0 1 0
88 0 1 0
89 0 1 0
90 1 1 1
91 0 1 0
92 0 1 0
93 1 1 1
94 0 1 0
95 0 1 0
96 0 1 0
97 0 1 0
98 0 1 0
99 0 1 0
100 0 1 0
101 0 1 0
102 0 1 0
103 0 1 0
104 0 1 0
105 1 1 1
106 0 1 0
107 0 1 0
108 0 1 0
109 0 1 0
110 1 1 1
111 0 1 0
112 0 1 0
113 0 1 0
114 0 1 0
115 0 1 0
116 0 1 0
117 0 1 0
118 0 1 0
119 0 1 0
120 0 1 0
121 0 1 0
122 0 1 0
123 0 1 0
124 0 1 0
125 0 1 0
126 0 1 0
127 0 1 0
128 0 1 0
129 0 1 0
130 0 1 0
131 0 1 0
132 0 1 0
133 0 1 0
134 0 1 0
135 0 1 0
136 0 1 0
137 0 1 0
138 0 1 0
139 0 1 0
140 0 1 0
141 0 1 0
142 0 1 0
143 0 1 0
144 0 1 0
145 0 1 0
146 0 1 0
147 0 1 0
148 0 1 0
149 1 1 1
150 0 1 0
151 0 1 0
152 0 1 0
153 0 1 0
154 0 1 0
155 0 1 0
156 0 1 0
157 0 1 0
158 0 1 0
159 0 1 0
160 0 1 0
161 0 1 0
162 0 1 0
163 0 1 0
164 0 1 0
165 0 1 0
166 0 1 0
167 0 1 0
168 0 1 0
169 0 1 0
170 0 1 0
171 0 1 0
172 0 1 0
173 0 1 0
174 0 1 0
175 0 1 0
176 0 1 0
177 0 1 0
178 0 1 0
179 0 1 0
180 0 1 0
181 0 1 0
182 0 1 0
183 0 1 0
184 0 1 0
185 0 1 0
186 0 1 0
187 0 1 0
188 0 1 0
189 0 1 0
190 0 1 0
191 0 1 0
192 0 1 0
193 0 1 0
194 0 1 0
195 0 1 0
196 0 1 0
197 0 1 0
198 0 1 0
199 0 1 0
