0 0 1 0
1 0 1 0
2 5 1 2.23607
3 18 1 4.24264
4 188 1 13.7113
5 305 1 17.4642
6 408 1 20.199
7 499 1 22.3383
8 629 1 25.0799
9 645 1 25.3969
10 567 1 23.8118
11 612 1 24.7386
12 565 1 23.7697
13 542 1 23.2809
14 503 1 22.4277
15 448 1 21.166
16 504 1 22.4499
17 424 1 20.5913
18 396 1 19.8997
19 367 1 19.1572
20 350 1 18.7083
21 352 1 18.7617
22 296 1 17.2047
23 305 1 17.4642
24 266 1 16.3095
25 259 1 16.0935
26 262 1 16.1864
27 220 1 14.8324
28 201 1 14.1774
29 216 1 14.6969
30 197 1 14.0357
31 162 1 12.7279
32 158 1 12.5698
33 156 1 12.49
34 156 1 12.49
35 136 1 11.6619
36 106 1 10.2956
37 110 1 10.4881
38 111 1 10.5357
39 99 1 9.94987
40 103 1 10.1489
41 76 1 8.7178
42 89 1 9.43398
43 83 1 9.11043
44 65 1 8.06226
45 89 1 9.43398
46 69 1 8.30662
47 64 1 8
48 72 1 8.48528
49 52 1 7.2111
50 55 1 7.4162
51 58 1 7.61577
52 52 1 7.2111
53 37 1 6.08276
54 45 1 6.7082
55 38 1 6.16441
56 44 1 6.63325
57 43 1 6.55744
58 37 1 6.08276
59 29 1 5.38516
60 39 1 6.245
61 30 1 5.47723
62 22 1 4.69042
63 32 1 5.65685
64 26 1 5.09902
65 22 1 4.69042
66 19 1 4.3589
67 23 1 4.79583
68 33 1 5.74456
69 27 1 5.19615
70 25 1 5
71 24 1 4.89898
72 23 1 4.79583
73 15 1 3.87298
74 31 1 5.56776
75 15 1 3.87298
76 15 1 3.87298
77 16 1 4
78 16 1 4
79 20 1 4.47214
80 13 1 3.60555
81 15 1 3.87298
82 24 1 4.89898
83 13 1 3.60555
84 11 1 3.31662
85 19 1 4.3589
86 18 1 4.24264
87 10 1 3.16228
88 12 1 3.4641
89 10 1 3.16228
90 12 1 3.4641
91 11 1 3.31662
92 13 1 3.60555
93 8 1 2.82843
94 4 1 2
95 8 1 2.82843
96 7 1 2.64575
97 10 1 3.16228
98 4 1 2
99 5 1 2.23607
100 8 1 2.82843
101 9 1 3
102 6 1 2.44949
103 3 1 1.73205
104 13 1 3.60555
105 9 1 3
106 7 1 2.64575
107 6 1 2.44949
108 7 1 2.64575
109 7 1 2.64575
110 7 1 2.64575
111 4 1 2
112 4 1 2
113 4 1 2
114 5 1 2.23607
115 4 1 2
116 5 1 2.23607
117 4 1 2
118 0 1 0
119 0 1 0
120 6 1 2.44949
121 2 1 1.41421
122 2 1 1.41421
123 2 1 1.41421
124 5 1 2.23607
125 0 1 0
126 5 1 2.23607
127 1 1 1
128 2 1 1.41421
129 2 1 1.41421
130 3 1 1.73205
131 0 1 0
132 1 1 1
133 2 1 1.41421
134 2 1 1.41421
135 1 1 1
136 2 1 1.41421
137 2 1 1.41421
138 0 1 0
139 0 1 0
140 2 1 1.41421
141 1 1 1
142 3 1 1.73205
143 2 1 1.41421
144 1 1 1
145 3 1 1.73205
146 1 1 1
147 2 1 1.41421
148 2 1 1.41421
149 0 1 0
150 2 1 1.41421
151 1 1 1
152 0 1 0
153 3 1 1.73205
154 0 1 0
155 1 1 1
156 0 1 0
157 3 1 1.73205
158 2 1 1.41421
159 4 1 2
160 2 1 1.41421
161 2 1 1.41421
162 1 1 1
163 0 1 0
164 0 1 0
165 1 1 1
166 0 1 0
167 1 1 1
168 1 1 1
169 0 1 0
170 0 1 0
171 1 1 1
172 0 1 0
173 2 1 1.41421
174 2 1 1.41421
175 1 1 1
176 1 1 1
177 2 1 1.41421
178 0 1 0
179 1 1 1
180 0 1 0
181 1 1 1
182 1 1 1
183 0 1 0
184 0 1 0
185 0 1 0
186 0 1 0
187 1 1 1
188 0 1 0
189 0 1 0
190 0 1 0
191 0 1 0
192 0 1 0
193 1 1 1
194 0 1 0
195 1 1 1
196 0 1 0
197 0 1 0
198 0 1 0
199 0 1 0
