0 0 1 0
1 0 1 0
2 3 1 1.73205
3 17 1 4.12311
4 242 1 15.5563
5 607 1 24.6374
6 851 1 29.1719
7 806 1 28.3901
8 657 1 25.632
9 526 1 22.9347
10 398 1 19.9499
11 345 1 18.5742
12 228 1 15.0997
13 221 1 14.8661
14 193 1 13.8924
15 134 1 11.5758
16 123 1 11.0905
17 110 1 10.4881
18 78 1 8.83176
19 79 1 8.88819
20 62 1 7.87401
21 55 1 7.4162
22 59 1 7.68115
23 61 1 7.81025
24 41 1 6.40312
25 36 1 6
26 43 1 6.55744
27 36 1 6
28 25 1 5
29 23 1 4.79583
30 22 1 4.69042
31 30 1 5.47723
32 21 1 4.58258
33 22 1 4.69042
34 19 1 4.3589
35 15 1 3.87298
36 24 1 4.89898
37 18 1 4.24264
38 18 1 4.24264
39 14 1 3.74166
40 17 1 4.12311
41 14 1 3.74166
42 8 1 2.82843
43 13 1 3.60555
44 17 1 4.12311
45 9 1 3
46 9 1 3
47 11 1 3.31662
48 10 1 3.16228
49 9 1 3
50 10 1 3.16228
51 12 1 3.4641
52 5 1 2.23607
53 4 1 2
54 7 1 2.64575
55 6 1 2.44949
56 5 1 2.23607
57 6 1 2.44949
58 6 1 2.44949
59 6 1 2.44949
60 1 1 1
61 5 1 2.23607
62 3 1 1.73205
63 4 1 2
64 4 1 2
65 5 1 2.23607
66 4 1 2
67 5 1 2.23607
68 6 1 2.44949
69 3 1 1.73205
70 5 1 2.23607
71 3 1 1.73205
72 3 1 1.73205
73 5 1 2.23607
74 2 1 1.41421
75 3 1 1.73205
76 2 1 1.41421
77 5 1 2.23607
78 2 1 1.41421
79 5 1 2.23607
80 3 1 1.73205
81 5 1 2.23607
82 3 1 1.73205
83 1 1 1
84 2 1 1.41421
85 2 1 1.41421
86 1 1 1
87 2 1 1.41421
88 6 1 2.44949
89 3 1 1.73205
90 1 1 1
91 0 1 0
92 0 1 0
93 2 1 1.41421
94 1 1 1
95 1 1 1
96 3 1 1.73205
97 2 1 1.41421
98 2 1 1.41421
99 3 1 1.73205
100 3 1 1.73205
101 1 1 1
102 1 1 1
103 3 1 1.73205
104 0 1 0
105 1 1 1
106 3 1 1.73205
107 1 1 1
108 1 1 1
109 1 1 1
110 2 1 1.41421
111 1 1 1
112 3 1 1.73205
113 2 1 1.41421
114 2 1 1.41421
115 1 1 1
116 1 1 1
117 1 1 1
118 2 1 1.41421
119 1 1 1
120 1 1 1
121 1 1 1
122 1 1 1
123 0 1 0
124 1 1 1
125 0 1 0
126 0 1 0
127 0 1 0
128 2 1 1.41421
129 0 1 0
130 1 1 1
131 3 1 1.73205
132 0 1 0
133 0 1 0
134 3 1 1.73205
135 1 1 1
136 1 1 1
137 1 1 1
138 0 1 0
139 0 1 0
140 0 1 0
141 0 1 0
142 1 1 1
143 0 1 0
144 2 1 1.41421
145 0 1 0
146 1 1 1
147 2 1 1.41421
148 1 1 1
149 0 1 0
150 0 1 0
151 0 1 0
152 1 1 1
153 1 1 1
154 0 1 0
155 0 1 0
156 2 1 1.41421
157 1 1 1
158 0 1 0
159 1 1 1
160 0 1 0
161 0 1 0
162 0 1 0
163 0 1 0
164 2 1 1.41421
165 0 1 0
166 0 1 0
167 0 1 0
168 0 1 0
169 1 1 1
170 1 1 1
171 0 1 0
172 0 1 0
173 1 1 1
174 0 1 0
175 1 1 1
176 1 1 1
177 1 1 1
178 0 1 0
179 0 1 0
180 0 1 0
181 1 1 1
182 0 1 0
183 0 1 0
184 1 1 1
185 0 1 0
186 0 1 0
187 1 1 1
188 0 1 0
189 0 1 0
190 1 1 1
191 0 1 0
192 0 1 0
193 2 1 1.41421
194 1 1 1
195 1 1 1
196 0 1 0
197 0 1 0
198 2 1 1.41421
199 0 1 0
