0 0 1 0
1 0 1 0
2 0 1 0
3 1 1 1
4 26 1 5.09902
5 43 1 6.55744
6 61 1 7.81025
7 64 1 8
8 70 1 8.3666
9 81 1 9
10 96 1 9.79796
11 103 1 10.1489
12 115 1 10.7238
13 127 1 11.2694
14 127 1 11.2694
15 158 1 12.5698
16 130 1 11.4018
17 161 1 12.6886
18 154 1 12.4097
19 177 1 13.3041
20 147 1 12.1244
21 160 1 12.6491
22 147 1 12.1244
23 158 1 12.5698
24 157 1 12.53
25 157 1 12.53
26 177 1 13.3041
27 138 1 11.7473
28 159 1 12.6095
29 171 1 13.0767
30 168 1 12.9615
31 153 1 12.3693
32 174 1 13.1909
33 153 1 12.3693
34 165 1 12.8452
35 186 1 13.6382
36 159 1 12.6095
37 138 1 11.7473
38 163 1 12.7671
39 157 1 12.53
40 139 1 11.7898
41 158 1 12.5698
42 129 1 11.3578
43 134 1 11.5758
44 126 1 11.225
45 117 1 10.8167
46 124 1 11.1355
47 125 1 11.1803
48 129 1 11.3578
49 103 1 10.1489
50 104 1 10.198
51 115 1 10.7238
52 95 1 9.74679
53 122 1 11.0454
54 96 1 9.79796
55 74 1 8.60233
56 104 1 10.198
57 90 1 9.48683
58 89 1 9.43398
59 82 1 9.05539
60 64 1 8
61 95 1 9.74679
62 74 1 8.60233
63 69 1 8.30662
64 61 1 7.81025
65 62 1 7.87401
66 59 1 7.68115
67 68 1 8.24621
68 51 1 7.14143
69 50 1 7.07107
70 62 1 7.87401
71 47 1 6.85565
72 46 1 6.78233
73 46 1 6.78233
74 34 1 5.83095
75 47 1 6.85565
76 49 1 7
77 36 1 6
78 33 1 5.74456
79 39 1 6.245
80 27 1 5.19615
81 29 1 5.38516
82 39 1 6.245
83 33 1 5.74456
84 38 1 6.16441
85 33 1 5.74456
86 21 1 4.58258
87 32 1 5.65685
88 28 1 5.2915
89 25 1 5
90 24 1 4.89898
91 15 1 3.87298
92 22 1 4.69042
93 18 1 4.24264
94 19 1 4.3589
95 21 1 4.58258
96 26 1 5.09902
97 18 1 4.24264
98 26 1 5.09902
99 18 1 4.24264
100 17 1 4.12311
101 20 1 4.47214
102 26 1 5.09902
103 13 1 3.60555
104 18 1 4.24264
105 6 1 2.44949
106 14 1 3.74166
107 8 1 2.82843
108 15 1 3.87298
109 10 1 3.16228
110 12 1 3.4641
111 9 1 3
112 11 1 3.31662
113 16 1 4
114 21 1 4.58258
115 14 1 3.74166
116 9 1 3
117 11 1 3.31662
118 5 1 2.23607
119 6 1 2.44949
120 9 1 3
121 6 1 2.44949
122 6 1 2.44949
123 3 1 1.73205
124 8 1 2.82843
125 3 1 1.73205
126 6 1 2.44949
127 9 1 3
128 6 1 2.44949
129 9 1 3
130 8 1 2.82843
131 10 1 3.16228
132 3 1 1.73205
133 9 1 3
134 7 1 2.64575
135 8 1 2.82843
136 4 1 2
137 6 1 2.44949
138 1 1 1
139 5 1 2.23607
140 5 1 2.23607
141 4 1 2
142 6 1 2.44949
143 4 1 2
144 0 1 0
145 4 1 2
146 1 1 1
147 5 1 2.23607
148 5 1 2.23607
149 4 1 2
150 3 1 1.73205
151 5 1 2.23607
152 5 1 2.23607
153 3 1 1.73205
154 2 1 1.41421
155 4 1 2
156 2 1 1.41421
157 4 1 2
158 3 1 1.73205
159 1 1 1
160 0 1 0
161 3 1 1.73205
162 6 1 2.44949
163 2 1 1.41421
164 2 1 1.41421
165 1 1 1
166 3 1 1.73205
167 1 1 1
168 4 1 2
169 5 1 2.23607
170 1 1 1
171 4 1 2
172 6 1 2.44949
173 2 1 1.41421
174 1 1 1
175 0 1 0
176 1 1 1
177 2 1 1.41421
178 1 1 1
179 1 1 1
180 0 1 0
181 3 1 1.73205
182 1 1 1
183 2 1 1.41421
184 1 1 1
185 0 1 0
186 1 1 1
187 1 1 1
188 3 1 1.73205
189 0 1 0
190 0 1 0
191 2 1 1.41421
192 0 1 0
193 0 1 0
194 2 1 1.41421
195 3 1 1.73205
196 1 1 1
197 0 1 0
198 0 1 0
199 1 1 1
