0 0 1 0
1 0 1 0
2 1 1 1
3 1 1 1
4 11 1 3.31662
5 13 1 3.60555
6 16 1 4
7 9 1 3
8 12 1 3.4641
9 5 1 2.23607
10 7 1 2.64575
11 14 1 3.74166
12 15 1 3.87298
13 13 1 3.60555
14 14 1 3.74166
15 18 1 4.24264
16 21 1 4.58258
17 19 1 4.3589
18 15 1 3.87298
19 20 1 4.47214
20 21 1 4.58258
21 36 1 6
22 24 1 4.89898
23 16 1 4
24 23 1 4.79583
25 27 1 5.19615
26 25 1 5
27 19 1 4.3589
28 23 1 4.79583
29 23 1 4.79583
30 18 1 4.24264
31 22 1 4.69042
32 22 1 4.69042
33 20 1 4.47214
34 20 1 4.47214
35 18 1 4.24264
36 16 1 4
37 19 1 4.3589
38 15 1 3.87298
39 15 1 3.87298
40 17 1 4.12311
41 18 1 4.24264
42 17 1 4.12311
43 14 1 3.74166
44 13 1 3.60555
45 15 1 3.87298
46 21 1 4.58258
47 14 1 3.74166
48 19 1 4.3589
49 15 1 3.87298
50 18 1 4.24264
51 10 1 3.16228
52 5 1 2.23607
53 13 1 3.60555
54 8 1 2.82843
55 8 1 2.82843
56 8 1 2.82843
57 7 1 2.64575
58 11 1 3.31662
59 11 1 3.31662
60 4 1 2
61 5 1 2.23607
62 6 1 2.44949
63 8 1 2.82843
64 7 1 2.64575
65 8 1 2.82843
66 8 1 2.82843
67 8 1 2.82843
68 3 1 1.73205
69 4 1 2
70 5 1 2.23607
71 3 1 1.73205
72 5 1 2.23607
73 2 1 1.41421
74 4 1 2
75 3 1 1.73205
76 2 1 1.41421
77 2 1 1.41421
78 2 1 1.41421
79 2 1 1.41421
80 4 1 2
81 1 1 1
82 0 1 0
83 1 1 1
84 2 1 1.41421
85 1 1 1
86 0 1 0
87 2 1 1.41421
88 1 1 1
89 1 1 1
90 0 1 0
91 1 1 1
92 2 1 1.41421
93 0 1 0
94 1 1 1
95 1 1 1
96 0 1 0
97 0 1 0
98 1 1 1
99 0 1 0
100 0 1 0
101 0 1 0
102 0 1 0
103 0 1 0
104 0 1 0
105 0 1 0
106 0 1 0
107 0 1 0
108 0 1 0
109 0 1 0
110 0 1 0
111 0 1 0
112 0 1 0
113 0 1 0
114 0 1 0
115 0 1 0
116 0 1 0
117 0 1 0
118 0 1 0
119 1 1 1
120 0 1 0
121 0 1 0
122 0 1 0
123 0 1 0
124 0 1 0
125 0 1 0
126 0 1 0
127 0 1 0
128 0 1 0
129 0 1 0
130 0 1 0
131 0 1 0
132 0 1 0
133 0 1 0
134 0 1 0
135 0 1 0
136 0 1 0
137 0 1 0
138 0 1 0
139 0 1 0
140 0 1 0
141 0 1 0
142 0 1 0
143 0 1 0
144 0 1 0
145 0 1 0
146 0 1 0
147 0 1 0
148 0 1 0
149 0 1 0
150 0 1 0
151 0 1 0
152 0 1 0
153 0 1 0
154 0 1 0
155 0 1 0
156 0 1 0
157 0 1 0
158 0 1 0
159 0 1 0
160 0 1 0
161 0 1 0
162 0 1 0
163 0 1 0
164 0 1 0
165 0 1 0
166 0 1 0
167 0 1 0
168 0 1 0
169 0 1 0
170 0 1 0
171 0 1 0
172 0 1 0
173 0 1 0
174 0 1 0
175 0 1 0
176 0 1 0
177 0 1 0
178 0 1 0
179 0 1 0
180 0 1 0
181 0 1 0
182 0 1 0
183 0 1 0
184 0 1 0
185 0 1 0
186 0 1 0
187 0 1 0
188 0 1 0
189 0 1 0
190 0 1 0
191 0 1 0
192 0 1 0
193 0 1 0
194 0 1 0
195 0 1 0
196 0 1 0
197 0 1 0
198 0 1 0
199 0 1 0
