0 0 1 0
1 0 1 0
2 10 1 3.16228
3 42 1 6.48074
4 762 1 27.6043
5 1021 1 31.9531
6 1284 1 35.8329
7 1425 1 37.7492
8 1480 1 38.4708
9 1366 1 36.9594
10 1325 1 36.4005
11 1163 1 34.1028
12 1061 1 32.573
13 965 1 31.0644
14 839 1 28.9655
15 777 1 27.8747
16 713 1 26.7021
17 668 1 25.8457
18 540 1 23.2379
19 533 1 23.0868
20 482 1 21.9545
21 434 1 20.8327
22 391 1 19.7737
23 368 1 19.1833
24 358 1 18.9209
25 303 1 17.4069
26 273 1 16.5227
27 246 1 15.6844
28 222 1 14.8997
29 218 1 14.7648
30 212 1 14.5602
31 189 1 13.7477
32 168 1 12.9615
33 166 1 12.8841
34 135 1 11.619
35 139 1 11.7898
36 135 1 11.619
37 118 1 10.8628
38 134 1 11.5758
39 98 1 9.89949
40 106 1 10.2956
41 104 1 10.198
42 89 1 9.43398
43 98 1 9.89949
44 85 1 9.21954
45 74 1 8.60233
46 79 1 8.88819
47 66 1 8.12404
48 56 1 7.48331
49 57 1 7.54983
50 57 1 7.54983
51 42 1 6.48074
52 44 1 6.63325
53 56 1 7.48331
54 44 1 6.63325
55 50 1 7.07107
56 48 1 6.9282
57 39 1 6.245
58 36 1 6
59 26 1 5.09902
60 32 1 5.65685
61 39 1 6.245
62 38 1 6.16441
63 17 1 4.12311
64 29 1 5.38516
65 36 1 6
66 24 1 4.89898
67 33 1 5.74456
68 28 1 5.2915
69 19 1 4.3589
70 29 1 5.38516
71 20 1 4.47214
72 29 1 5.38516
73 20 1 4.47214
74 17 1 4.12311
75 19 1 4.3589
76 21 1 4.58258
77 21 1 4.58258
78 21 1 4.58258
79 19 1 4.3589
80 17 1 4.12311
81 17 1 4.12311
82 15 1 3.87298
83 14 1 3.74166
84 11 1 3.31662
85 17 1 4.12311
86 18 1 4.24264
87 12 1 3.4641
88 21 1 4.58258
89 13 1 3.60555
90 13 1 3.60555
91 11 1 3.31662
92 8 1 2.82843
93 10 1 3.16228
94 6 1 2.44949
95 5 1 2.23607
96 7 1 2.64575
97 13 1 3.60555
98 5 1 2.23607
99 7 1 2.64575
100 4 1 2
101 7 1 2.64575
102 9 1 3
103 15 1 3.87298
104 6 1 2.44949
105 7 1 2.64575
106 3 1 1.73205
107 13 1 3.60555
108 5 1 2.23607
109 11 1 3.31662
110 4 1 2
111 8 1 2.82843
112 5 1 2.23607
113 12 1 3.4641
114 5 1 2.23607
115 7 1 2.64575
116 5 1 2.23607
117 10 1 3.16228
118 2 1 1.41421
119 7 1 2.64575
120 3 1 1.73205
121 3 1 1.73205
122 5 1 2.23607
123 7 1 2.64575
124 1 1 1
125 5 1 2.23607
126 3 1 1.73205
127 6 1 2.44949
128 4 1 2
129 2 1 1.41421
130 4 1 2
131 0 1 0
132 1 1 1
133 1 1 1
134 0 1 0
135 2 1 1.41421
136 3 1 1.73205
137 4 1 2
138 3 1 1.73205
139 0 1 0
140 4 1 2
141 2 1 1.41421
142 3 1 1.73205
143 2 1 1.41421
144 1 1 1
145 2 1 1.41421
146 3 1 1.73205
147 1 1 1
148 2 1 1.41421
149 0 1 0
150 1 1 1
151 1 1 1
152 1 1 1
153 0 1 0
154 2 1 1.41421
155 0 1 0
156 1 1 1
157 3 1 1.73205
158 0 1 0
159 1 1 1
160 2 1 1.41421
161 2 1 1.41421
162 0 1 0
163 2 1 1.41421
164 1 1 1
165 1 1 1
166 0 1 0
167 0 1 0
168 0 1 0
169 1 1 1
170 0 1 0
171 0 1 0
172 1 1 1
173 0 1 0
174 1 1 1
175 0 1 0
176 0 1 0
177 0 1 0
178 1 1 1
179 2 1 1.41421
180 1 1 1
181 0 1 0
182 0 1 0
183 0 1 0
184 0 1 0
185 0 1 0
186 1 1 1
187 0 1 0
188 0 1 0
189 2 1 1.41421
190 0 1 0
191 1 1 1
192 0 1 0
193 0 1 0
194 0 1 0
195 1 1 1
196 1 1 1
197 1 1 1
198 0 1 0
199 0 1 0
