0 0 1 0
1 0 1 0
2 6 1 2.44949
3 37 1 6.08276
4 562 1 23.7065
5 785 1 28.0179
6 858 1 29.2916
7 703 1 26.5141
8 750 1 27.3861
9 597 1 24.4336
10 596 1 24.4131
11 573 1 23.9374
12 551 1 23.4734
13 512 1 22.6274
14 500 1 22.3607
15 559 1 23.6432
16 486 1 22.0454
17 458 1 21.4009
18 478 1 21.8632
19 428 1 20.6882
20 414 1 20.347
21 397 1 19.9249
22 393 1 19.8242
23 382 1 19.5448
24 363 1 19.0526
25 338 1 18.3848
26 324 1 18
27 258 1 16.0624
28 293 1 17.1172
29 275 1 16.5831
30 238 1 15.4272
31 260 1 16.1245
32 200 1 14.1421
33 214 1 14.6287
34 226 1 15.0333
35 170 1 13.0384
36 164 1 12.8062
37 168 1 12.9615
38 170 1 13.0384
39 164 1 12.8062
40 162 1 12.7279
41 144 1 12
42 126 1 11.225
43 129 1 11.3578
44 129 1 11.3578
45 123 1 11.0905
46 121 1 11
47 111 1 10.5357
48 108 1 10.3923
49 103 1 10.1489
50 89 1 9.43398
51 80 1 8.94427
52 84 1 9.16515
53 88 1 9.38083
54 67 1 8.18535
55 80 1 8.94427
56 52 1 7.2111
57 72 1 8.48528
58 58 1 7.61577
59 54 1 7.34847
60 48 1 6.9282
61 56 1 7.48331
62 45 1 6.7082
63 43 1 6.55744
64 46 1 6.78233
65 48 1 6.9282
66 42 1 6.48074
67 35 1 5.91608
68 23 1 4.79583
69 41 1 6.40312
70 30 1 5.47723
71 43 1 6.55744
72 36 1 6
73 26 1 5.09902
74 31 1 5.56776
75 12 1 3.4641
76 20 1 4.47214
77 12 1 3.4641
78 27 1 5.19615
79 21 1 4.58258
80 14 1 3.74166
81 22 1 4.69042
82 17 1 4.12311
83 18 1 4.24264
84 19 1 4.3589
85 4 1 2
86 9 1 3
87 15 1 3.87298
88 14 1 3.74166
89 9 1 3
90 13 1 3.60555
91 11 1 3.31662
92 9 1 3
93 8 1 2.82843
94 8 1 2.82843
95 5 1 2.23607
96 8 1 2.82843
97 10 1 3.16228
98 7 1 2.64575
99 6 1 2.44949
100 7 1 2.64575
101 4 1 2
102 9 1 3
103 4 1 2
104 4 1 2
105 5 1 2.23607
106 7 1 2.64575
107 5 1 2.23607
108 9 1 3
109 4 1 2
110 5 1 2.23607
111 3 1 1.73205
112 7 1 2.64575
113 5 1 2.23607
114 3 1 1.73205
115 3 1 1.73205
116 3 1 1.73205
117 7 1 2.64575
118 1 1 1
119 6 1 2.44949
120 4 1 2
121 5 1 2.23607
122 1 1 1
123 1 1 1
124 2 1 1.41421
125 0 1 0
126 0 1 0
127 1 1 1
128 3 1 1.73205
129 2 1 1.41421
130 2 1 1.41421
131 0 1 0
132 2 1 1.41421
133 3 1 1.73205
134 1 1 1
135 1 1 1
136 2 1 1.41421
137 3 1 1.73205
138 2 1 1.41421
139 0 1 0
140 1 1 1
141 1 1 1
142 4 1 2
143 0 1 0
144 2 1 1.41421
145 1 1 1
146 1 1 1
147 2 1 1.41421
148 0 1 0
149 1 1 1
150 1 1 1
151 1 1 1
152 1 1 1
153 0 1 0
154 1 1 1
155 1 1 1
156 1 1 1
157 1 1 1
158 0 1 0
159 0 1 0
160 6 1 2.44949
161 0 1 0
162 1 1 1
163 0 1 0
164 2 1 1.41421
165 1 1 1
166 2 1 1.41421
167 0 1 0
168 1 1 1
169 1 1 1
170 2 1 1.41421
171 1 1 1
172 0 1 0
173 0 1 0
174 1 1 1
175 0 1 0
176 0 1 0
177 0 1 0
178 0 1 0
179 4 1 2
180 0 1 0
181 0 1 0
182 1 1 1
183 0 1 0
184 0 1 0
185 2 1 1.41421
186 0 1 0
187 0 1 0
188 0 1 0
189 0 1 0
190 1 1 1
191 2 1 1.41421
192 0 1 0
193 0 1 0
194 0 1 0
195 1 1 1
196 1 1 1
197 0 1 0
198 0 1 0
199 0 1 0
