0 0 1 0
1 0 1 0
2 2 1 1.41421
3 5 1 2.23607
4 87 1 9.32738
5 226 1 15.0333
6 320 1 17.8885
7 256 1 16
8 171 1 13.0767
9 114 1 10.6771
10 94 1 9.69536
11 89 1 9.43398
12 71 1 8.42615
13 50 1 7.07107
14 40 1 6.32456
15 27 1 5.19615
16 26 1 5.09902
17 19 1 4.3589
18 13 1 3.60555
19 17 1 4.12311
20 15 1 3.87298
21 12 1 3.4641
22 7 1 2.64575
23 8 1 2.82843
24 10 1 3.16228
25 9 1 3
26 9 1 3
27 4 1 2
28 6 1 2.44949
29 2 1 1.41421
30 7 1 2.64575
31 2 1 1.41421
32 4 1 2
33 2 1 1.41421
34 2 1 1.41421
35 5 1 2.23607
36 1 1 1
37 0 1 0
38 3 1 1.73205
39 2 1 1.41421
40 2 1 1.41421
41 4 1 2
42 1 1 1
43 5 1 2.23607
44 1 1 1
45 2 1 1.41421
46 0 1 0
47 1 1 1
48 2 1 1.41421
49 0 1 0
50 3 1 1.73205
51 2 1 1.41421
52 1 1 1
53 0 1 0
54 2 1 1.41421
55 2 1 1.41421
56 0 1 0
57 1 1 1
58 0 1 0
59 1 1 1
60 1 1 1
61 1 1 1
62 0 1 0
63 0 1 0
64 2 1 1.41421
65 1 1 1
66 0 1 0
67 0 1 0
68 1 1 1
69 1 1 1
70 2 1 1.41421
71 1 1 1
72 0 1 0
73 0 1 0
74 0 1 0
75 1 1 1
76 0 1 0
77 0 1 0
78 0 1 0
79 0 1 0
80 0 1 0
81 1 1 1
82 0 1 0
83 1 1 1
84 0 1 0
85 1 1 1
86 1 1 1
87 1 1 1
88 0 1 0
89 0 1 0
90 0 1 0
91 0 1 0
92 0 1 0
93 0 1 0
94 0 1 0
95 1 1 1
96 0 1 0
97 0 1 0
98 0 1 0
99 0 1 0
100 0 1 0
101 0 1 0
102 2 1 1.41421
103 0 1 0
104 0 1 0
105 0 1 0
106 0 1 0
107 0 1 0
108 0 1 0
109 0 1 0
110 0 1 0
111 0 1 0
112 0 1 0
113 0 1 0
114 0 1 0
115 0 1 0
116 0 1 0
117 0 1 0
118 0 1 0
119 0 1 0
120 0 1 0
121 0 1 0
122 0 1 0
123 0 1 0
124 0 1 0
125 1 1 1
126 0 1 0
127 0 1 0
128 0 1 0
129 0 1 0
130 0 1 0
131 0 1 0
132 0 1 0
133 0 1 0
134 0 1 0
135 0 1 0
136 0 1 0
137 0 1 0
138 0 1 0
139 0 1 0
140 0 1 0
141 0 1 0
142 0 1 0
143 0 1 0
144 0 1 0
145 0 1 0
146 0 1 0
147 0 1 0
148 0 1 0
149 0 1 0
150 0 1 0
151 0 1 0
152 0 1 0
153 0 1 0
154 0 1 0
155 0 1 0
156 0 1 0
157 0 1 0
158 0 1 0
159 0 1 0
160 0 1 0
161 0 1 0
162 0 1 0
163 0 1 0
164 0 1 0
165 0 1 0
166 0 1 0
167 0 1 0
168 0 1 0
169 0 1 0
170 0 1 0
171 0 1 0
172 0 1 0
173 0 1 0
174 0 1 0
175 0 1 0
176 0 1 0
177 0 1 0
178 0 1 0
179 0 1 0
180 0 1 0
181 0 1 0
182 0 1 0
183 0 1 0
184 0 1 0
185 0 1 0
186 0 1 0
187 0 1 0
188 0 1 0
189 0 1 0
190 0 1 0
191 0 1 0
192 0 1 0
193 0 1 0
194 0 1 0
195 0 1 0
196 0 1 0
197 0 1 0
198 0 1 0
199 0 1 0
