0 0 1 0
1 0 1 0
2 2 1 1.41421
3 105 1 10.247
4 1741 1 41.7253
5 3003 1 54.7996
6 3032 1 55.0636
7 2651 1 51.4879
8 2257 1 47.5079
9 1874 1 43.2897
10 1562 1 39.5221
11 1241 1 35.2278
12 1064 1 32.619
13 920 1 30.3315
14 754 1 27.4591
15 754 1 27.4591
16 618 1 24.8596
17 553 1 23.516
18 525 1 22.9129
19 457 1 21.3776
20 398 1 19.9499
21 374 1 19.3391
22 337 1 18.3576
23 306 1 17.4929
24 315 1 17.7482
25 277 1 16.6433
26 222 1 14.8997
27 203 1 14.2478
28 203 1 14.2478
29 207 1 14.3875
30 187 1 13.6748
31 180 1 13.4164
32 142 1 11.9164
33 147 1 12.1244
34 170 1 13.0384
35 107 1 10.3441
36 117 1 10.8167
37 105 1 10.247
38 119 1 10.9087
39 99 1 9.94987
40 111 1 10.5357
41 117 1 10.8167
42 86 1 9.27362
43 76 1 8.7178
44 82 1 9.05539
45 76 1 8.7178
46 67 1 8.18535
47 72 1 8.48528
48 76 1 8.7178
49 65 1 8.06226
50 48 1 6.9282
51 51 1 7.14143
52 55 1 7.4162
53 60 1 7.74597
54 52 1 7.2111
55 57 1 7.54983
56 32 1 5.65685
57 47 1 6.85565
58 44 1 6.63325
59 44 1 6.63325
60 39 1 6.245
61 48 1 6.9282
62 24 1 4.89898
63 32 1 5.65685
64 35 1 5.91608
65 44 1 6.63325
66 40 1 6.32456
67 32 1 5.65685
68 24 1 4.89898
69 34 1 5.83095
70 28 1 5.2915
71 37 1 6.08276
72 30 1 5.47723
73 27 1 5.19615
74 31 1 5.56776
75 18 1 4.24264
76 15 1 3.87298
77 21 1 4.58258
78 27 1 5.19615
79 23 1 4.79583
80 22 1 4.69042
81 24 1 4.89898
82 24 1 4.89898
83 22 1 4.69042
84 19 1 4.3589
85 13 1 3.60555
86 24 1 4.89898
87 21 1 4.58258
88 19 1 4.3589
89 19 1 4.3589
90 13 1 3.60555
91 17 1 4.12311
92 13 1 3.60555
93 14 1 3.74166
94 11 1 3.31662
95 10 1 3.16228
96 10 1 3.16228
97 10 1 3.16228
98 8 1 2.82843
99 13 1 3.60555
100 14 1 3.74166
101 13 1 3.60555
102 12 1 3.4641
103 9 1 3
104 8 1 2.82843
105 9 1 3
106 11 1 3.31662
107 9 1 3
108 11 1 3.31662
109 6 1 2.44949
110 19 1 4.3589
111 11 1 3.31662
112 12 1 3.4641
113 10 1 3.16228
114 10 1 3.16228
115 6 1 2.44949
116 11 1 3.31662
117 10 1 3.16228
118 9 1 3
119 12 1 3.4641
120 12 1 3.4641
121 5 1 2.23607
122 6 1 2.44949
123 5 1 2.23607
124 7 1 2.64575
125 5 1 2.23607
126 6 1 2.44949
127 5 1 2.23607
128 12 1 3.4641
129 13 1 3.60555
130 6 1 2.44949
131 8 1 2.82843
132 6 1 2.44949
133 11 1 3.31662
134 12 1 3.4641
135 8 1 2.82843
136 7 1 2.64575
137 7 1 2.64575
138 5 1 2.23607
139 7 1 2.64575
140 6 1 2.44949
141 4 1 2
142 9 1 3
143 8 1 2.82843
144 10 1 3.16228
145 5 1 2.23607
146 6 1 2.44949
147 6 1 2.44949
148 5 1 2.23607
149 3 1 1.73205
150 2 1 1.41421
151 6 1 2.44949
152 3 1 1.73205
153 6 1 2.44949
154 5 1 2.23607
155 4 1 2
156 1 1 1
157 6 1 2.44949
158 3 1 1.73205
159 7 1 2.64575
160 8 1 2.82843
161 2 1 1.41421
162 4 1 2
163 2 1 1.41421
164 6 1 2.44949
165 1 1 1
166 4 1 2
167 4 1 2
168 5 1 2.23607
169 5 1 2.23607
170 3 1 1.73205
171 5 1 2.23607
172 3 1 1.73205
173 4 1 2
174 3 1 1.73205
175 4 1 2
176 3 1 1.73205
177 2 1 1.41421
178 2 1 1.41421
179 1 1 1
180 1 1 1
181 2 1 1.41421
182 2 1 1.41421
183 1 1 1
184 6 1 2.44949
185 2 1 1.41421
186 2 1 1.41421
187 2 1 1.41421
188 3 1 1.73205
189 2 1 1.41421
190 3 1 1.73205
191 0 1 0
192 2 1 1.41421
193 3 1 1.73205
194 5 1 2.23607
195 2 1 1.41421
196 0 1 0
197 0 1 0
198 1 1 1
199 2 1 1.41421
