0 0 1 0
1 0 1 0
2 3 1 1.73205
3 57 1 7.54983
4 1508 1 38.833
5 3048 1 55.2087
6 3173 1 56.3294
7 2963 1 54.4334
8 2569 1 50.6853
9 2174 1 46.6262
10 1788 1 42.2847
11 1511 1 38.8716
12 1319 1 36.318
13 1082 1 32.8938
14 968 1 31.1127
15 876 1 29.5973
16 741 1 27.2213
17 673 1 25.9422
18 581 1 24.1039
19 462 1 21.4942
20 493 1 22.2036
21 424 1 20.5913
22 380 1 19.4936
23 363 1 19.0526
24 313 1 17.6918
25 272 1 16.4924
26 265 1 16.2788
27 232 1 15.2315
28 223 1 14.9332
29 205 1 14.3178
30 179 1 13.3791
31 178 1 13.3417
32 168 1 12.9615
33 163 1 12.7671
34 134 1 11.5758
35 128 1 11.3137
36 117 1 10.8167
37 114 1 10.6771
38 100 1 10
39 109 1 10.4403
40 96 1 9.79796
41 93 1 9.64365
42 72 1 8.48528
43 70 1 8.3666
44 74 1 8.60233
45 74 1 8.60233
46 75 1 8.66025
47 68 1 8.24621
48 63 1 7.93725
49 66 1 8.12404
50 60 1 7.74597
51 67 1 8.18535
52 56 1 7.48331
53 51 1 7.14143
54 65 1 8.06226
55 55 1 7.4162
56 52 1 7.2111
57 64 1 8
58 40 1 6.32456
59 37 1 6.08276
60 26 1 5.09902
61 40 1 6.32456
62 31 1 5.56776
63 31 1 5.56776
64 34 1 5.83095
65 27 1 5.19615
66 28 1 5.2915
67 35 1 5.91608
68 36 1 6
69 23 1 4.79583
70 36 1 6
71 30 1 5.47723
72 22 1 4.69042
73 23 1 4.79583
74 16 1 4
75 31 1 5.56776
76 29 1 5.38516
77 20 1 4.47214
78 16 1 4
79 19 1 4.3589
80 16 1 4
81 19 1 4.3589
82 16 1 4
83 10 1 3.16228
84 15 1 3.87298
85 18 1 4.24264
86 15 1 3.87298
87 20 1 4.47214
88 16 1 4
89 15 1 3.87298
90 12 1 3.4641
91 14 1 3.74166
92 18 1 4.24264
93 10 1 3.16228
94 12 1 3.4641
95 10 1 3.16228
96 21 1 4.58258
97 9 1 3
98 24 1 4.89898
99 13 1 3.60555
100 10 1 3.16228
101 19 1 4.3589
102 16 1 4
103 12 1 3.4641
104 11 1 3.31662
105 8 1 2.82843
106 10 1 3.16228
107 10 1 3.16228
108 11 1 3.31662
109 7 1 2.64575
110 7 1 2.64575
111 5 1 2.23607
112 11 1 3.31662
113 9 1 3
114 16 1 4
115 7 1 2.64575
116 10 1 3.16228
117 4 1 2
118 4 1 2
119 3 1 1.73205
120 6 1 2.44949
121 7 1 2.64575
122 8 1 2.82843
123 2 1 1.41421
124 6 1 2.44949
125 3 1 1.73205
126 4 1 2
127 8 1 2.82843
128 5 1 2.23607
129 3 1 1.73205
130 7 1 2.64575
131 6 1 2.44949
132 4 1 2
133 9 1 3
134 6 1 2.44949
135 8 1 2.82843
136 5 1 2.23607
137 7 1 2.64575
138 1 1 1
139 3 1 1.73205
140 4 1 2
141 4 1 2
142 8 1 2.82843
143 3 1 1.73205
144 1 1 1
145 7 1 2.64575
146 2 1 1.41421
147 3 1 1.73205
148 8 1 2.82843
149 4 1 2
150 4 1 2
151 5 1 2.23607
152 5 1 2.23607
153 3 1 1.73205
154 1 1 1
155 5 1 2.23607
156 3 1 1.73205
157 6 1 2.44949
158 4 1 2
159 2 1 1.41421
160 0 1 0
161 2 1 1.41421
162 5 1 2.23607
163 3 1 1.73205
164 4 1 2
165 2 1 1.41421
166 2 1 1.41421
167 0 1 0
168 4 1 2
169 6 1 2.44949
170 1 1 1
171 6 1 2.44949
172 6 1 2.44949
173 1 1 1
174 1 1 1
175 1 1 1
176 2 1 1.41421
177 3 1 1.73205
178 2 1 1.41421
179 1 1 1
180 1 1 1
181 4 1 2
182 1 1 1
183 2 1 1.41421
184 0 1 0
185 2 1 1.41421
186 2 1 1.41421
187 0 1 0
188 1 1 1
189 0 1 0
190 2 1 1.41421
191 2 1 1.41421
192 0 1 0
193 0 1 0
194 2 1 1.41421
195 2 1 1.41421
196 1 1 1
197 2 1 1.41421
198 1 1 1
199 1 1 1
