0 0 1 0
1 0 1 0
2 0 1 0
3 1 1 1
4 10 1 3.16228
5 16 1 4
6 32 1 5.65685
7 19 1 4.3589
8 45 1 6.7082
9 40 1 6.32456
10 55 1 7.4162
11 80 1 8.94427
12 85 1 9.21954
13 85 1 9.21954
14 87 1 9.32738
15 133 1 11.5326
16 128 1 11.3137
17 131 1 11.4455
18 102 1 10.0995
19 129 1 11.3578
20 126 1 11.225
21 145 1 12.0416
22 143 1 11.9583
23 129 1 11.3578
24 134 1 11.5758
25 123 1 11.0905
26 145 1 12.0416
27 123 1 11.0905
28 134 1 11.5758
29 145 1 12.0416
30 134 1 11.5758
31 162 1 12.7279
32 110 1 10.4881
33 133 1 11.5326
34 128 1 11.3137
35 169 1 13
36 141 1 11.8743
37 155 1 12.4499
38 148 1 12.1655
39 137 1 11.7047
40 155 1 12.4499
41 155 1 12.4499
42 142 1 11.9164
43 137 1 11.7047
44 117 1 10.8167
45 135 1 11.619
46 106 1 10.2956
47 101 1 10.0499
48 121 1 11
49 129 1 11.3578
50 119 1 10.9087
51 113 1 10.6301
52 92 1 9.59166
53 96 1 9.79796
54 93 1 9.64365
55 75 1 8.66025
56 90 1 9.48683
57 96 1 9.79796
58 97 1 9.84886
59 80 1 8.94427
60 98 1 9.89949
61 81 1 9
62 77 1 8.77496
63 68 1 8.24621
64 63 1 7.93725
65 57 1 7.54983
66 53 1 7.28011
67 62 1 7.87401
68 46 1 6.78233
69 63 1 7.93725
70 52 1 7.2111
71 58 1 7.61577
72 40 1 6.32456
73 48 1 6.9282
74 56 1 7.48331
75 45 1 6.7082
76 39 1 6.245
77 34 1 5.83095
78 39 1 6.245
79 32 1 5.65685
80 31 1 5.56776
81 30 1 5.47723
82 37 1 6.08276
83 27 1 5.19615
84 31 1 5.56776
85 26 1 5.09902
86 25 1 5
87 23 1 4.79583
88 22 1 4.69042
89 30 1 5.47723
90 22 1 4.69042
91 25 1 5
92 22 1 4.69042
93 23 1 4.79583
94 15 1 3.87298
95 14 1 3.74166
96 13 1 3.60555
97 20 1 4.47214
98 20 1 4.47214
99 11 1 3.31662
100 18 1 4.24264
101 9 1 3
102 17 1 4.12311
103 8 1 2.82843
104 17 1 4.12311
105 15 1 3.87298
106 11 1 3.31662
107 15 1 3.87298
108 10 1 3.16228
109 11 1 3.31662
110 6 1 2.44949
111 11 1 3.31662
112 11 1 3.31662
113 9 1 3
114 7 1 2.64575
115 4 1 2
116 3 1 1.73205
117 7 1 2.64575
118 8 1 2.82843
119 11 1 3.31662
120 7 1 2.64575
121 5 1 2.23607
122 4 1 2
123 9 1 3
124 7 1 2.64575
125 1 1 1
126 6 1 2.44949
127 4 1 2
128 4 1 2
129 3 1 1.73205
130 3 1 1.73205
131 5 1 2.23607
132 6 1 2.44949
133 1 1 1
134 4 1 2
135 6 1 2.44949
136 1 1 1
137 1 1 1
138 3 1 1.73205
139 2 1 1.41421
140 3 1 1.73205
141 5 1 2.23607
142 10 1 3.16228
143 0 1 0
144 2 1 1.41421
145 1 1 1
146 2 1 1.41421
147 3 1 1.73205
148 5 1 2.23607
149 3 1 1.73205
150 1 1 1
151 3 1 1.73205
152 2 1 1.41421
153 2 1 1.41421
154 2 1 1.41421
155 1 1 1
156 0 1 0
157 1 1 1
158 3 1 1.73205
159 0 1 0
160 3 1 1.73205
161 3 1 1.73205
162 2 1 1.41421
163 1 1 1
164 1 1 1
165 2 1 1.41421
166 0 1 0
167 2 1 1.41421
168 3 1 1.73205
169 1 1 1
170 1 1 1
171 0 1 0
172 0 1 0
173 3 1 1.73205
174 0 1 0
175 5 1 2.23607
176 2 1 1.41421
177 0 1 0
178 1 1 1
179 2 1 1.41421
180 1 1 1
181 1 1 1
182 0 1 0
183 1 1 1
184 1 1 1
185 0 1 0
186 0 1 0
187 1 1 1
188 3 1 1.73205
189 0 1 0
190 2 1 1.41421
191 0 1 0
192 0 1 0
193 3 1 1.73205
194 0 1 0
195 0 1 0
196 0 1 0
197 0 1 0
198 1 1 1
199 0 1 0
