0 0 0.08 0
0.08 0 0.08 0
0.16 0 0.08 0
0.24 1 0.08 1
0.32 4 0.08 2
0.4 4 0.08 2
0.48 4 0.08 2
0.56 8 0.08 2.82843
0.64 16 0.08 4
0.72 17 0.08 4.12311
0.8 20 0.08 4.47214
0.88 54 0.08 7.34847
0.96 72 0.08 8.48528
1.04 249 0.08 15.7797
1.12 2014 0.08 44.8776
1.2 5462 0.08 73.9053
1.28 8052 0.08 89.7329
1.36 9811 0.08 99.0505
1.44 11135 0.08 105.523
1.52 11542 0.08 107.434
1.6 11851 0.08 108.862
1.68 11378 0.08 106.668
1.76 10901 0.08 104.408
1.84 10504 0.08 102.489
1.92 9738 0.08 98.6813
2 8729 0.08 93.4291
2.08 7869 0.08 88.7074
2.16 6923 0.08 83.2046
2.24 6068 0.08 77.8974
2.32 5253 0.08 72.4776
2.4 4554 0.08 67.4833
2.48 3963 0.08 62.9524
2.56 3420 0.08 58.4808
2.64 2826 0.08 53.1601
2.72 2405 0.08 49.0408
2.8 2144 0.08 46.3033
2.88 1713 0.08 41.3884
2.96 1508 0.08 38.833
3.04 1258 0.08 35.4683
3.12 1046 0.08 32.3419
3.2 843 0.08 29.0345
3.28 743 0.08 27.258
3.36 618 0.08 24.8596
3.44 533 0.08 23.0868
3.52 424 0.08 20.5913
3.6 338 0.08 18.3848
3.68 266 0.08 16.3095
3.76 237 0.08 15.3948
3.84 201 0.08 14.1774
3.92 155 0.08 12.4499
4 142 0.08 11.9164
4.08 126 0.08 11.225
4.16 96 0.08 9.79796
4.24 73 0.08 8.544
4.32 69 0.08 8.30662
4.4 51 0.08 7.14143
4.48 45 0.08 6.7082
4.56 25 0.08 5
4.64 17 0.08 4.12311
4.72 11 0.08 3.31662
4.8 7 0.08 2.64575
4.88 8 0.08 2.82843
4.96 5 0.08 2.23607
5.04 0 0.08 0
5.12 1 0.08 1
5.2 2 0.08 1.41421
5.28 0 0.08 0
5.36 1 0.08 1
5.44 0 0.08 0
5.52 0 0.08 0
5.6 1 0.08 1
5.68 0 0.08 0
5.76 0 0.08 0
5.84 0 0.08 0
5.92 0 0.08 0
6 0 0.08 0
6.08 0 0.08 0
6.16 0 0.08 0
6.24 0 0.08 0
6.32 0 0.08 0
6.4 0 0.08 0
6.48 0 0.08 0
6.56 0 0.08 0
6.64 0 0.08 0
6.72 0 0.08 0
6.8 0 0.08 0
6.88 0 0.08 0
6.96 0 0.08 0
7.04 0 0.08 0
7.12 0 0.08 0
7.2 0 0.08 0
7.28 0 0.08 0
7.36 0 0.08 0
7.44 0 0.08 0
7.52 0 0.08 0
7.6 0 0.08 0
7.68 0 0.08 0
7.76 0 0.08 0
7.84 0 0.08 0
7.92 0 0.08 0
