0 0 0.08 0
0.08 0 0.08 0
0.16 0 0.08 0
0.24 0 0.08 0
0.32 0 0.08 0
0.4 0 0.08 0
0.48 0 0.08 0
0.56 1 0.08 1
0.64 5 0.08 2.23607
0.72 12 0.08 3.4641
0.8 26 0.08 5.09902
0.88 32 0.08 5.65685
0.96 30 0.08 5.47723
1.04 43 0.08 6.55744
1.12 90 0.08 9.48683
1.2 261 0.08 16.1555
1.28 810 0.08 28.4605
1.36 2256 0.08 47.4974
1.44 4430 0.08 66.5582
1.52 6062 0.08 77.8588
1.6 6436 0.08 80.2247
1.68 6190 0.08 78.6766
1.76 5858 0.08 76.5376
1.84 5415 0.08 73.5867
1.92 4995 0.08 70.6753
2 4722 0.08 68.7168
2.08 4558 0.08 67.513
2.16 4287 0.08 65.4752
2.24 3714 0.08 60.9426
2.32 3404 0.08 58.3438
2.4 2986 0.08 54.6443
2.48 2575 0.08 50.7445
2.56 2236 0.08 47.2864
2.64 1853 0.08 43.0465
2.72 1661 0.08 40.7554
2.8 1395 0.08 37.3497
2.88 1197 0.08 34.5977
2.96 1055 0.08 32.4808
3.04 881 0.08 29.6816
3.12 723 0.08 26.8887
3.2 654 0.08 25.5734
3.28 621 0.08 24.9199
3.36 502 0.08 22.4054
3.44 446 0.08 21.1187
3.52 380 0.08 19.4936
3.6 327 0.08 18.0831
3.68 294 0.08 17.1464
3.76 259 0.08 16.0935
3.84 224 0.08 14.9666
3.92 168 0.08 12.9615
4 184 0.08 13.5647
4.08 142 0.08 11.9164
4.16 104 0.08 10.198
4.24 77 0.08 8.77496
4.32 79 0.08 8.88819
4.4 43 0.08 6.55744
4.48 32 0.08 5.65685
4.56 28 0.08 5.2915
4.64 18 0.08 4.24264
4.72 12 0.08 3.4641
4.8 5 0.08 2.23607
4.88 3 0.08 1.73205
4.96 1 0.08 1
5.04 0 0.08 0
5.12 2 0.08 1.41421
5.2 0 0.08 0
5.28 0 0.08 0
5.36 0 0.08 0
5.44 0 0.08 0
5.52 0 0.08 0
5.6 0 0.08 0
5.68 0 0.08 0
5.76 0 0.08 0
5.84 0 0.08 0
5.92 0 0.08 0
6 0 0.08 0
6.08 0 0.08 0
6.16 0 0.08 0
6.24 0 0.08 0
6.32 0 0.08 0
6.4 0 0.08 0
6.48 0 0.08 0
6.56 0 0.08 0
6.64 0 0.08 0
6.72 0 0.08 0
6.8 0 0.08 0
6.88 0 0.08 0
6.96 0 0.08 0
7.04 0 0.08 0
7.12 0 0.08 0
7.2 0 0.08 0
7.28 0 0.08 0
7.36 0 0.08 0
7.44 0 0.08 0
7.52 0 0.08 0
7.6 0 0.08 0
7.68 0 0.08 0
7.76 0 0.08 0
7.84 0 0.08 0
7.92 0 0.08 0
