0 0 0.08 0
0.08 0 0.08 0
0.16 0 0.08 0
0.24 0 0.08 0
0.32 1 0.08 1
0.4 7 0.08 2.64575
0.48 20 0.08 4.47214
0.56 36 0.08 6
0.64 59 0.08 7.68115
0.72 84 0.08 9.16515
0.8 88 0.08 9.38083
0.88 94 0.08 9.69536
0.96 128 0.08 11.3137
1.04 165 0.08 12.8452
1.12 229 0.08 15.1327
1.2 802 0.08 28.3196
1.28 4727 0.08 68.7532
1.36 11809 0.08 108.669
1.44 16461 0.08 128.3
1.52 17869 0.08 133.675
1.6 17716 0.08 133.101
1.68 16586 0.08 128.787
1.76 15301 0.08 123.697
1.84 13984 0.08 118.254
1.92 12363 0.08 111.189
2 11179 0.08 105.731
2.08 9899 0.08 99.4937
2.16 8891 0.08 94.2921
2.24 7973 0.08 89.2917
2.32 6971 0.08 83.4925
2.4 6148 0.08 78.4092
2.48 5425 0.08 73.6546
2.56 4805 0.08 69.3181
2.64 4183 0.08 64.6761
2.72 3551 0.08 59.5903
2.8 3020 0.08 54.9545
2.88 2589 0.08 50.8822
2.96 2270 0.08 47.6445
3.04 1921 0.08 43.8292
3.12 1706 0.08 41.3038
3.2 1439 0.08 37.9342
3.28 1222 0.08 34.9571
3.36 1011 0.08 31.7962
3.44 914 0.08 30.2324
3.52 836 0.08 28.9137
3.6 644 0.08 25.3772
3.68 522 0.08 22.8473
3.76 469 0.08 21.6564
3.84 414 0.08 20.347
3.92 307 0.08 17.5214
4 279 0.08 16.7033
4.08 222 0.08 14.8997
4.16 194 0.08 13.9284
4.24 170 0.08 13.0384
4.32 127 0.08 11.2694
4.4 110 0.08 10.4881
4.48 85 0.08 9.21954
4.56 88 0.08 9.38083
4.64 57 0.08 7.54983
4.72 50 0.08 7.07107
4.8 57 0.08 7.54983
4.88 42 0.08 6.48074
4.96 34 0.08 5.83095
5.04 19 0.08 4.3589
5.12 9 0.08 3
5.2 7 0.08 2.64575
5.28 3 0.08 1.73205
5.36 8 0.08 2.82843
5.44 5 0.08 2.23607
5.52 2 0.08 1.41421
5.6 3 0.08 1.73205
5.68 3 0.08 1.73205
5.76 0 0.08 0
5.84 0 0.08 0
5.92 0 0.08 0
6 0 0.08 0
6.08 0 0.08 0
6.16 0 0.08 0
6.24 0 0.08 0
6.32 0 0.08 0
6.4 0 0.08 0
6.48 0 0.08 0
6.56 0 0.08 0
6.64 0 0.08 0
6.72 0 0.08 0
6.8 0 0.08 0
6.88 0 0.08 0
6.96 0 0.08 0
7.04 0 0.08 0
7.12 0 0.08 0
7.2 0 0.08 0
7.28 0 0.08 0
7.36 0 0.08 0
7.44 0 0.08 0
7.52 0 0.08 0
7.6 0 0.08 0
7.68 0 0.08 0
7.76 0 0.08 0
7.84 0 0.08 0
7.92 0 0.08 0
