0 0 0.08 0
0.08 0 0.08 0
0.16 0 0.08 0
0.24 0 0.08 0
0.32 0 0.08 0
0.4 2 0.08 1.41421
0.48 0 0.08 0
0.56 4 0.08 2
0.64 6 0.08 2.44949
0.72 7 0.08 2.64575
0.8 5 0.08 2.23607
0.88 24 0.08 4.89898
0.96 82 0.08 9.05539
1.04 215 0.08 14.6629
1.12 510 0.08 22.5832
1.2 1482 0.08 38.4968
1.28 3383 0.08 58.1636
1.36 5881 0.08 76.6877
1.44 8621 0.08 92.8493
1.52 10647 0.08 103.184
1.6 12085 0.08 109.932
1.68 12647 0.08 112.459
1.76 12778 0.08 113.04
1.84 12181 0.08 110.368
1.92 11042 0.08 105.081
2 10183 0.08 100.911
2.08 9294 0.08 96.4054
2.16 8480 0.08 92.0869
2.24 7319 0.08 85.5512
2.32 6502 0.08 80.635
2.4 5655 0.08 75.1997
2.48 5068 0.08 71.1899
2.56 4352 0.08 65.9697
2.64 3721 0.08 61
2.72 3218 0.08 56.7274
2.8 2760 0.08 52.5357
2.88 2341 0.08 48.3839
2.96 2047 0.08 45.2438
3.04 1791 0.08 42.3202
3.12 1438 0.08 37.921
3.2 1225 0.08 35
3.28 1040 0.08 32.249
3.36 825 0.08 28.7228
3.44 698 0.08 26.4197
3.52 582 0.08 24.1247
3.6 487 0.08 22.0681
3.68 389 0.08 19.7231
3.76 351 0.08 18.735
3.84 290 0.08 17.0294
3.92 222 0.08 14.8997
4 206 0.08 14.3527
4.08 148 0.08 12.1655
4.16 124 0.08 11.1355
4.24 101 0.08 10.0499
4.32 98 0.08 9.89949
4.4 68 0.08 8.24621
4.48 67 0.08 8.18535
4.56 50 0.08 7.07107
4.64 44 0.08 6.63325
4.72 35 0.08 5.91608
4.8 19 0.08 4.3589
4.88 20 0.08 4.47214
4.96 12 0.08 3.4641
5.04 7 0.08 2.64575
5.12 5 0.08 2.23607
5.2 5 0.08 2.23607
5.28 6 0.08 2.44949
5.36 0 0.08 0
5.44 1 0.08 1
5.52 1 0.08 1
5.6 1 0.08 1
5.68 1 0.08 1
5.76 0 0.08 0
5.84 0 0.08 0
5.92 0 0.08 0
6 1 0.08 1
6.08 0 0.08 0
6.16 0 0.08 0
6.24 0 0.08 0
6.32 0 0.08 0
6.4 0 0.08 0
6.48 0 0.08 0
6.56 0 0.08 0
6.64 0 0.08 0
6.72 0 0.08 0
6.8 0 0.08 0
6.88 0 0.08 0
6.96 0 0.08 0
7.04 0 0.08 0
7.12 0 0.08 0
7.2 0 0.08 0
7.28 0 0.08 0
7.36 0 0.08 0
7.44 0 0.08 0
7.52 0 0.08 0
7.6 0 0.08 0
7.68 0 0.08 0
7.76 0 0.08 0
7.84 0 0.08 0
7.92 0 0.08 0
