0 0 0.08 0
0.08 0 0.08 0
0.16 0 0.08 0
0.24 0 0.08 0
0.32 0 0.08 0
0.4 0 0.08 0
0.48 0 0.08 0
0.56 0 0.08 0
0.64 0 0.08 0
0.72 5 0.08 2.23607
0.8 6 0.08 2.44949
0.88 28 0.08 5.2915
0.96 28 0.08 5.2915
1.04 48 0.08 6.9282
1.12 48 0.08 6.9282
1.2 74 0.08 8.60233
1.28 123 0.08 11.0905
1.36 423 0.08 20.567
1.44 1384 0.08 37.2022
1.52 4880 0.08 69.857
1.6 12479 0.08 111.709
1.68 18951 0.08 137.663
1.76 21286 0.08 145.897
1.84 21555 0.08 146.816
1.92 20146 0.08 141.937
2 18384 0.08 135.588
2.08 16416 0.08 128.125
2.16 14810 0.08 121.696
2.24 13326 0.08 115.438
2.32 11852 0.08 108.867
2.4 10597 0.08 102.942
2.48 9462 0.08 97.2728
2.56 8374 0.08 91.5096
2.64 7410 0.08 86.0814
2.72 6379 0.08 79.8686
2.8 5734 0.08 75.7232
2.88 4936 0.08 70.2567
2.96 4317 0.08 65.7039
3.04 3676 0.08 60.63
3.12 3141 0.08 56.0446
3.2 2667 0.08 51.643
3.28 2329 0.08 48.2597
3.36 2013 0.08 44.8665
3.44 1708 0.08 41.328
3.52 1492 0.08 38.6264
3.6 1304 0.08 36.1109
3.68 1122 0.08 33.4963
3.76 1019 0.08 31.9218
3.84 828 0.08 28.775
3.92 683 0.08 26.1343
4 556 0.08 23.5797
4.08 512 0.08 22.6274
4.16 368 0.08 19.1833
4.24 297 0.08 17.2337
4.32 249 0.08 15.7797
4.4 196 0.08 14
4.48 127 0.08 11.2694
4.56 113 0.08 10.6301
4.64 74 0.08 8.60233
4.72 59 0.08 7.68115
4.8 43 0.08 6.55744
4.88 35 0.08 5.91608
4.96 12 0.08 3.4641
5.04 7 0.08 2.64575
5.12 4 0.08 2
5.2 6 0.08 2.44949
5.28 3 0.08 1.73205
5.36 1 0.08 1
5.44 1 0.08 1
5.52 0 0.08 0
5.6 0 0.08 0
5.68 0 0.08 0
5.76 0 0.08 0
5.84 0 0.08 0
5.92 0 0.08 0
6 0 0.08 0
6.08 0 0.08 0
6.16 0 0.08 0
6.24 0 0.08 0
6.32 0 0.08 0
6.4 0 0.08 0
6.48 0 0.08 0
6.56 0 0.08 0
6.64 0 0.08 0
6.72 0 0.08 0
6.8 0 0.08 0
6.88 0 0.08 0
6.96 0 0.08 0
7.04 0 0.08 0
7.12 0 0.08 0
7.2 0 0.08 0
7.28 0 0.08 0
7.36 0 0.08 0
7.44 0 0.08 0
7.52 0 0.08 0
7.6 0 0.08 0
7.68 0 0.08 0
7.76 0 0.08 0
7.84 0 0.08 0
7.92 0 0.08 0
