0 872 0.005 29.5296
0.005 0 0.005 0
0.01 2 0.005 1.41421
0.015 9 0.005 3
0.02 84 0.005 9.16515
0.025 288 0.005 16.9706
0.03 660 0.005 25.6905
0.035 1253 0.005 35.3977
0.04 2074 0.005 45.5412
0.045 3168 0.005 56.285
0.05 4969 0.005 70.4911
0.055 6836 0.005 82.6801
0.06 8721 0.005 93.3863
0.065 10246 0.005 101.223
0.07 11010 0.005 104.929
0.075 7466 0.005 86.406
0.08 7812 0.005 88.3855
0.085 7707 0.005 87.7895
0.09 7252 0.005 85.1587
0.095 6624 0.005 81.388
0.1 6522 0.005 80.7589
0.105 6137 0.005 78.339
0.11 5999 0.005 77.4532
0.115 5875 0.005 76.6485
0.12 5804 0.005 76.184
0.125 5611 0.005 74.9066
0.13 5487 0.005 74.0743
0.135 5324 0.005 72.9657
0.14 5064 0.005 71.1618
0.145 4951 0.005 70.3633
0.15 4664 0.005 68.2935
0.155 4326 0.005 65.7723
0.16 4041 0.005 63.5689
0.165 3871 0.005 62.2174
0.17 3633 0.005 60.2744
0.175 3453 0.005 58.7622
0.18 3268 0.005 57.1664
0.185 2995 0.005 54.7266
0.19 2799 0.005 52.9056
0.195 2648 0.005 51.4587
0.2 2465 0.005 49.6488
0.205 2384 0.005 48.8262
0.21 2223 0.005 47.1487
0.215 2074 0.005 45.5412
0.22 1905 0.005 43.6463
0.225 1832 0.005 42.8019
0.23 1666 0.005 40.8167
0.235 1594 0.005 39.9249
0.24 1383 0.005 37.1887
0.245 1438 0.005 37.921
0.25 1314 0.005 36.2491
0.255 1182 0.005 34.3802
0.26 1103 0.005 33.2114
0.265 1041 0.005 32.2645
0.27 975 0.005 31.225
0.275 925 0.005 30.4138
0.28 798 0.005 28.2489
0.285 737 0.005 27.1477
0.29 705 0.005 26.5518
0.295 637 0.005 25.2389
0.3 579 0.005 24.0624
0.305 637 0.005 25.2389
0.31 512 0.005 22.6274
0.315 502 0.005 22.4054
0.32 467 0.005 21.6102
0.325 432 0.005 20.7846
0.33 415 0.005 20.3715
0.335 363 0.005 19.0526
0.34 354 0.005 18.8149
0.345 358 0.005 18.9209
0.35 323 0.005 17.9722
0.355 313 0.005 17.6918
0.36 290 0.005 17.0294
0.365 218 0.005 14.7648
0.37 230 0.005 15.1658
0.375 212 0.005 14.5602
0.38 184 0.005 13.5647
0.385 193 0.005 13.8924
0.39 187 0.005 13.6748
0.395 180 0.005 13.4164
0.4 177 0.005 13.3041
0.405 141 0.005 11.8743
0.41 149 0.005 12.2066
0.415 125 0.005 11.1803
0.42 149 0.005 12.2066
0.425 104 0.005 10.198
0.43 125 0.005 11.1803
0.435 110 0.005 10.4881
0.44 94 0.005 9.69536
0.445 97 0.005 9.84886
0.45 89 0.005 9.43398
0.455 90 0.005 9.48683
0.46 95 0.005 9.74679
0.465 87 0.005 9.32738
0.47 79 0.005 8.88819
0.475 68 0.005 8.24621
0.48 75 0.005 8.66025
0.485 59 0.005 7.68115
0.49 60 0.005 7.74597
0.495 55 0.005 7.4162
