0 340 0.005 18.4391
0.005 0 0.005 0
0.01 2 0.005 1.41421
0.015 8 0.005 2.82843
0.02 67 0.005 8.18535
0.025 157 0.005 12.53
0.03 300 0.005 17.3205
0.035 497 0.005 22.2935
0.04 835 0.005 28.8964
0.045 1105 0.005 33.2415
0.05 1428 0.005 37.7889
0.055 1724 0.005 41.5211
0.06 2059 0.005 45.3762
0.065 2406 0.005 49.051
0.07 2922 0.005 54.0555
0.075 3235 0.005 56.8771
0.08 3277 0.005 57.2451
0.085 3900 0.005 62.45
0.09 4370 0.005 66.106
0.095 4776 0.005 69.1086
0.1 5112 0.005 71.4983
0.105 5467 0.005 73.9392
0.11 5767 0.005 75.9408
0.115 6024 0.005 77.6144
0.12 6100 0.005 78.1025
0.125 6466 0.005 80.4114
0.13 6309 0.005 79.4292
0.135 6272 0.005 79.196
0.14 6249 0.005 79.0506
0.145 5968 0.005 77.2528
0.15 5658 0.005 75.2197
0.155 5281 0.005 72.6705
0.16 5149 0.005 71.7565
0.165 4650 0.005 68.1909
0.17 4397 0.005 66.3099
0.175 4058 0.005 63.7024
0.18 3848 0.005 62.0322
0.185 3486 0.005 59.0424
0.19 3124 0.005 55.8928
0.195 2891 0.005 53.768
0.2 2720 0.005 52.1536
0.205 2552 0.005 50.5173
0.21 2345 0.005 48.4252
0.215 2073 0.005 45.5302
0.22 2005 0.005 44.7772
0.225 1799 0.005 42.4146
0.23 1692 0.005 41.1339
0.235 1490 0.005 38.6005
0.24 1394 0.005 37.3363
0.245 1270 0.005 35.6371
0.25 1170 0.005 34.2053
0.255 1153 0.005 33.9559
0.26 1047 0.005 32.3574
0.265 932 0.005 30.5287
0.27 849 0.005 29.1376
0.275 821 0.005 28.6531
0.28 762 0.005 27.6043
0.285 688 0.005 26.2298
0.29 635 0.005 25.1992
0.295 531 0.005 23.0434
0.3 561 0.005 23.6854
0.305 495 0.005 22.2486
0.31 460 0.005 21.4476
0.315 420 0.005 20.4939
0.32 396 0.005 19.8997
0.325 363 0.005 19.0526
0.33 347 0.005 18.6279
0.335 330 0.005 18.1659
0.34 259 0.005 16.0935
0.345 281 0.005 16.7631
0.35 283 0.005 16.8226
0.355 231 0.005 15.1987
0.36 254 0.005 15.9374
0.365 215 0.005 14.6629
0.37 194 0.005 13.9284
0.375 182 0.005 13.4907
0.38 197 0.005 14.0357
0.385 176 0.005 13.2665
0.39 180 0.005 13.4164
0.395 146 0.005 12.083
0.4 146 0.005 12.083
0.405 135 0.005 11.619
0.41 113 0.005 10.6301
0.415 100 0.005 10
0.42 107 0.005 10.3441
0.425 108 0.005 10.3923
0.43 100 0.005 10
0.435 100 0.005 10
0.44 83 0.005 9.11043
0.445 94 0.005 9.69536
0.45 100 0.005 10
0.455 66 0.005 8.12404
0.46 77 0.005 8.77496
0.465 83 0.005 9.11043
0.47 64 0.005 8
0.475 67 0.005 8.18535
0.48 61 0.005 7.81025
0.485 59 0.005 7.68115
0.49 54 0.005 7.34847
0.495 53 0.005 7.28011
