0 242 0.005 15.5563
0.005 0 0.005 0
0.01 20 0.005 4.47214
0.015 120 0.005 10.9545
0.02 594 0.005 24.3721
0.025 1316 0.005 36.2767
0.03 3319 0.005 57.6108
0.035 6048 0.005 77.7689
0.04 6559 0.005 80.9877
0.045 6575 0.005 81.0864
0.05 6640 0.005 81.4862
0.055 5849 0.005 76.4788
0.06 4860 0.005 69.7137
0.065 3983 0.005 63.111
0.07 3372 0.005 58.0689
0.075 2841 0.005 53.301
0.08 2480 0.005 49.7996
0.085 2142 0.005 46.2817
0.09 1981 0.005 44.5084
0.095 1745 0.005 41.7732
0.1 1580 0.005 39.7492
0.105 1402 0.005 37.4433
0.11 1395 0.005 37.3497
0.115 1169 0.005 34.1906
0.12 1200 0.005 34.641
0.125 1060 0.005 32.5576
0.13 973 0.005 31.1929
0.135 937 0.005 30.6105
0.14 876 0.005 29.5973
0.145 788 0.005 28.0713
0.15 692 0.005 26.3059
0.155 673 0.005 25.9422
0.16 703 0.005 26.5141
0.165 604 0.005 24.5764
0.17 596 0.005 24.4131
0.175 525 0.005 22.9129
0.18 518 0.005 22.7596
0.185 518 0.005 22.7596
0.19 452 0.005 21.2603
0.195 460 0.005 21.4476
0.2 409 0.005 20.2237
0.205 390 0.005 19.7484
0.21 339 0.005 18.412
0.215 363 0.005 19.0526
0.22 313 0.005 17.6918
0.225 277 0.005 16.6433
0.23 321 0.005 17.9165
0.235 232 0.005 15.2315
0.24 241 0.005 15.5242
0.245 218 0.005 14.7648
0.25 214 0.005 14.6287
0.255 209 0.005 14.4568
0.26 176 0.005 13.2665
0.265 185 0.005 13.6015
0.27 176 0.005 13.2665
0.275 167 0.005 12.9228
0.28 162 0.005 12.7279
0.285 137 0.005 11.7047
0.29 130 0.005 11.4018
0.295 145 0.005 12.0416
0.3 104 0.005 10.198
0.305 119 0.005 10.9087
0.31 105 0.005 10.247
0.315 103 0.005 10.1489
0.32 81 0.005 9
0.325 81 0.005 9
0.33 74 0.005 8.60233
0.335 83 0.005 9.11043
0.34 73 0.005 8.544
0.345 72 0.005 8.48528
0.35 65 0.005 8.06226
0.355 66 0.005 8.12404
0.36 58 0.005 7.61577
0.365 58 0.005 7.61577
0.37 57 0.005 7.54983
0.375 42 0.005 6.48074
0.38 40 0.005 6.32456
0.385 39 0.005 6.245
0.39 42 0.005 6.48074
0.395 32 0.005 5.65685
0.4 36 0.005 6
0.405 35 0.005 5.91608
0.41 35 0.005 5.91608
0.415 30 0.005 5.47723
0.42 25 0.005 5
0.425 18 0.005 4.24264
0.43 25 0.005 5
0.435 22 0.005 4.69042
0.44 27 0.005 5.19615
0.445 17 0.005 4.12311
0.45 20 0.005 4.47214
0.455 27 0.005 5.19615
0.46 23 0.005 4.79583
0.465 15 0.005 3.87298
0.47 16 0.005 4
0.475 13 0.005 3.60555
0.48 24 0.005 4.89898
0.485 16 0.005 4
0.49 16 0.005 4
0.495 11 0.005 3.31662
