0 709 0.005 26.6271
0.005 1 0.005 1
0.01 1 0.005 1
0.015 9 0.005 3
0.02 64 0.005 8
0.025 297 0.005 17.2337
0.03 780 0.005 27.9285
0.035 1530 0.005 39.1152
0.04 2496 0.005 49.96
0.045 3835 0.005 61.9274
0.05 6280 0.005 79.2465
0.055 8633 0.005 92.9139
0.06 11728 0.005 108.296
0.065 13731 0.005 117.179
0.07 14859 0.005 121.897
0.075 9419 0.005 97.0515
0.08 10071 0.005 100.354
0.085 9600 0.005 97.9796
0.09 8785 0.005 93.7283
0.095 8200 0.005 90.5539
0.1 7509 0.005 86.6545
0.105 7014 0.005 83.7496
0.11 6740 0.005 82.0975
0.115 6665 0.005 81.6395
0.12 6352 0.005 79.6994
0.125 6235 0.005 78.962
0.13 6067 0.005 77.8909
0.135 5692 0.005 75.4453
0.14 5612 0.005 74.9133
0.145 5399 0.005 73.4779
0.15 5133 0.005 71.645
0.155 4794 0.005 69.2387
0.16 4503 0.005 67.1044
0.165 4397 0.005 66.3099
0.17 4074 0.005 63.8279
0.175 3896 0.005 62.4179
0.18 3635 0.005 60.291
0.185 3366 0.005 58.0172
0.19 3065 0.005 55.3624
0.195 2958 0.005 54.3875
0.2 2769 0.005 52.6213
0.205 2597 0.005 50.9608
0.21 2410 0.005 49.0918
0.215 2254 0.005 47.4763
0.22 2098 0.005 45.8039
0.225 1935 0.005 43.9886
0.23 1853 0.005 43.0465
0.235 1627 0.005 40.3361
0.24 1565 0.005 39.5601
0.245 1537 0.005 39.2046
0.25 1350 0.005 36.7423
0.255 1263 0.005 35.5387
0.26 1230 0.005 35.0714
0.265 1110 0.005 33.3167
0.27 1090 0.005 33.0151
0.275 976 0.005 31.241
0.28 911 0.005 30.1828
0.285 860 0.005 29.3258
0.29 792 0.005 28.1425
0.295 766 0.005 27.6767
0.3 685 0.005 26.1725
0.305 692 0.005 26.3059
0.31 627 0.005 25.04
0.315 573 0.005 23.9374
0.32 551 0.005 23.4734
0.325 469 0.005 21.6564
0.33 465 0.005 21.5639
0.335 457 0.005 21.3776
0.34 435 0.005 20.8567
0.345 396 0.005 19.8997
0.35 336 0.005 18.3303
0.355 359 0.005 18.9473
0.36 319 0.005 17.8606
0.365 298 0.005 17.2627
0.37 289 0.005 17
0.375 312 0.005 17.6635
0.38 257 0.005 16.0312
0.385 230 0.005 15.1658
0.39 247 0.005 15.7162
0.395 236 0.005 15.3623
0.4 223 0.005 14.9332
0.405 189 0.005 13.7477
0.41 196 0.005 14
0.415 185 0.005 13.6015
0.42 148 0.005 12.1655
0.425 166 0.005 12.8841
0.43 161 0.005 12.6886
0.435 135 0.005 11.619
0.44 126 0.005 11.225
0.445 118 0.005 10.8628
0.45 123 0.005 11.0905
0.455 114 0.005 10.6771
0.46 100 0.005 10
0.465 100 0.005 10
0.47 110 0.005 10.4881
0.475 107 0.005 10.3441
0.48 91 0.005 9.53939
0.485 91 0.005 9.53939
0.49 77 0.005 8.77496
0.495 74 0.005 8.60233
