0 240 0.005 15.4919
0.005 0 0.005 0
0.01 0 0.005 0
0.015 0 0.005 0
0.02 0 0.005 0
0.025 4 0.005 2
0.03 17 0.005 4.12311
0.035 86 0.005 9.27362
0.04 120 0.005 10.9545
0.045 233 0.005 15.2643
0.05 367 0.005 19.1572
0.055 515 0.005 22.6936
0.06 655 0.005 25.593
0.065 990 0.005 31.4643
0.07 1346 0.005 36.6879
0.075 1708 0.005 41.328
0.08 2112 0.005 45.9565
0.085 2590 0.005 50.892
0.09 2994 0.005 54.7175
0.095 3561 0.005 59.6741
0.1 3543 0.005 59.5231
0.105 3520 0.005 59.3296
0.11 4173 0.005 64.5988
0.115 4657 0.005 68.2422
0.12 4895 0.005 69.9643
0.125 5292 0.005 72.7461
0.13 5460 0.005 73.8918
0.135 5746 0.005 75.8024
0.14 6006 0.005 77.4984
0.145 6119 0.005 78.224
0.15 6020 0.005 77.5887
0.155 6013 0.005 77.5435
0.16 5793 0.005 76.1118
0.165 5682 0.005 75.379
0.17 5481 0.005 74.0338
0.175 5241 0.005 72.3948
0.18 4864 0.005 69.7424
0.185 4696 0.005 68.5274
0.19 4371 0.005 66.1135
0.195 4057 0.005 63.6946
0.2 3644 0.005 60.3656
0.205 3460 0.005 58.8218
0.21 3131 0.005 55.9553
0.215 3032 0.005 55.0636
0.22 2659 0.005 51.5655
0.225 2340 0.005 48.3735
0.23 2354 0.005 48.518
0.235 2019 0.005 44.9333
0.24 1893 0.005 43.5086
0.245 1733 0.005 41.6293
0.25 1599 0.005 39.9875
0.255 1418 0.005 37.6563
0.26 1350 0.005 36.7423
0.265 1204 0.005 34.6987
0.27 1108 0.005 33.2866
0.275 1010 0.005 31.7805
0.28 918 0.005 30.2985
0.285 871 0.005 29.5127
0.29 800 0.005 28.2843
0.295 726 0.005 26.9444
0.3 676 0.005 26
0.305 614 0.005 24.779
0.31 577 0.005 24.0208
0.315 521 0.005 22.8254
0.32 506 0.005 22.4944
0.325 477 0.005 21.8403
0.33 416 0.005 20.3961
0.335 396 0.005 19.8997
0.34 396 0.005 19.8997
0.345 324 0.005 18
0.35 315 0.005 17.7482
0.355 298 0.005 17.2627
0.36 261 0.005 16.1555
0.365 255 0.005 15.9687
0.37 211 0.005 14.5258
0.375 242 0.005 15.5563
0.38 199 0.005 14.1067
0.385 194 0.005 13.9284
0.39 211 0.005 14.5258
0.395 187 0.005 13.6748
0.4 184 0.005 13.5647
0.405 147 0.005 12.1244
0.41 160 0.005 12.6491
0.415 133 0.005 11.5326
0.42 130 0.005 11.4018
0.425 127 0.005 11.2694
0.43 108 0.005 10.3923
0.435 104 0.005 10.198
0.44 117 0.005 10.8167
0.445 91 0.005 9.53939
0.45 95 0.005 9.74679
0.455 89 0.005 9.43398
0.46 86 0.005 9.27362
0.465 70 0.005 8.3666
0.47 89 0.005 9.43398
0.475 69 0.005 8.30662
0.48 69 0.005 8.30662
0.485 89 0.005 9.43398
0.49 66 0.005 8.12404
0.495 79 0.005 8.88819
