0 0 0.005
0.005 0 0.005
0.01 0 0.005
0.015 0 0.005
0.02 0 0.005
0.025 0 0.005
0.03 0 0.005
0.035 0 0.005
0.04 4 0.005
0.045 5 0.005
0.05 10 0.005
0.055 30 0.005
0.06 78 0.005
0.065 277 0.005
0.07 853 0.005
0.075 1861 0.005
0.08 1916 0.005
0.085 2922 0.005
0.09 3504 0.005
0.095 3786 0.005
0.1 3768 0.005
0.105 3716 0.005
0.11 3477 0.005
0.115 3230 0.005
0.12 3030 0.005
0.125 3048 0.005
0.13 2900 0.005
0.135 2790 0.005
0.14 2726 0.005
0.145 2726 0.005
0.15 2709 0.005
0.155 2662 0.005
0.16 2591 0.005
0.165 2463 0.005
0.17 2405 0.005
0.175 2311 0.005
0.18 2348 0.005
0.185 2360 0.005
0.19 2265 0.005
0.195 2253 0.005
0.2 2186 0.005
0.205 2192 0.005
0.21 2182 0.005
0.215 2078 0.005
0.22 2029 0.005
0.225 2037 0.005
0.23 1961 0.005
0.235 1896 0.005
0.24 1834 0.005
0.245 1846 0.005
0.25 1667 0.005
0.255 1776 0.005
0.26 1677 0.005
0.265 1643 0.005
0.27 1746 0.005
0.275 1616 0.005
0.28 1618 0.005
0.285 1654 0.005
0.29 1486 0.005
0.295 1601 0.005
0.3 1525 0.005
0.305 1530 0.005
0.31 1474 0.005
0.315 1473 0.005
0.32 1459 0.005
0.325 1508 0.005
0.33 1440 0.005
0.335 1454 0.005
0.34 1437 0.005
0.345 1356 0.005
0.35 1434 0.005
0.355 1343 0.005
0.36 1342 0.005
0.365 1313 0.005
0.37 1360 0.005
0.375 1335 0.005
0.38 1305 0.005
0.385 1329 0.005
0.39 1248 0.005
0.395 1188 0.005
0.4 1214 0.005
0.405 1269 0.005
0.41 1208 0.005
0.415 1258 0.005
0.42 1195 0.005
0.425 1110 0.005
0.43 1164 0.005
0.435 1099 0.005
0.44 1142 0.005
0.445 1126 0.005
0.45 1033 0.005
0.455 1086 0.005
0.46 1051 0.005
0.465 1059 0.005
0.47 1017 0.005
0.475 1039 0.005
0.48 1044 0.005
0.485 985 0.005
0.49 930 0.005
0.495 961 0.005
0.5 1012 0.005
0.505 937 0.005
0.51 948 0.005
0.515 843 0.005
0.52 894 0.005
0.525 860 0.005
0.53 775 0.005
0.535 790 0.005
0.54 832 0.005
0.545 831 0.005
0.55 817 0.005
0.555 753 0.005
0.56 793 0.005
0.565 726 0.005
0.57 690 0.005
0.575 768 0.005
0.58 703 0.005
0.585 672 0.005
0.59 697 0.005
0.595 663 0.005
0.6 693 0.005
0.605 711 0.005
0.61 668 0.005
0.615 627 0.005
0.62 611 0.005
0.625 600 0.005
0.63 592 0.005
0.635 587 0.005
0.64 575 0.005
0.645 589 0.005
0.65 592 0.005
0.655 571 0.005
0.66 518 0.005
0.665 496 0.005
0.67 523 0.005
0.675 513 0.005
0.68 505 0.005
0.685 519 0.005
0.69 519 0.005
0.695 481 0.005
0.7 478 0.005
0.705 495 0.005
0.71 477 0.005
0.715 504 0.005
0.72 487 0.005
0.725 460 0.005
0.73 438 0.005
0.735 461 0.005
0.74 462 0.005
0.745 447 0.005
0.75 443 0.005
0.755 427 0.005
0.76 438 0.005
0.765 398 0.005
0.77 396 0.005
0.775 369 0.005
0.78 401 0.005
0.785 342 0.005
0.79 375 0.005
0.795 368 0.005
0.8 371 0.005
0.805 334 0.005
0.81 380 0.005
0.815 360 0.005
0.82 355 0.005
0.825 354 0.005
0.83 344 0.005
0.835 362 0.005
0.84 305 0.005
0.845 334 0.005
0.85 322 0.005
0.855 354 0.005
0.86 349 0.005
0.865 274 0.005
0.87 307 0.005
0.875 317 0.005
0.88 312 0.005
0.885 252 0.005
0.89 301 0.005
0.895 284 0.005
0.9 291 0.005
0.905 281 0.005
0.91 264 0.005
0.915 240 0.005
0.92 241 0.005
0.925 247 0.005
0.93 261 0.005
0.935 272 0.005
0.94 260 0.005
0.945 252 0.005
0.95 226 0.005
0.955 221 0.005
0.96 241 0.005
0.965 248 0.005
0.97 237 0.005
0.975 267 0.005
0.98 267 0.005
0.985 203 0.005
0.99 231 0.005
0.995 217 0.005
