0 0 0.005
0.005 0 0.005
0.01 0 0.005
0.015 0 0.005
0.02 0 0.005
0.025 0 0.005
0.03 0 0.005
0.035 0 0.005
0.04 1 0.005
0.045 0 0.005
0.05 0 0.005
0.055 1 0.005
0.06 1 0.005
0.065 5 0.005
0.07 11 0.005
0.075 113 0.005
0.08 168 0.005
0.085 147 0.005
0.09 200 0.005
0.095 274 0.005
0.1 350 0.005
0.105 365 0.005
0.11 391 0.005
0.115 477 0.005
0.12 475 0.005
0.125 521 0.005
0.13 669 0.005
0.135 707 0.005
0.14 706 0.005
0.145 791 0.005
0.15 905 0.005
0.155 946 0.005
0.16 1025 0.005
0.165 1090 0.005
0.17 1149 0.005
0.175 1189 0.005
0.18 1299 0.005
0.185 1314 0.005
0.19 1372 0.005
0.195 1435 0.005
0.2 1418 0.005
0.205 1530 0.005
0.21 1548 0.005
0.215 1555 0.005
0.22 1577 0.005
0.225 1640 0.005
0.23 1702 0.005
0.235 1660 0.005
0.24 1591 0.005
0.245 1638 0.005
0.25 1683 0.005
0.255 1732 0.005
0.26 1683 0.005
0.265 1736 0.005
0.27 1760 0.005
0.275 1757 0.005
0.28 1746 0.005
0.285 1676 0.005
0.29 1695 0.005
0.295 1673 0.005
0.3 1674 0.005
0.305 1595 0.005
0.31 1616 0.005
0.315 1642 0.005
0.32 1602 0.005
0.325 1546 0.005
0.33 1516 0.005
0.335 1581 0.005
0.34 1585 0.005
0.345 1531 0.005
0.35 1538 0.005
0.355 1565 0.005
0.36 1486 0.005
0.365 1422 0.005
0.37 1454 0.005
0.375 1372 0.005
0.38 1381 0.005
0.385 1405 0.005
0.39 1442 0.005
0.395 1337 0.005
0.4 1304 0.005
0.405 1264 0.005
0.41 1352 0.005
0.415 1187 0.005
0.42 1189 0.005
0.425 1180 0.005
0.43 1205 0.005
0.435 1206 0.005
0.44 1236 0.005
0.445 1196 0.005
0.45 1103 0.005
0.455 1108 0.005
0.46 1128 0.005
0.465 1067 0.005
0.47 1101 0.005
0.475 1075 0.005
0.48 1048 0.005
0.485 985 0.005
0.49 1019 0.005
0.495 950 0.005
0.5 965 0.005
0.505 950 0.005
0.51 929 0.005
0.515 889 0.005
0.52 916 0.005
0.525 927 0.005
0.53 871 0.005
0.535 885 0.005
0.54 800 0.005
0.545 813 0.005
0.55 872 0.005
0.555 846 0.005
0.56 812 0.005
0.565 791 0.005
0.57 803 0.005
0.575 823 0.005
0.58 772 0.005
0.585 775 0.005
0.59 728 0.005
0.595 684 0.005
0.6 740 0.005
0.605 674 0.005
0.61 661 0.005
0.615 654 0.005
0.62 708 0.005
0.625 665 0.005
0.63 671 0.005
0.635 647 0.005
0.64 657 0.005
0.645 624 0.005
0.65 589 0.005
0.655 590 0.005
0.66 626 0.005
0.665 589 0.005
0.67 574 0.005
0.675 610 0.005
0.68 555 0.005
0.685 571 0.005
0.69 580 0.005
0.695 553 0.005
0.7 560 0.005
0.705 531 0.005
0.71 552 0.005
0.715 511 0.005
0.72 533 0.005
0.725 466 0.005
0.73 526 0.005
0.735 505 0.005
0.74 499 0.005
0.745 522 0.005
0.75 494 0.005
0.755 497 0.005
0.76 458 0.005
0.765 455 0.005
0.77 407 0.005
0.775 441 0.005
0.78 440 0.005
0.785 422 0.005
0.79 426 0.005
0.795 442 0.005
0.8 412 0.005
0.805 418 0.005
0.81 426 0.005
0.815 418 0.005
0.82 415 0.005
0.825 443 0.005
0.83 406 0.005
0.835 368 0.005
0.84 385 0.005
0.845 368 0.005
0.85 415 0.005
0.855 373 0.005
0.86 349 0.005
0.865 381 0.005
0.87 362 0.005
0.875 405 0.005
0.88 328 0.005
0.885 352 0.005
0.89 351 0.005
0.895 351 0.005
0.9 313 0.005
0.905 352 0.005
0.91 318 0.005
0.915 341 0.005
0.92 349 0.005
0.925 281 0.005
0.93 304 0.005
0.935 328 0.005
0.94 299 0.005
0.945 312 0.005
0.95 275 0.005
0.955 335 0.005
0.96 328 0.005
0.965 297 0.005
0.97 310 0.005
0.975 285 0.005
0.98 265 0.005
0.985 297 0.005
0.99 282 0.005
0.995 306 0.005
