0 0 0.005
0.005 0 0.005
0.01 0 0.005
0.015 0 0.005
0.02 0 0.005
0.025 0 0.005
0.03 0 0.005
0.035 0 0.005
0.04 1 0.005
0.045 3 0.005
0.05 2 0.005
0.055 14 0.005
0.06 76 0.005
0.065 291 0.005
0.07 1113 0.005
0.075 2408 0.005
0.08 2446 0.005
0.085 3718 0.005
0.09 4496 0.005
0.095 4943 0.005
0.1 5083 0.005
0.105 4756 0.005
0.11 4518 0.005
0.115 4271 0.005
0.12 4119 0.005
0.125 4043 0.005
0.13 3744 0.005
0.135 3678 0.005
0.14 3627 0.005
0.145 3583 0.005
0.15 3505 0.005
0.155 3363 0.005
0.16 3376 0.005
0.165 3221 0.005
0.17 3006 0.005
0.175 2974 0.005
0.18 3053 0.005
0.185 2982 0.005
0.19 2930 0.005
0.195 2808 0.005
0.2 2790 0.005
0.205 2706 0.005
0.21 2678 0.005
0.215 2567 0.005
0.22 2498 0.005
0.225 2456 0.005
0.23 2390 0.005
0.235 2411 0.005
0.24 2344 0.005
0.245 2190 0.005
0.25 2210 0.005
0.255 2125 0.005
0.26 1949 0.005
0.265 2023 0.005
0.27 2049 0.005
0.275 1917 0.005
0.28 1970 0.005
0.285 1892 0.005
0.29 1845 0.005
0.295 1761 0.005
0.3 1851 0.005
0.305 1744 0.005
0.31 1772 0.005
0.315 1763 0.005
0.32 1658 0.005
0.325 1733 0.005
0.33 1703 0.005
0.335 1660 0.005
0.34 1640 0.005
0.345 1562 0.005
0.35 1547 0.005
0.355 1577 0.005
0.36 1537 0.005
0.365 1539 0.005
0.37 1443 0.005
0.375 1464 0.005
0.38 1501 0.005
0.385 1381 0.005
0.39 1451 0.005
0.395 1412 0.005
0.4 1356 0.005
0.405 1344 0.005
0.41 1354 0.005
0.415 1308 0.005
0.42 1283 0.005
0.425 1275 0.005
0.43 1333 0.005
0.435 1241 0.005
0.44 1243 0.005
0.445 1237 0.005
0.45 1240 0.005
0.455 1190 0.005
0.46 1135 0.005
0.465 1120 0.005
0.47 1138 0.005
0.475 1110 0.005
0.48 1146 0.005
0.485 1083 0.005
0.49 1135 0.005
0.495 1083 0.005
0.5 1040 0.005
0.505 998 0.005
0.51 1007 0.005
0.515 1020 0.005
0.52 939 0.005
0.525 963 0.005
0.53 951 0.005
0.535 945 0.005
0.54 917 0.005
0.545 910 0.005
0.55 894 0.005
0.555 888 0.005
0.56 889 0.005
0.565 831 0.005
0.57 864 0.005
0.575 772 0.005
0.58 761 0.005
0.585 775 0.005
0.59 779 0.005
0.595 744 0.005
0.6 731 0.005
0.605 780 0.005
0.61 662 0.005
0.615 680 0.005
0.62 680 0.005
0.625 647 0.005
0.63 709 0.005
0.635 699 0.005
0.64 654 0.005
0.645 621 0.005
0.65 627 0.005
0.655 608 0.005
0.66 618 0.005
0.665 597 0.005
0.67 616 0.005
0.675 614 0.005
0.68 601 0.005
0.685 604 0.005
0.69 589 0.005
0.695 517 0.005
0.7 569 0.005
0.705 581 0.005
0.71 534 0.005
0.715 544 0.005
0.72 568 0.005
0.725 563 0.005
0.73 511 0.005
0.735 537 0.005
0.74 502 0.005
0.745 528 0.005
0.75 509 0.005
0.755 496 0.005
0.76 470 0.005
0.765 485 0.005
0.77 461 0.005
0.775 441 0.005
0.78 446 0.005
0.785 442 0.005
0.79 412 0.005
0.795 467 0.005
0.8 423 0.005
0.805 380 0.005
0.81 434 0.005
0.815 376 0.005
0.82 397 0.005
0.825 389 0.005
0.83 408 0.005
0.835 415 0.005
0.84 417 0.005
0.845 348 0.005
0.85 358 0.005
0.855 324 0.005
0.86 366 0.005
0.865 362 0.005
0.87 337 0.005
0.875 332 0.005
0.88 342 0.005
0.885 330 0.005
0.89 357 0.005
0.895 370 0.005
0.9 323 0.005
0.905 321 0.005
0.91 325 0.005
0.915 306 0.005
0.92 278 0.005
0.925 283 0.005
0.93 324 0.005
0.935 254 0.005
0.94 279 0.005
0.945 268 0.005
0.95 294 0.005
0.955 276 0.005
0.96 250 0.005
0.965 281 0.005
0.97 274 0.005
0.975 230 0.005
0.98 237 0.005
0.985 235 0.005
0.99 252 0.005
0.995 244 0.005
