0 0 0.005
0.005 0 0.005
0.01 0 0.005
0.015 0 0.005
0.02 0 0.005
0.025 0 0.005
0.03 0 0.005
0.035 0 0.005
0.04 0 0.005
0.045 0 0.005
0.05 1 0.005
0.055 0 0.005
0.06 0 0.005
0.065 2 0.005
0.07 1 0.005
0.075 3 0.005
0.08 3 0.005
0.085 12 0.005
0.09 26 0.005
0.095 62 0.005
0.1 212 0.005
0.105 207 0.005
0.11 223 0.005
0.115 362 0.005
0.12 431 0.005
0.125 493 0.005
0.13 595 0.005
0.135 687 0.005
0.14 671 0.005
0.145 698 0.005
0.15 741 0.005
0.155 861 0.005
0.16 916 0.005
0.165 1019 0.005
0.17 1043 0.005
0.175 1097 0.005
0.18 1092 0.005
0.185 1212 0.005
0.19 1262 0.005
0.195 1303 0.005
0.2 1350 0.005
0.205 1378 0.005
0.21 1387 0.005
0.215 1557 0.005
0.22 1522 0.005
0.225 1438 0.005
0.23 1544 0.005
0.235 1532 0.005
0.24 1610 0.005
0.245 1648 0.005
0.25 1630 0.005
0.255 1644 0.005
0.26 1670 0.005
0.265 1587 0.005
0.27 1557 0.005
0.275 1640 0.005
0.28 1670 0.005
0.285 1602 0.005
0.29 1664 0.005
0.295 1617 0.005
0.3 1528 0.005
0.305 1615 0.005
0.31 1494 0.005
0.315 1565 0.005
0.32 1543 0.005
0.325 1550 0.005
0.33 1513 0.005
0.335 1539 0.005
0.34 1498 0.005
0.345 1495 0.005
0.35 1368 0.005
0.355 1356 0.005
0.36 1431 0.005
0.365 1447 0.005
0.37 1391 0.005
0.375 1313 0.005
0.38 1368 0.005
0.385 1326 0.005
0.39 1326 0.005
0.395 1295 0.005
0.4 1295 0.005
0.405 1193 0.005
0.41 1236 0.005
0.415 1232 0.005
0.42 1264 0.005
0.425 1147 0.005
0.43 1113 0.005
0.435 1116 0.005
0.44 1127 0.005
0.445 1089 0.005
0.45 1146 0.005
0.455 1127 0.005
0.46 1086 0.005
0.465 1043 0.005
0.47 1037 0.005
0.475 1019 0.005
0.48 1014 0.005
0.485 996 0.005
0.49 1013 0.005
0.495 999 0.005
0.5 935 0.005
0.505 969 0.005
0.51 909 0.005
0.515 902 0.005
0.52 956 0.005
0.525 925 0.005
0.53 858 0.005
0.535 865 0.005
0.54 832 0.005
0.545 831 0.005
0.55 827 0.005
0.555 843 0.005
0.56 863 0.005
0.565 837 0.005
0.57 795 0.005
0.575 812 0.005
0.58 764 0.005
0.585 776 0.005
0.59 760 0.005
0.595 743 0.005
0.6 755 0.005
0.605 736 0.005
0.61 707 0.005
0.615 691 0.005
0.62 684 0.005
0.625 677 0.005
0.63 662 0.005
0.635 637 0.005
0.64 630 0.005
0.645 631 0.005
0.65 625 0.005
0.655 589 0.005
0.66 606 0.005
0.665 609 0.005
0.67 589 0.005
0.675 586 0.005
0.68 567 0.005
0.685 576 0.005
0.69 539 0.005
0.695 566 0.005
0.7 533 0.005
0.705 503 0.005
0.71 492 0.005
0.715 512 0.005
0.72 547 0.005
0.725 487 0.005
0.73 509 0.005
0.735 466 0.005
0.74 480 0.005
0.745 483 0.005
0.75 480 0.005
0.755 475 0.005
0.76 503 0.005
0.765 466 0.005
0.77 453 0.005
0.775 463 0.005
0.78 423 0.005
0.785 451 0.005
0.79 429 0.005
0.795 364 0.005
0.8 417 0.005
0.805 412 0.005
0.81 398 0.005
0.815 382 0.005
0.82 440 0.005
0.825 413 0.005
0.83 372 0.005
0.835 376 0.005
0.84 367 0.005
0.845 376 0.005
0.85 347 0.005
0.855 359 0.005
0.86 343 0.005
0.865 341 0.005
0.87 371 0.005
0.875 341 0.005
0.88 323 0.005
0.885 333 0.005
0.89 281 0.005
0.895 327 0.005
0.9 338 0.005
0.905 320 0.005
0.91 331 0.005
0.915 312 0.005
0.92 301 0.005
0.925 323 0.005
0.93 276 0.005
0.935 306 0.005
0.94 283 0.005
0.945 288 0.005
0.95 294 0.005
0.955 280 0.005
0.96 297 0.005
0.965 263 0.005
0.97 255 0.005
0.975 259 0.005
0.98 272 0.005
0.985 262 0.005
0.99 281 0.005
0.995 293 0.005
