0 309 1
1 426 1
2 723 1
3 623 1
4 794 1
5 490 1
6 522 1
7 385 1
8 363 1
9 270 1
10 291 1
11 259 1
12 225 1
13 204 1
14 180 1
15 173 1
16 159 1
17 165 1
18 129 1
19 134 1
20 114 1
21 115 1
22 103 1
23 95 1
24 80 1
25 97 1
26 94 1
27 82 1
28 80 1
29 71 1
30 88 1
31 76 1
32 61 1
33 41 1
34 54 1
35 57 1
36 61 1
37 48 1
38 52 1
39 55 1
40 58 1
41 41 1
42 47 1
43 38 1
44 44 1
45 35 1
46 36 1
47 32 1
48 29 1
49 33 1
50 28 1
51 30 1
52 25 1
53 28 1
54 26 1
55 21 1
56 26 1
57 28 1
58 21 1
59 25 1
60 20 1
61 22 1
62 15 1
63 17 1
64 16 1
65 13 1
66 23 1
67 16 1
68 13 1
69 22 1
70 16 1
71 16 1
72 23 1
73 10 1
74 15 1
75 19 1
76 15 1
77 11 1
78 17 1
79 15 1
80 13 1
81 10 1
82 6 1
83 8 1
84 7 1
85 12 1
86 9 1
87 7 1
88 9 1
89 5 1
90 5 1
91 11 1
92 14 1
93 2 1
94 1 1
95 6 1
96 3 1
97 10 1
98 6 1
99 4 1
100 4 1
101 7 1
102 5 1
103 5 1
104 4 1
105 4 1
106 6 1
107 5 1
108 4 1
109 4 1
110 4 1
111 1 1
112 4 1
113 3 1
114 2 1
115 3 1
116 0 1
117 4 1
118 2 1
119 3 1
120 1 1
121 0 1
122 2 1
123 2 1
124 1 1
125 2 1
126 5 1
127 1 1
128 0 1
129 2 1
130 2 1
131 0 1
132 0 1
133 1 1
134 1 1
135 4 1
136 0 1
137 2 1
138 0 1
139 2 1
140 2 1
141 1 1
142 0 1
143 4 1
144 0 1
145 2 1
146 0 1
147 1 1
148 1 1
149 0 1
150 0 1
151 0 1
152 1 1
153 0 1
154 0 1
155 0 1
156 1 1
157 1 1
158 0 1
159 0 1
160 0 1
161 0 1
162 1 1
163 0 1
164 0 1
165 0 1
166 0 1
167 0 1
168 0 1
169 0 1
170 0 1
171 0 1
172 0 1
173 0 1
174 0 1
175 1 1
176 1 1
177 1 1
178 0 1
179 0 1
180 0 1
181 0 1
182 0 1
183 0 1
184 0 1
185 0 1
186 0 1
187 0 1
188 0 1
189 0 1
190 0 1
191 0 1
192 0 1
193 0 1
194 0 1
195 0 1
196 0 1
197 0 1
198 0 1
199 0 1
