0 1155 1
1 1588 1
2 3034 1
3 3458 1
4 3994 1
5 2280 1
6 2257 1
7 1538 1
8 1495 1
9 1116 1
10 1081 1
11 878 1
12 811 1
13 687 1
14 667 1
15 637 1
16 533 1
17 455 1
18 454 1
19 389 1
20 379 1
21 376 1
22 323 1
23 292 1
24 259 1
25 253 1
26 227 1
27 206 1
28 182 1
29 179 1
30 183 1
31 152 1
32 168 1
33 151 1
34 138 1
35 128 1
36 101 1
37 108 1
38 101 1
39 106 1
40 84 1
41 89 1
42 73 1
43 72 1
44 71 1
45 66 1
46 67 1
47 61 1
48 53 1
49 51 1
50 47 1
51 50 1
52 54 1
53 39 1
54 32 1
55 35 1
56 43 1
57 26 1
58 32 1
59 26 1
60 26 1
61 18 1
62 16 1
63 19 1
64 22 1
65 9 1
66 16 1
67 13 1
68 20 1
69 13 1
70 9 1
71 11 1
72 11 1
73 10 1
74 9 1
75 5 1
76 7 1
77 10 1
78 6 1
79 4 1
80 7 1
81 6 1
82 4 1
83 8 1
84 4 1
85 1 1
86 4 1
87 4 1
88 0 1
89 3 1
90 1 1
91 1 1
92 1 1
93 0 1
94 4 1
95 0 1
96 0 1
97 3 1
98 2 1
99 0 1
100 1 1
101 0 1
102 2 1
103 0 1
104 0 1
105 0 1
106 0 1
107 0 1
108 0 1
109 0 1
110 0 1
111 1 1
112 0 1
113 0 1
114 0 1
115 0 1
116 0 1
117 0 1
118 0 1
119 0 1
120 0 1
121 0 1
122 0 1
123 0 1
124 0 1
125 0 1
126 0 1
127 0 1
128 0 1
129 0 1
130 0 1
131 0 1
132 0 1
133 0 1
134 0 1
135 0 1
136 0 1
137 0 1
138 0 1
139 0 1
140 0 1
141 0 1
142 0 1
143 0 1
144 0 1
145 0 1
146 0 1
147 0 1
148 0 1
149 0 1
150 0 1
151 0 1
152 0 1
153 0 1
154 0 1
155 0 1
156 0 1
157 0 1
158 0 1
159 0 1
160 0 1
161 0 1
162 0 1
163 0 1
164 0 1
165 0 1
166 0 1
167 0 1
168 0 1
169 0 1
170 0 1
171 0 1
172 0 1
173 0 1
174 0 1
175 0 1
176 0 1
177 0 1
178 0 1
179 0 1
180 0 1
181 0 1
182 0 1
183 0 1
184 0 1
185 0 1
186 0 1
187 0 1
188 0 1
189 0 1
190 0 1
191 0 1
192 0 1
193 0 1
194 0 1
195 0 1
196 0 1
197 0 1
198 0 1
199 0 1
