0 1831 1
1 4238 1
2 11467 1
3 14528 1
4 14510 1
5 7954 1
6 8179 1
7 4522 1
8 4063 1
9 2942 1
10 2679 1
11 2158 1
12 1863 1
13 1516 1
14 1434 1
15 1313 1
16 1121 1
17 929 1
18 838 1
19 791 1
20 720 1
21 694 1
22 612 1
23 532 1
24 461 1
25 464 1
26 434 1
27 374 1
28 367 1
29 335 1
30 339 1
31 304 1
32 287 1
33 246 1
34 232 1
35 226 1
36 197 1
37 203 1
38 182 1
39 184 1
40 166 1
41 151 1
42 143 1
43 121 1
44 129 1
45 122 1
46 118 1
47 102 1
48 94 1
49 105 1
50 85 1
51 92 1
52 89 1
53 75 1
54 68 1
55 67 1
56 82 1
57 65 1
58 59 1
59 58 1
60 50 1
61 41 1
62 37 1
63 41 1
64 41 1
65 30 1
66 48 1
67 33 1
68 38 1
69 42 1
70 32 1
71 31 1
72 40 1
73 25 1
74 27 1
75 34 1
76 25 1
77 30 1
78 27 1
79 25 1
80 25 1
81 21 1
82 13 1
83 20 1
84 15 1
85 18 1
86 17 1
87 16 1
88 12 1
89 12 1
90 11 1
91 14 1
92 18 1
93 6 1
94 7 1
95 9 1
96 6 1
97 16 1
98 10 1
99 8 1
100 8 1
101 12 1
102 11 1
103 6 1
104 8 1
105 6 1
106 9 1
107 7 1
108 6 1
109 6 1
110 5 1
111 5 1
112 7 1
113 7 1
114 3 1
115 7 1
116 3 1
117 6 1
118 2 1
119 4 1
120 2 1
121 1 1
122 2 1
123 5 1
124 5 1
125 3 1
126 6 1
127 3 1
128 1 1
129 4 1
130 2 1
131 1 1
132 0 1
133 1 1
134 3 1
135 7 1
136 2 1
137 2 1
138 0 1
139 3 1
140 4 1
141 1 1
142 2 1
143 6 1
144 1 1
145 4 1
146 2 1
147 1 1
148 2 1
149 1 1
150 0 1
151 0 1
152 2 1
153 0 1
154 2 1
155 2 1
156 1 1
157 2 1
158 1 1
159 0 1
160 0 1
161 1 1
162 2 1
163 0 1
164 1 1
165 1 1
166 1 1
167 0 1
168 2 1
169 1 1
170 1 1
171 1 1
172 1 1
173 2 1
174 0 1
175 2 1
176 2 1
177 1 1
178 1 1
179 0 1
180 0 1
181 1 1
182 1 1
183 0 1
184 0 1
185 0 1
186 0 1
187 2 1
188 1 1
189 0 1
190 0 1
191 0 1
192 0 1
193 0 1
194 0 1
195 0 1
196 0 1
197 0 1
198 0 1
199 0 1
