0 598 1
1 1122 1
2 2823 1
3 3369 1
4 3732 1
5 1482 1
6 1426 1
7 742 1
8 678 1
9 409 1
10 366 1
11 267 1
12 212 1
13 157 1
14 163 1
15 142 1
16 111 1
17 114 1
18 77 1
19 83 1
20 51 1
21 58 1
22 51 1
23 42 1
24 31 1
25 39 1
26 41 1
27 26 1
28 32 1
29 20 1
30 22 1
31 35 1
32 25 1
33 22 1
34 18 1
35 21 1
36 15 1
37 20 1
38 15 1
39 9 1
40 16 1
41 13 1
42 9 1
43 8 1
44 8 1
45 8 1
46 9 1
47 5 1
48 2 1
49 12 1
50 3 1
51 4 1
52 5 1
53 2 1
54 5 1
55 4 1
56 12 1
57 4 1
58 3 1
59 4 1
60 3 1
61 1 1
62 2 1
63 3 1
64 1 1
65 2 1
66 3 1
67 3 1
68 0 1
69 3 1
70 1 1
71 0 1
72 1 1
73 2 1
74 0 1
75 6 1
76 0 1
77 2 1
78 1 1
79 1 1
80 2 1
81 1 1
82 2 1
83 0 1
84 3 1
85 5 1
86 0 1
87 1 1
88 0 1
89 1 1
90 3 1
91 2 1
92 0 1
93 1 1
94 0 1
95 0 1
96 0 1
97 0 1
98 1 1
99 0 1
100 0 1
101 0 1
102 0 1
103 0 1
104 0 1
105 1 1
106 1 1
107 1 1
108 0 1
109 0 1
110 0 1
111 0 1
112 1 1
113 0 1
114 0 1
115 0 1
116 1 1
117 0 1
118 0 1
119 0 1
120 0 1
121 0 1
122 0 1
123 1 1
124 1 1
125 0 1
126 0 1
127 0 1
128 0 1
129 0 1
130 0 1
131 0 1
132 0 1
133 0 1
134 0 1
135 0 1
136 0 1
137 0 1
138 0 1
139 0 1
140 0 1
141 0 1
142 0 1
143 0 1
144 0 1
145 0 1
146 1 1
147 0 1
148 0 1
149 0 1
150 0 1
151 0 1
152 0 1
153 0 1
154 0 1
155 0 1
156 0 1
157 0 1
158 0 1
159 0 1
160 0 1
161 0 1
162 0 1
163 0 1
164 0 1
165 0 1
166 0 1
167 0 1
168 0 1
169 0 1
170 0 1
171 0 1
172 0 1
173 0 1
174 0 1
175 0 1
176 0 1
177 0 1
178 0 1
179 0 1
180 0 1
181 0 1
182 0 1
183 0 1
184 0 1
185 0 1
186 0 1
187 0 1
188 0 1
189 0 1
190 0 1
191 0 1
192 0 1
193 0 1
194 0 1
195 0 1
196 0 1
197 0 1
198 0 1
199 0 1
