0 193 1
1 924 1
2 2748 1
3 4128 1
4 4086 1
5 2533 1
6 2457 1
7 1613 1
8 1425 1
9 1161 1
10 1061 1
11 855 1
12 776 1
13 649 1
14 631 1
15 591 1
16 515 1
17 408 1
18 364 1
19 360 1
20 340 1
21 329 1
22 303 1
23 249 1
24 225 1
25 235 1
26 200 1
27 176 1
28 191 1
29 190 1
30 160 1
31 153 1
32 154 1
33 133 1
34 118 1
35 117 1
36 103 1
37 113 1
38 97 1
39 107 1
40 88 1
41 86 1
42 77 1
43 75 1
44 70 1
45 65 1
46 70 1
47 60 1
48 52 1
49 56 1
50 48 1
51 43 1
52 48 1
53 43 1
54 41 1
55 37 1
56 41 1
57 35 1
58 39 1
59 29 1
60 27 1
61 22 1
62 20 1
63 23 1
64 27 1
65 14 1
66 29 1
67 19 1
68 21 1
69 21 1
70 18 1
71 18 1
72 15 1
73 13 1
74 14 1
75 11 1
76 14 1
77 17 1
78 16 1
79 12 1
80 13 1
81 10 1
82 7 1
83 13 1
84 8 1
85 6 1
86 11 1
87 7 1
88 4 1
89 6 1
90 5 1
91 11 1
92 8 1
93 3 1
94 4 1
95 3 1
96 2 1
97 4 1
98 6 1
99 4 1
100 5 1
101 9 1
102 6 1
103 5 1
104 2 1
105 2 1
106 3 1
107 3 1
108 3 1
109 4 1
110 3 1
111 4 1
112 4 1
113 4 1
114 1 1
115 1 1
116 1 1
117 5 1
118 2 1
119 1 1
120 2 1
121 0 1
122 2 1
123 3 1
124 0 1
125 3 1
126 4 1
127 2 1
128 0 1
129 4 1
130 2 1
131 1 1
132 0 1
133 1 1
134 1 1
135 5 1
136 2 1
137 2 1
138 0 1
139 1 1
140 4 1
141 0 1
142 0 1
143 4 1
144 0 1
145 2 1
146 1 1
147 1 1
148 2 1
149 0 1
150 0 1
151 0 1
152 2 1
153 0 1
154 1 1
155 2 1
156 1 1
157 2 1
158 0 1
159 0 1
160 0 1
161 1 1
162 1 1
163 0 1
164 0 1
165 1 1
166 1 1
167 0 1
168 1 1
169 0 1
170 1 1
171 0 1
172 1 1
173 2 1
174 0 1
175 2 1
176 2 1
177 1 1
178 1 1
179 0 1
180 0 1
181 1 1
182 0 1
183 0 1
184 0 1
185 0 1
186 0 1
187 1 1
188 0 1
189 0 1
190 0 1
191 0 1
192 0 1
193 0 1
194 0 1
195 0 1
196 0 1
197 0 1
198 0 1
199 0 1
