0 983 1
1 1990 1
2 5258 1
3 6356 1
4 6103 1
5 3699 1
6 4111 1
7 2097 1
8 1916 1
9 1338 1
10 1226 1
11 1009 1
12 859 1
13 694 1
14 634 1
15 571 1
16 487 1
17 402 1
18 391 1
19 343 1
20 324 1
21 304 1
22 256 1
23 239 1
24 200 1
25 189 1
26 191 1
27 172 1
28 141 1
29 123 1
30 157 1
31 116 1
32 108 1
33 91 1
34 96 1
35 87 1
36 79 1
37 67 1
38 70 1
39 67 1
40 62 1
41 52 1
42 57 1
43 38 1
44 51 1
45 48 1
46 39 1
47 37 1
48 40 1
49 37 1
50 34 1
51 45 1
52 36 1
53 30 1
54 22 1
55 26 1
56 29 1
57 26 1
58 17 1
59 25 1
60 20 1
61 18 1
62 15 1
63 15 1
64 13 1
65 14 1
66 16 1
67 11 1
68 17 1
69 18 1
70 13 1
71 13 1
72 24 1
73 10 1
74 13 1
75 17 1
76 11 1
77 11 1
78 10 1
79 12 1
80 10 1
81 10 1
82 4 1
83 7 1
84 4 1
85 7 1
86 6 1
87 8 1
88 8 1
89 5 1
90 3 1
91 1 1
92 10 1
93 2 1
94 3 1
95 6 1
96 4 1
97 12 1
98 3 1
99 4 1
100 3 1
101 3 1
102 5 1
103 1 1
104 6 1
105 3 1
106 5 1
107 3 1
108 3 1
109 2 1
110 2 1
111 1 1
112 2 1
113 3 1
114 2 1
115 6 1
116 1 1
117 1 1
118 0 1
119 3 1
120 0 1
121 1 1
122 0 1
123 1 1
124 4 1
125 0 1
126 2 1
127 1 1
128 1 1
129 0 1
130 0 1
131 0 1
132 0 1
133 0 1
134 2 1
135 2 1
136 0 1
137 0 1
138 0 1
139 2 1
140 0 1
141 1 1
142 2 1
143 2 1
144 1 1
145 2 1
146 0 1
147 0 1
148 0 1
149 1 1
150 0 1
151 0 1
152 0 1
153 0 1
154 1 1
155 0 1
156 0 1
157 0 1
158 1 1
159 0 1
160 0 1
161 0 1
162 1 1
163 0 1
164 1 1
165 0 1
166 0 1
167 0 1
168 1 1
169 1 1
170 0 1
171 1 1
172 0 1
173 0 1
174 0 1
175 0 1
176 0 1
177 0 1
178 0 1
179 0 1
180 0 1
181 0 1
182 1 1
183 0 1
184 0 1
185 0 1
186 0 1
187 1 1
188 1 1
189 0 1
190 0 1
191 0 1
192 0 1
193 0 1
194 0 1
195 0 1
196 0 1
197 0 1
198 0 1
199 0 1
