0 0 1
1 0 1
2 2188 1
3 4146 1
4 4344 1
5 2673 1
6 2583 1
7 1698 1
8 1493 1
9 1250 1
10 1046 1
11 902 1
12 843 1
13 678 1
14 628 1
15 568 1
16 530 1
17 486 1
18 383 1
19 357 1
20 351 1
21 352 1
22 291 1
23 285 1
24 238 1
25 281 1
26 236 1
27 213 1
28 183 1
29 195 1
30 149 1
31 159 1
32 148 1
33 135 1
34 149 1
35 112 1
36 125 1
37 117 1
38 126 1
39 99 1
40 91 1
41 78 1
42 85 1
43 83 1
44 91 1
45 67 1
46 65 1
47 75 1
48 70 1
49 58 1
50 55 1
51 66 1
52 33 1
53 60 1
54 56 1
55 44 1
56 49 1
57 42 1
58 36 1
59 38 1
60 41 1
61 39 1
62 31 1
63 26 1
64 28 1
65 39 1
66 23 1
67 24 1
68 27 1
69 31 1
70 17 1
71 15 1
72 12 1
73 14 1
74 22 1
75 25 1
76 11 1
77 18 1
78 17 1
79 17 1
80 16 1
81 21 1
82 10 1
83 8 1
84 13 1
85 15 1
86 8 1
87 12 1
88 13 1
89 8 1
90 14 1
91 9 1
92 11 1
93 8 1
94 5 1
95 10 1
96 11 1
97 12 1
98 7 1
99 5 1
100 6 1
101 7 1
102 9 1
103 7 1
104 6 1
105 8 1
106 5 1
107 8 1
108 5 1
109 4 1
110 3 1
111 3 1
112 7 1
113 3 1
114 2 1
115 5 1
116 6 1
117 2 1
118 1 1
119 3 1
120 5 1
121 5 1
122 4 1
123 5 1
124 5 1
125 4 1
126 4 1
127 1 1
128 2 1
129 2 1
130 6 1
131 0 1
132 1 1
133 2 1
134 3 1
135 3 1
136 2 1
137 3 1
138 4 1
139 2 1
140 1 1
141 0 1
142 0 1
143 1 1
144 1 1
145 0 1
146 4 1
147 3 1
148 2 1
149 0 1
150 1 1
151 2 1
152 1 1
153 0 1
154 2 1
155 1 1
156 2 1
157 2 1
158 2 1
159 0 1
160 2 1
161 0 1
162 2 1
163 0 1
164 2 1
165 0 1
166 3 1
167 2 1
168 0 1
169 0 1
170 0 1
171 1 1
172 0 1
173 3 1
174 0 1
175 0 1
176 0 1
177 1 1
178 2 1
179 2 1
180 1 1
181 1 1
182 2 1
183 1 1
184 2 1
185 0 1
186 2 1
187 1 1
188 2 1
189 0 1
190 0 1
191 1 1
192 0 1
193 1 1
194 1 1
195 0 1
196 2 1
197 0 1
198 1 1
199 0 1
