0 0 1
1 0 1
2 8821 1
3 13540 1
4 14649 1
5 8937 1
6 9369 1
7 5228 1
8 4431 1
9 3687 1
10 2875 1
11 2480 1
12 2235 1
13 1777 1
14 1601 1
15 1446 1
16 1307 1
17 1160 1
18 1046 1
19 920 1
20 879 1
21 801 1
22 703 1
23 672 1
24 601 1
25 593 1
26 547 1
27 493 1
28 458 1
29 442 1
30 356 1
31 390 1
32 336 1
33 306 1
34 297 1
35 280 1
36 272 1
37 256 1
38 258 1
39 234 1
40 204 1
41 209 1
42 162 1
43 178 1
44 204 1
45 155 1
46 159 1
47 159 1
48 130 1
49 134 1
50 114 1
51 149 1
52 106 1
53 112 1
54 100 1
55 91 1
56 94 1
57 77 1
58 86 1
59 80 1
60 87 1
61 70 1
62 78 1
63 56 1
64 67 1
65 71 1
66 67 1
67 52 1
68 60 1
69 56 1
70 43 1
71 28 1
72 42 1
73 30 1
74 48 1
75 38 1
76 28 1
77 35 1
78 38 1
79 37 1
80 40 1
81 45 1
82 32 1
83 20 1
84 29 1
85 25 1
86 30 1
87 26 1
88 29 1
89 27 1
90 25 1
91 23 1
92 22 1
93 24 1
94 19 1
95 23 1
96 26 1
97 25 1
98 19 1
99 14 1
100 20 1
101 10 1
102 19 1
103 18 1
104 11 1
105 12 1
106 13 1
107 15 1
108 10 1
109 12 1
110 12 1
111 8 1
112 11 1
113 7 1
114 8 1
115 14 1
116 10 1
117 7 1
118 8 1
119 6 1
120 9 1
121 9 1
122 13 1
123 8 1
124 16 1
125 7 1
126 7 1
127 4 1
128 6 1
129 5 1
130 6 1
131 2 1
132 4 1
133 5 1
134 9 1
135 5 1
136 4 1
137 7 1
138 9 1
139 4 1
140 1 1
141 2 1
142 1 1
143 5 1
144 6 1
145 3 1
146 7 1
147 5 1
148 5 1
149 0 1
150 2 1
151 2 1
152 3 1
153 3 1
154 2 1
155 1 1
156 4 1
157 2 1
158 2 1
159 4 1
160 4 1
161 3 1
162 3 1
163 3 1
164 3 1
165 0 1
166 4 1
167 4 1
168 0 1
169 2 1
170 0 1
171 2 1
172 1 1
173 3 1
174 0 1
175 1 1
176 0 1
177 2 1
178 3 1
179 2 1
180 2 1
181 2 1
182 2 1
183 2 1
184 2 1
185 0 1
186 2 1
187 3 1
188 3 1
189 1 1
190 1 1
191 1 1
192 0 1
193 1 1
194 1 1
195 0 1
196 2 1
197 0 1
198 2 1
199 0 1
