0 0 1
1 0 1
2 7 1
3 92 1
4 2093 1
5 4001 1
6 4259 1
7 3679 1
8 3157 1
9 2666 1
10 2286 1
11 1993 1
12 1729 1
13 1500 1
14 1354 1
15 1129 1
16 1011 1
17 953 1
18 803 1
19 816 1
20 660 1
21 620 1
22 511 1
23 506 1
24 493 1
25 427 1
26 394 1
27 316 1
28 341 1
29 337 1
30 294 1
31 243 1
32 275 1
33 244 1
34 231 1
35 242 1
36 183 1
37 171 1
38 153 1
39 142 1
40 150 1
41 151 1
42 126 1
43 131 1
44 121 1
45 96 1
46 111 1
47 98 1
48 107 1
49 76 1
50 81 1
51 88 1
52 79 1
53 77 1
54 68 1
55 50 1
56 67 1
57 58 1
58 61 1
59 54 1
60 49 1
61 61 1
62 55 1
63 47 1
64 54 1
65 38 1
66 45 1
67 42 1
68 28 1
69 37 1
70 35 1
71 35 1
72 32 1
73 30 1
74 23 1
75 26 1
76 37 1
77 32 1
78 20 1
79 29 1
80 23 1
81 28 1
82 25 1
83 24 1
84 25 1
85 27 1
86 13 1
87 21 1
88 22 1
89 17 1
90 19 1
91 15 1
92 13 1
93 15 1
94 18 1
95 14 1
96 17 1
97 8 1
98 17 1
99 17 1
100 16 1
101 10 1
102 18 1
103 13 1
104 12 1
105 7 1
106 10 1
107 8 1
108 8 1
109 9 1
110 12 1
111 13 1
112 9 1
113 10 1
114 6 1
115 16 1
116 12 1
117 18 1
118 5 1
119 7 1
120 13 1
121 1 1
122 2 1
123 9 1
124 3 1
125 11 1
126 7 1
127 9 1
128 7 1
129 11 1
130 4 1
131 8 1
132 4 1
133 6 1
134 7 1
135 8 1
136 5 1
137 6 1
138 7 1
139 6 1
140 5 1
141 6 1
142 5 1
143 2 1
144 2 1
145 4 1
146 4 1
147 4 1
148 1 1
149 3 1
150 2 1
151 3 1
152 4 1
153 4 1
154 2 1
155 5 1
156 1 1
157 0 1
158 2 1
159 5 1
160 2 1
161 2 1
162 4 1
163 2 1
164 5 1
165 3 1
166 4 1
167 4 1
168 1 1
169 4 1
170 1 1
171 4 1
172 1 1
173 3 1
174 0 1
175 1 1
176 1 1
177 0 1
178 1 1
179 2 1
180 1 1
181 1 1
182 3 1
183 1 1
184 0 1
185 1 1
186 1 1
187 2 1
188 1 1
189 2 1
190 2 1
191 0 1
192 0 1
193 3 1
194 2 1
195 2 1
196 0 1
197 1 1
198 1 1
199 0 1
