0 0 1
1 0 1
2 2 1
3 105 1
4 1741 1
5 3003 1
6 3032 1
7 2651 1
8 2257 1
9 1874 1
10 1562 1
11 1241 1
12 1064 1
13 920 1
14 754 1
15 754 1
16 618 1
17 553 1
18 525 1
19 457 1
20 398 1
21 374 1
22 337 1
23 306 1
24 315 1
25 277 1
26 222 1
27 203 1
28 203 1
29 207 1
30 187 1
31 180 1
32 142 1
33 147 1
34 170 1
35 107 1
36 117 1
37 105 1
38 119 1
39 99 1
40 111 1
41 117 1
42 86 1
43 76 1
44 82 1
45 76 1
46 67 1
47 72 1
48 76 1
49 65 1
50 48 1
51 51 1
52 55 1
53 60 1
54 52 1
55 57 1
56 32 1
57 47 1
58 44 1
59 44 1
60 39 1
61 48 1
62 24 1
63 32 1
64 35 1
65 44 1
66 40 1
67 32 1
68 24 1
69 34 1
70 28 1
71 37 1
72 30 1
73 27 1
74 31 1
75 18 1
76 15 1
77 21 1
78 27 1
79 23 1
80 22 1
81 24 1
82 24 1
83 22 1
84 19 1
85 13 1
86 24 1
87 21 1
88 19 1
89 19 1
90 13 1
91 17 1
92 13 1
93 14 1
94 11 1
95 10 1
96 10 1
97 10 1
98 8 1
99 13 1
100 14 1
101 13 1
102 12 1
103 9 1
104 8 1
105 9 1
106 11 1
107 9 1
108 11 1
109 6 1
110 19 1
111 11 1
112 12 1
113 10 1
114 10 1
115 6 1
116 11 1
117 10 1
118 9 1
119 12 1
120 12 1
121 5 1
122 6 1
123 5 1
124 7 1
125 5 1
126 6 1
127 5 1
128 12 1
129 13 1
130 6 1
131 8 1
132 6 1
133 11 1
134 12 1
135 8 1
136 7 1
137 7 1
138 5 1
139 7 1
140 6 1
141 4 1
142 9 1
143 8 1
144 10 1
145 5 1
146 6 1
147 6 1
148 5 1
149 3 1
150 2 1
151 6 1
152 3 1
153 6 1
154 5 1
155 4 1
156 1 1
157 6 1
158 3 1
159 7 1
160 8 1
161 2 1
162 4 1
163 2 1
164 6 1
165 1 1
166 4 1
167 4 1
168 5 1
169 5 1
170 3 1
171 5 1
172 3 1
173 4 1
174 3 1
175 4 1
176 3 1
177 2 1
178 2 1
179 1 1
180 1 1
181 2 1
182 2 1
183 1 1
184 6 1
185 2 1
186 2 1
187 2 1
188 3 1
189 2 1
190 3 1
191 0 1
192 2 1
193 3 1
194 5 1
195 2 1
196 0 1
197 0 1
198 1 1
199 2 1
