0 0 1
1 0 1
2 0 1
3 1 1
4 10 1
5 16 1
6 32 1
7 19 1
8 45 1
9 40 1
10 55 1
11 80 1
12 85 1
13 85 1
14 87 1
15 133 1
16 128 1
17 131 1
18 102 1
19 129 1
20 126 1
21 145 1
22 143 1
23 129 1
24 134 1
25 123 1
26 145 1
27 123 1
28 134 1
29 145 1
30 134 1
31 162 1
32 110 1
33 133 1
34 128 1
35 169 1
36 141 1
37 155 1
38 148 1
39 137 1
40 155 1
41 155 1
42 142 1
43 137 1
44 117 1
45 135 1
46 106 1
47 101 1
48 121 1
49 129 1
50 119 1
51 113 1
52 92 1
53 96 1
54 93 1
55 75 1
56 90 1
57 96 1
58 97 1
59 80 1
60 98 1
61 81 1
62 77 1
63 68 1
64 63 1
65 57 1
66 53 1
67 62 1
68 46 1
69 63 1
70 52 1
71 58 1
72 40 1
73 48 1
74 56 1
75 45 1
76 39 1
77 34 1
78 39 1
79 32 1
80 31 1
81 30 1
82 37 1
83 27 1
84 31 1
85 26 1
86 25 1
87 23 1
88 22 1
89 30 1
90 22 1
91 25 1
92 22 1
93 23 1
94 15 1
95 14 1
96 13 1
97 20 1
98 20 1
99 11 1
100 18 1
101 9 1
102 17 1
103 8 1
104 17 1
105 15 1
106 11 1
107 15 1
108 10 1
109 11 1
110 6 1
111 11 1
112 11 1
113 9 1
114 7 1
115 4 1
116 3 1
117 7 1
118 8 1
119 11 1
120 7 1
121 5 1
122 4 1
123 9 1
124 7 1
125 1 1
126 6 1
127 4 1
128 4 1
129 3 1
130 3 1
131 5 1
132 6 1
133 1 1
134 4 1
135 6 1
136 1 1
137 1 1
138 3 1
139 2 1
140 3 1
141 5 1
142 10 1
143 0 1
144 2 1
145 1 1
146 2 1
147 3 1
148 5 1
149 3 1
150 1 1
151 3 1
152 2 1
153 2 1
154 2 1
155 1 1
156 0 1
157 1 1
158 3 1
159 0 1
160 3 1
161 3 1
162 2 1
163 1 1
164 1 1
165 2 1
166 0 1
167 2 1
168 3 1
169 1 1
170 1 1
171 0 1
172 0 1
173 3 1
174 0 1
175 5 1
176 2 1
177 0 1
178 1 1
179 2 1
180 1 1
181 1 1
182 0 1
183 1 1
184 1 1
185 0 1
186 0 1
187 1 1
188 3 1
189 0 1
190 2 1
191 0 1
192 0 1
193 3 1
194 0 1
195 0 1
196 0 1
197 0 1
198 1 1
199 0 1
