0 0 1
1 0 1
2 4 1
3 26 1
4 279 1
5 409 1
6 413 1
7 460 1
8 429 1
9 447 1
10 458 1
11 401 1
12 411 1
13 363 1
14 330 1
15 320 1
16 274 1
17 224 1
18 205 1
19 196 1
20 197 1
21 160 1
22 149 1
23 159 1
24 150 1
25 128 1
26 108 1
27 99 1
28 97 1
29 83 1
30 97 1
31 97 1
32 77 1
33 54 1
34 81 1
35 56 1
36 53 1
37 60 1
38 51 1
39 54 1
40 59 1
41 39 1
42 50 1
43 37 1
44 31 1
45 27 1
46 37 1
47 20 1
48 20 1
49 34 1
50 23 1
51 18 1
52 23 1
53 25 1
54 29 1
55 23 1
56 26 1
57 27 1
58 22 1
59 14 1
60 18 1
61 21 1
62 24 1
63 11 1
64 14 1
65 12 1
66 18 1
67 9 1
68 13 1
69 16 1
70 5 1
71 10 1
72 5 1
73 12 1
74 9 1
75 9 1
76 9 1
77 6 1
78 9 1
79 8 1
80 6 1
81 6 1
82 8 1
83 11 1
84 12 1
85 6 1
86 2 1
87 7 1
88 3 1
89 5 1
90 4 1
91 5 1
92 6 1
93 5 1
94 5 1
95 4 1
96 4 1
97 9 1
98 5 1
99 3 1
100 6 1
101 3 1
102 6 1
103 7 1
104 4 1
105 6 1
106 6 1
107 2 1
108 1 1
109 3 1
110 2 1
111 2 1
112 2 1
113 9 1
114 3 1
115 5 1
116 2 1
117 4 1
118 5 1
119 4 1
120 0 1
121 2 1
122 0 1
123 3 1
124 1 1
125 0 1
126 0 1
127 5 1
128 1 1
129 5 1
130 3 1
131 1 1
132 1 1
133 1 1
134 3 1
135 1 1
136 1 1
137 3 1
138 0 1
139 0 1
140 1 1
141 2 1
142 2 1
143 2 1
144 0 1
145 1 1
146 3 1
147 1 1
148 0 1
149 3 1
150 1 1
151 2 1
152 1 1
153 2 1
154 0 1
155 0 1
156 0 1
157 0 1
158 2 1
159 1 1
160 1 1
161 0 1
162 0 1
163 0 1
164 0 1
165 1 1
166 0 1
167 1 1
168 0 1
169 0 1
170 1 1
171 1 1
172 1 1
173 0 1
174 0 1
175 0 1
176 1 1
177 0 1
178 0 1
179 0 1
180 0 1
181 0 1
182 0 1
183 0 1
184 1 1
185 1 1
186 0 1
187 0 1
188 0 1
189 1 1
190 0 1
191 0 1
192 0 1
193 1 1
194 1 1
195 3 1
196 0 1
197 0 1
198 0 1
199 0 1
