0 0 1
1 0 1
2 6 1
3 59 1
4 617 1
5 863 1
6 951 1
7 1067 1
8 1007 1
9 920 1
10 829 1
11 693 1
12 553 1
13 449 1
14 337 1
15 328 1
16 213 1
17 163 1
18 144 1
19 107 1
20 90 1
21 71 1
22 66 1
23 45 1
24 41 1
25 39 1
26 43 1
27 38 1
28 26 1
29 31 1
30 20 1
31 19 1
32 18 1
33 20 1
34 11 1
35 10 1
36 6 1
37 6 1
38 8 1
39 8 1
40 5 1
41 8 1
42 6 1
43 7 1
44 5 1
45 10 1
46 6 1
47 5 1
48 3 1
49 2 1
50 1 1
51 2 1
52 6 1
53 1 1
54 4 1
55 2 1
56 2 1
57 3 1
58 0 1
59 3 1
60 2 1
61 0 1
62 2 1
63 3 1
64 1 1
65 1 1
66 4 1
67 0 1
68 0 1
69 1 1
70 2 1
71 2 1
72 0 1
73 0 1
74 1 1
75 1 1
76 0 1
77 0 1
78 1 1
79 1 1
80 0 1
81 0 1
82 1 1
83 0 1
84 0 1
85 1 1
86 0 1
87 2 1
88 0 1
89 0 1
90 0 1
91 1 1
92 0 1
93 0 1
94 0 1
95 0 1
96 0 1
97 0 1
98 0 1
99 0 1
100 0 1
101 1 1
102 1 1
103 0 1
104 1 1
105 0 1
106 0 1
107 0 1
108 0 1
109 0 1
110 0 1
111 0 1
112 0 1
113 1 1
114 0 1
115 0 1
116 0 1
117 1 1
118 0 1
119 0 1
120 0 1
121 0 1
122 0 1
123 0 1
124 0 1
125 0 1
126 0 1
127 0 1
128 0 1
129 0 1
130 0 1
131 0 1
132 0 1
133 0 1
134 0 1
135 0 1
136 0 1
137 0 1
138 0 1
139 0 1
140 0 1
141 0 1
142 0 1
143 0 1
144 0 1
145 0 1
146 0 1
147 0 1
148 0 1
149 0 1
150 0 1
151 0 1
152 0 1
153 0 1
154 0 1
155 0 1
156 0 1
157 0 1
158 0 1
159 1 1
160 0 1
161 0 1
162 0 1
163 0 1
164 0 1
165 1 1
166 0 1
167 0 1
168 0 1
169 0 1
170 1 1
171 0 1
172 0 1
173 0 1
174 0 1
175 0 1
176 0 1
177 0 1
178 0 1
179 0 1
180 0 1
181 0 1
182 0 1
183 0 1
184 0 1
185 0 1
186 0 1
187 0 1
188 0 1
189 0 1
190 0 1
191 0 1
192 0 1
193 0 1
194 0 1
195 0 1
196 0 1
197 0 1
198 0 1
199 0 1
