0 0 1
1 0 1
2 72 1
3 320 1
4 4676 1
5 6633 1
6 6224 1
7 5285 1
8 4080 1
9 3374 1
10 2764 1
11 2296 1
12 1939 1
13 1759 1
14 1526 1
15 1304 1
16 1187 1
17 1029 1
18 957 1
19 834 1
20 777 1
21 732 1
22 684 1
23 633 1
24 565 1
25 532 1
26 501 1
27 450 1
28 417 1
29 402 1
30 342 1
31 370 1
32 324 1
33 322 1
34 303 1
35 303 1
36 248 1
37 235 1
38 218 1
39 224 1
40 247 1
41 229 1
42 182 1
43 172 1
44 198 1
45 177 1
46 154 1
47 190 1
48 148 1
49 130 1
50 116 1
51 131 1
52 128 1
53 109 1
54 107 1
55 112 1
56 112 1
57 85 1
58 97 1
59 99 1
60 106 1
61 97 1
62 91 1
63 81 1
64 90 1
65 85 1
66 73 1
67 66 1
68 78 1
69 67 1
70 55 1
71 66 1
72 59 1
73 65 1
74 48 1
75 55 1
76 58 1
77 47 1
78 44 1
79 47 1
80 39 1
81 38 1
82 34 1
83 44 1
84 45 1
85 40 1
86 37 1
87 37 1
88 29 1
89 40 1
90 37 1
91 22 1
92 25 1
93 29 1
94 30 1
95 31 1
96 31 1
97 28 1
98 24 1
99 23 1
100 19 1
101 18 1
102 31 1
103 17 1
104 25 1
105 19 1
106 21 1
107 15 1
108 25 1
109 15 1
110 19 1
111 12 1
112 21 1
113 12 1
114 13 1
115 15 1
116 25 1
117 11 1
118 13 1
119 14 1
120 16 1
121 15 1
122 18 1
123 8 1
124 17 1
125 13 1
126 13 1
127 13 1
128 8 1
129 11 1
130 13 1
131 12 1
132 12 1
133 12 1
134 12 1
135 9 1
136 12 1
137 9 1
138 9 1
139 7 1
140 7 1
141 4 1
142 7 1
143 5 1
144 11 1
145 13 1
146 5 1
147 10 1
148 10 1
149 9 1
150 9 1
151 8 1
152 4 1
153 4 1
154 10 1
155 9 1
156 10 1
157 3 1
158 6 1
159 8 1
160 7 1
161 10 1
162 2 1
163 9 1
164 5 1
165 9 1
166 3 1
167 6 1
168 12 1
169 6 1
170 4 1
171 5 1
172 8 1
173 5 1
174 4 1
175 8 1
176 5 1
177 4 1
178 6 1
179 7 1
180 6 1
181 3 1
182 3 1
183 5 1
184 6 1
185 4 1
186 4 1
187 4 1
188 2 1
189 1 1
190 3 1
191 6 1
192 1 1
193 2 1
194 5 1
195 4 1
196 4 1
197 4 1
198 2 1
199 4 1
