0 0 1
1 0 1
2 47 1
3 205 1
4 3197 1
5 4589 1
6 4446 1
7 3805 1
8 2949 1
9 2496 1
10 1997 1
11 1546 1
12 1274 1
13 1075 1
14 894 1
15 758 1
16 627 1
17 490 1
18 391 1
19 329 1
20 295 1
21 279 1
22 217 1
23 212 1
24 173 1
25 144 1
26 119 1
27 115 1
28 93 1
29 75 1
30 63 1
31 69 1
32 59 1
33 53 1
34 59 1
35 37 1
36 46 1
37 31 1
38 30 1
39 22 1
40 29 1
41 32 1
42 11 1
43 18 1
44 23 1
45 14 1
46 13 1
47 13 1
48 9 1
49 8 1
50 7 1
51 9 1
52 6 1
53 6 1
54 7 1
55 6 1
56 9 1
57 7 1
58 2 1
59 3 1
60 0 1
61 5 1
62 1 1
63 5 1
64 7 1
65 6 1
66 4 1
67 1 1
68 5 1
69 1 1
70 2 1
71 2 1
72 4 1
73 3 1
74 1 1
75 1 1
76 1 1
77 1 1
78 2 1
79 1 1
80 2 1
81 2 1
82 2 1
83 2 1
84 3 1
85 1 1
86 1 1
87 2 1
88 0 1
89 0 1
90 1 1
91 1 1
92 1 1
93 4 1
94 3 1
95 1 1
96 0 1
97 0 1
98 1 1
99 1 1
100 0 1
101 0 1
102 2 1
103 1 1
104 1 1
105 1 1
106 0 1
107 0 1
108 1 1
109 1 1
110 0 1
111 1 1
112 0 1
113 0 1
114 0 1
115 0 1
116 1 1
117 0 1
118 1 1
119 0 1
120 2 1
121 0 1
122 1 1
123 1 1
124 0 1
125 0 1
126 0 1
127 0 1
128 0 1
129 0 1
130 0 1
131 1 1
132 0 1
133 0 1
134 0 1
135 0 1
136 0 1
137 0 1
138 0 1
139 0 1
140 0 1
141 0 1
142 0 1
143 0 1
144 0 1
145 0 1
146 0 1
147 0 1
148 0 1
149 1 1
150 0 1
151 0 1
152 0 1
153 0 1
154 0 1
155 0 1
156 0 1
157 0 1
158 0 1
159 1 1
160 0 1
161 0 1
162 0 1
163 0 1
164 0 1
165 0 1
166 0 1
167 0 1
168 0 1
169 0 1
170 0 1
171 1 1
172 0 1
173 1 1
174 0 1
175 0 1
176 1 1
177 0 1
178 0 1
179 0 1
180 1 1
181 0 1
182 0 1
183 0 1
184 0 1
185 0 1
186 0 1
187 0 1
188 0 1
189 0 1
190 0 1
191 0 1
192 0 1
193 0 1
194 1 1
195 0 1
196 0 1
197 0 1
198 0 1
199 0 1
