0 0 1
1 0 1
2 1 1
3 3 1
4 78 1
5 90 1
6 106 1
7 65 1
8 71 1
9 62 1
10 42 1
11 41 1
12 46 1
13 55 1
14 52 1
15 58 1
16 50 1
17 54 1
18 56 1
19 50 1
20 56 1
21 55 1
22 53 1
23 43 1
24 52 1
25 44 1
26 33 1
27 55 1
28 48 1
29 48 1
30 63 1
31 36 1
32 46 1
33 53 1
34 54 1
35 46 1
36 35 1
37 33 1
38 48 1
39 30 1
40 44 1
41 32 1
42 40 1
43 37 1
44 33 1
45 35 1
46 42 1
47 32 1
48 49 1
49 41 1
50 40 1
51 33 1
52 38 1
53 42 1
54 40 1
55 38 1
56 28 1
57 33 1
58 35 1
59 43 1
60 30 1
61 40 1
62 19 1
63 47 1
64 27 1
65 37 1
66 38 1
67 25 1
68 29 1
69 35 1
70 30 1
71 27 1
72 37 1
73 30 1
74 28 1
75 28 1
76 26 1
77 26 1
78 26 1
79 28 1
80 26 1
81 18 1
82 27 1
83 22 1
84 24 1
85 17 1
86 20 1
87 21 1
88 19 1
89 19 1
90 14 1
91 21 1
92 19 1
93 18 1
94 17 1
95 16 1
96 18 1
97 11 1
98 12 1
99 17 1
100 15 1
101 19 1
102 11 1
103 10 1
104 15 1
105 15 1
106 15 1
107 15 1
108 12 1
109 14 1
110 23 1
111 15 1
112 17 1
113 16 1
114 15 1
115 9 1
116 18 1
117 10 1
118 13 1
119 12 1
120 11 1
121 6 1
122 7 1
123 10 1
124 8 1
125 5 1
126 7 1
127 12 1
128 10 1
129 11 1
130 7 1
131 8 1
132 7 1
133 12 1
134 13 1
135 11 1
136 7 1
137 7 1
138 7 1
139 7 1
140 5 1
141 5 1
142 7 1
143 9 1
144 9 1
145 3 1
146 7 1
147 5 1
148 3 1
149 4 1
150 2 1
151 6 1
152 4 1
153 6 1
154 6 1
155 4 1
156 2 1
157 5 1
158 4 1
159 10 1
160 3 1
161 3 1
162 3 1
163 2 1
164 6 1
165 3 1
166 2 1
167 4 1
168 3 1
169 3 1
170 3 1
171 2 1
172 2 1
173 2 1
174 4 1
175 2 1
176 4 1
177 1 1
178 3 1
179 2 1
180 2 1
181 2 1
182 0 1
183 3 1
184 6 1
185 1 1
186 2 1
187 1 1
188 5 1
189 2 1
190 3 1
191 0 1
192 2 1
193 2 1
194 6 1
195 0 1
196 0 1
197 1 1
198 0 1
199 0 1
