0 0 1
1 0 1
2 1 1
3 1 1
4 11 1
5 13 1
6 16 1
7 9 1
8 12 1
9 5 1
10 7 1
11 14 1
12 15 1
13 13 1
14 14 1
15 18 1
16 21 1
17 19 1
18 15 1
19 20 1
20 21 1
21 36 1
22 24 1
23 16 1
24 23 1
25 27 1
26 25 1
27 19 1
28 23 1
29 23 1
30 18 1
31 22 1
32 22 1
33 20 1
34 20 1
35 18 1
36 16 1
37 19 1
38 15 1
39 15 1
40 17 1
41 18 1
42 17 1
43 14 1
44 13 1
45 15 1
46 21 1
47 14 1
48 19 1
49 15 1
50 18 1
51 10 1
52 5 1
53 13 1
54 8 1
55 8 1
56 8 1
57 7 1
58 11 1
59 11 1
60 4 1
61 5 1
62 6 1
63 8 1
64 7 1
65 8 1
66 8 1
67 8 1
68 3 1
69 4 1
70 5 1
71 3 1
72 5 1
73 2 1
74 4 1
75 3 1
76 2 1
77 2 1
78 2 1
79 2 1
80 4 1
81 1 1
82 0 1
83 1 1
84 2 1
85 1 1
86 0 1
87 2 1
88 1 1
89 1 1
90 0 1
91 1 1
92 2 1
93 0 1
94 1 1
95 1 1
96 0 1
97 0 1
98 1 1
99 0 1
100 0 1
101 0 1
102 0 1
103 0 1
104 0 1
105 0 1
106 0 1
107 0 1
108 0 1
109 0 1
110 0 1
111 0 1
112 0 1
113 0 1
114 0 1
115 0 1
116 0 1
117 0 1
118 0 1
119 1 1
120 0 1
121 0 1
122 0 1
123 0 1
124 0 1
125 0 1
126 0 1
127 0 1
128 0 1
129 0 1
130 0 1
131 0 1
132 0 1
133 0 1
134 0 1
135 0 1
136 0 1
137 0 1
138 0 1
139 0 1
140 0 1
141 0 1
142 0 1
143 0 1
144 0 1
145 0 1
146 0 1
147 0 1
148 0 1
149 0 1
150 0 1
151 0 1
152 0 1
153 0 1
154 0 1
155 0 1
156 0 1
157 0 1
158 0 1
159 0 1
160 0 1
161 0 1
162 0 1
163 0 1
164 0 1
165 0 1
166 0 1
167 0 1
168 0 1
169 0 1
170 0 1
171 0 1
172 0 1
173 0 1
174 0 1
175 0 1
176 0 1
177 0 1
178 0 1
179 0 1
180 0 1
181 0 1
182 0 1
183 0 1
184 0 1
185 0 1
186 0 1
187 0 1
188 0 1
189 0 1
190 0 1
191 0 1
192 0 1
193 0 1
194 0 1
195 0 1
196 0 1
197 0 1
198 0 1
199 0 1
