0 0 1
1 0 1
2 10 1
3 33 1
4 468 1
5 555 1
6 594 1
7 613 1
8 606 1
9 573 1
10 515 1
11 407 1
12 348 1
13 370 1
14 293 1
15 297 1
16 240 1
17 226 1
18 196 1
19 191 1
20 169 1
21 166 1
22 125 1
23 122 1
24 108 1
25 100 1
26 96 1
27 94 1
28 85 1
29 67 1
30 72 1
31 62 1
32 72 1
33 60 1
34 65 1
35 29 1
36 35 1
37 38 1
38 38 1
39 35 1
40 21 1
41 29 1
42 30 1
43 36 1
44 26 1
45 32 1
46 26 1
47 24 1
48 29 1
49 18 1
50 22 1
51 30 1
52 25 1
53 15 1
54 17 1
55 13 1
56 16 1
57 12 1
58 13 1
59 16 1
60 12 1
61 16 1
62 12 1
63 11 1
64 11 1
65 14 1
66 9 1
67 11 1
68 2 1
69 11 1
70 9 1
71 5 1
72 12 1
73 13 1
74 6 1
75 9 1
76 5 1
77 5 1
78 10 1
79 7 1
80 3 1
81 3 1
82 5 1
83 6 1
84 3 1
85 1 1
86 3 1
87 3 1
88 5 1
89 1 1
90 3 1
91 2 1
92 6 1
93 6 1
94 3 1
95 4 1
96 5 1
97 6 1
98 3 1
99 3 1
100 2 1
101 2 1
102 2 1
103 4 1
104 0 1
105 1 1
106 6 1
107 3 1
108 4 1
109 2 1
110 2 1
111 0 1
112 1 1
113 4 1
114 1 1
115 0 1
116 2 1
117 2 1
118 0 1
119 1 1
120 0 1
121 0 1
122 0 1
123 0 1
124 0 1
125 1 1
126 0 1
127 0 1
128 0 1
129 1 1
130 1 1
131 0 1
132 0 1
133 0 1
134 0 1
135 0 1
136 0 1
137 1 1
138 0 1
139 1 1
140 0 1
141 0 1
142 0 1
143 3 1
144 0 1
145 1 1
146 0 1
147 1 1
148 0 1
149 0 1
150 0 1
151 0 1
152 0 1
153 0 1
154 1 1
155 0 1
156 0 1
157 0 1
158 0 1
159 0 1
160 1 1
161 1 1
162 0 1
163 0 1
164 1 1
165 1 1
166 2 1
167 0 1
168 0 1
169 0 1
170 1 1
171 1 1
172 0 1
173 0 1
174 0 1
175 0 1
176 0 1
177 0 1
178 0 1
179 0 1
180 0 1
181 0 1
182 0 1
183 0 1
184 1 1
185 0 1
186 0 1
187 0 1
188 0 1
189 0 1
190 0 1
191 0 1
192 0 1
193 0 1
194 0 1
195 0 1
196 0 1
197 0 1
198 0 1
199 0 1
