0 0 1
1 0 1
2 5 1
3 18 1
4 188 1
5 305 1
6 408 1
7 499 1
8 629 1
9 645 1
10 567 1
11 612 1
12 565 1
13 542 1
14 503 1
15 448 1
16 504 1
17 424 1
18 396 1
19 367 1
20 350 1
21 352 1
22 296 1
23 305 1
24 266 1
25 259 1
26 262 1
27 220 1
28 201 1
29 216 1
30 197 1
31 162 1
32 158 1
33 156 1
34 156 1
35 136 1
36 106 1
37 110 1
38 111 1
39 99 1
40 103 1
41 76 1
42 89 1
43 83 1
44 65 1
45 89 1
46 69 1
47 64 1
48 72 1
49 52 1
50 55 1
51 58 1
52 52 1
53 37 1
54 45 1
55 38 1
56 44 1
57 43 1
58 37 1
59 29 1
60 39 1
61 30 1
62 22 1
63 32 1
64 26 1
65 22 1
66 19 1
67 23 1
68 33 1
69 27 1
70 25 1
71 24 1
72 23 1
73 15 1
74 31 1
75 15 1
76 15 1
77 16 1
78 16 1
79 20 1
80 13 1
81 15 1
82 24 1
83 13 1
84 11 1
85 19 1
86 18 1
87 10 1
88 12 1
89 10 1
90 12 1
91 11 1
92 13 1
93 8 1
94 4 1
95 8 1
96 7 1
97 10 1
98 4 1
99 5 1
100 8 1
101 9 1
102 6 1
103 3 1
104 13 1
105 9 1
106 7 1
107 6 1
108 7 1
109 7 1
110 7 1
111 4 1
112 4 1
113 4 1
114 5 1
115 4 1
116 5 1
117 4 1
118 0 1
119 0 1
120 6 1
121 2 1
122 2 1
123 2 1
124 5 1
125 0 1
126 5 1
127 1 1
128 2 1
129 2 1
130 3 1
131 0 1
132 1 1
133 2 1
134 2 1
135 1 1
136 2 1
137 2 1
138 0 1
139 0 1
140 2 1
141 1 1
142 3 1
143 2 1
144 1 1
145 3 1
146 1 1
147 2 1
148 2 1
149 0 1
150 2 1
151 1 1
152 0 1
153 3 1
154 0 1
155 1 1
156 0 1
157 3 1
158 2 1
159 4 1
160 2 1
161 2 1
162 1 1
163 0 1
164 0 1
165 1 1
166 0 1
167 1 1
168 1 1
169 0 1
170 0 1
171 1 1
172 0 1
173 2 1
174 2 1
175 1 1
176 1 1
177 2 1
178 0 1
179 1 1
180 0 1
181 1 1
182 1 1
183 0 1
184 0 1
185 0 1
186 0 1
187 1 1
188 0 1
189 0 1
190 0 1
191 0 1
192 0 1
193 1 1
194 0 1
195 1 1
196 0 1
197 0 1
198 0 1
199 0 1
