0 0 1
1 0 1
2 1 1
3 1 1
4 23 1
5 21 1
6 38 1
7 46 1
8 54 1
9 49 1
10 70 1
11 99 1
12 78 1
13 113 1
14 118 1
15 125 1
16 148 1
17 156 1
18 137 1
19 162 1
20 166 1
21 155 1
22 148 1
23 167 1
24 176 1
25 183 1
26 193 1
27 199 1
28 218 1
29 202 1
30 213 1
31 198 1
32 174 1
33 211 1
34 177 1
35 176 1
36 176 1
37 160 1
38 186 1
39 149 1
40 144 1
41 155 1
42 158 1
43 149 1
44 124 1
45 137 1
46 128 1
47 116 1
48 114 1
49 87 1
50 101 1
51 94 1
52 80 1
53 82 1
54 84 1
55 74 1
56 77 1
57 62 1
58 64 1
59 61 1
60 53 1
61 61 1
62 47 1
63 43 1
64 43 1
65 51 1
66 36 1
67 40 1
68 35 1
69 39 1
70 35 1
71 29 1
72 33 1
73 25 1
74 29 1
75 28 1
76 20 1
77 19 1
78 16 1
79 26 1
80 19 1
81 12 1
82 22 1
83 12 1
84 11 1
85 11 1
86 12 1
87 8 1
88 12 1
89 10 1
90 11 1
91 8 1
92 6 1
93 8 1
94 8 1
95 5 1
96 8 1
97 9 1
98 5 1
99 7 1
100 3 1
101 8 1
102 3 1
103 6 1
104 5 1
105 8 1
106 5 1
107 8 1
108 7 1
109 6 1
110 3 1
111 2 1
112 3 1
113 9 1
114 1 1
115 1 1
116 4 1
117 3 1
118 0 1
119 0 1
120 4 1
121 3 1
122 2 1
123 3 1
124 3 1
125 0 1
126 2 1
127 3 1
128 2 1
129 2 1
130 4 1
131 0 1
132 1 1
133 0 1
134 0 1
135 1 1
136 1 1
137 1 1
138 1 1
139 0 1
140 1 1
141 0 1
142 1 1
143 1 1
144 0 1
145 1 1
146 1 1
147 0 1
148 1 1
149 0 1
150 1 1
151 1 1
152 0 1
153 1 1
154 0 1
155 1 1
156 0 1
157 0 1
158 0 1
159 2 1
160 1 1
161 1 1
162 0 1
163 1 1
164 1 1
165 1 1
166 0 1
167 0 1
168 0 1
169 0 1
170 0 1
171 2 1
172 0 1
173 1 1
174 1 1
175 0 1
176 1 1
177 1 1
178 0 1
179 0 1
180 0 1
181 0 1
182 1 1
183 0 1
184 0 1
185 0 1
186 0 1
187 1 1
188 0 1
189 0 1
190 0 1
191 0 1
192 0 1
193 0 1
194 0 1
195 0 1
196 0 1
197 0 1
198 0 1
199 0 1
