0 0 1
1 0 1
2 23 1
3 283 1
4 4856 1
5 7461 1
6 7371 1
7 5994 1
8 4858 1
9 3805 1
10 3132 1
11 2499 1
12 2160 1
13 1802 1
14 1586 1
15 1487 1
16 1228 1
17 1115 1
18 1015 1
19 917 1
20 836 1
21 780 1
22 714 1
23 654 1
24 625 1
25 560 1
26 498 1
27 449 1
28 459 1
29 423 1
30 411 1
31 372 1
32 317 1
33 328 1
34 342 1
35 263 1
36 253 1
37 242 1
38 256 1
39 232 1
40 242 1
41 215 1
42 199 1
43 190 1
44 181 1
45 181 1
46 180 1
47 164 1
48 169 1
49 157 1
50 146 1
51 128 1
52 137 1
53 143 1
54 118 1
55 135 1
56 88 1
57 116 1
58 103 1
59 111 1
60 90 1
61 111 1
62 71 1
63 97 1
64 78 1
65 96 1
66 88 1
67 71 1
68 59 1
69 85 1
70 66 1
71 77 1
72 81 1
73 62 1
74 69 1
75 47 1
76 51 1
77 46 1
78 59 1
79 54 1
80 49 1
81 47 1
82 49 1
83 45 1
84 48 1
85 27 1
86 37 1
87 39 1
88 41 1
89 35 1
90 30 1
91 34 1
92 35 1
93 33 1
94 28 1
95 25 1
96 27 1
97 22 1
98 21 1
99 25 1
100 26 1
101 27 1
102 23 1
103 15 1
104 23 1
105 24 1
106 24 1
107 27 1
108 26 1
109 20 1
110 34 1
111 21 1
112 27 1
113 22 1
114 19 1
115 15 1
116 23 1
117 20 1
118 17 1
119 21 1
120 19 1
121 13 1
122 9 1
123 14 1
124 13 1
125 9 1
126 7 1
127 15 1
128 16 1
129 17 1
130 12 1
131 11 1
132 13 1
133 16 1
134 15 1
135 16 1
136 9 1
137 10 1
138 10 1
139 10 1
140 8 1
141 9 1
142 13 1
143 11 1
144 12 1
145 9 1
146 11 1
147 10 1
148 6 1
149 6 1
150 4 1
151 7 1
152 8 1
153 10 1
154 10 1
155 9 1
156 4 1
157 6 1
158 5 1
159 11 1
160 11 1
161 4 1
162 5 1
163 2 1
164 9 1
165 5 1
166 7 1
167 6 1
168 5 1
169 5 1
170 6 1
171 5 1
172 4 1
173 5 1
174 5 1
175 5 1
176 6 1
177 2 1
178 5 1
179 6 1
180 2 1
181 3 1
182 3 1
183 4 1
184 7 1
185 6 1
186 2 1
187 3 1
188 8 1
189 3 1
190 6 1
191 3 1
192 4 1
193 4 1
194 7 1
195 2 1
196 1 1
197 4 1
198 2 1
199 2 1
