0 0 1
1 0 1
2 4 1
3 9 1
4 122 1
5 207 1
6 285 1
7 296 1
8 291 1
9 225 1
10 196 1
11 167 1
12 141 1
13 143 1
14 113 1
15 110 1
16 95 1
17 85 1
18 71 1
19 81 1
20 74 1
21 57 1
22 65 1
23 50 1
24 44 1
25 48 1
26 46 1
27 43 1
28 36 1
29 40 1
30 36 1
31 43 1
32 39 1
33 46 1
34 36 1
35 31 1
36 27 1
37 18 1
38 22 1
39 22 1
40 24 1
41 25 1
42 14 1
43 21 1
44 24 1
45 20 1
46 17 1
47 25 1
48 26 1
49 13 1
50 8 1
51 15 1
52 23 1
53 10 1
54 17 1
55 12 1
56 13 1
57 8 1
58 11 1
59 14 1
60 17 1
61 9 1
62 13 1
63 13 1
64 10 1
65 14 1
66 11 1
67 10 1
68 10 1
69 7 1
70 13 1
71 8 1
72 12 1
73 9 1
74 5 1
75 11 1
76 8 1
77 12 1
78 11 1
79 8 1
80 6 1
81 9 1
82 6 1
83 4 1
84 10 1
85 8 1
86 8 1
87 8 1
88 5 1
89 4 1
90 4 1
91 2 1
92 6 1
93 4 1
94 7 1
95 1 1
96 5 1
97 5 1
98 3 1
99 2 1
100 5 1
101 3 1
102 3 1
103 3 1
104 4 1
105 9 1
106 8 1
107 6 1
108 7 1
109 2 1
110 8 1
111 5 1
112 2 1
113 3 1
114 1 1
115 2 1
116 2 1
117 4 1
118 5 1
119 2 1
120 4 1
121 4 1
122 3 1
123 4 1
124 3 1
125 2 1
126 4 1
127 2 1
128 2 1
129 3 1
130 1 1
131 2 1
132 5 1
133 2 1
134 3 1
135 1 1
136 4 1
137 4 1
138 1 1
139 1 1
140 0 1
141 1 1
142 1 1
143 4 1
144 2 1
145 0 1
146 2 1
147 1 1
148 0 1
149 4 1
150 3 1
151 3 1
152 1 1
153 1 1
154 2 1
155 1 1
156 2 1
157 3 1
158 2 1
159 3 1
160 1 1
161 1 1
162 4 1
163 0 1
164 1 1
165 1 1
166 1 1
167 5 1
168 1 1
169 3 1
170 2 1
171 1 1
172 1 1
173 1 1
174 1 1
175 0 1
176 2 1
177 1 1
178 2 1
179 0 1
180 1 1
181 1 1
182 0 1
183 4 1
184 1 1
185 1 1
186 3 1
187 2 1
188 2 1
189 1 1
190 3 1
191 1 1
192 2 1
193 2 1
194 1 1
195 0 1
196 1 1
197 1 1
198 1 1
199 0 1
