0 0 1
1 0 1
2 15 1
3 133 1
4 2230 1
5 3328 1
6 3388 1
7 2704 1
8 2155 1
9 1639 1
10 1357 1
11 1103 1
12 980 1
13 790 1
14 773 1
15 675 1
16 558 1
17 515 1
18 445 1
19 419 1
20 404 1
21 371 1
22 350 1
23 314 1
24 283 1
25 247 1
26 251 1
27 217 1
28 236 1
29 192 1
30 195 1
31 170 1
32 154 1
33 163 1
34 145 1
35 135 1
36 112 1
37 124 1
38 118 1
39 122 1
40 115 1
41 80 1
42 98 1
43 96 1
44 93 1
45 98 1
46 104 1
47 79 1
48 83 1
49 86 1
50 90 1
51 66 1
52 72 1
53 76 1
54 53 1
55 68 1
56 52 1
57 62 1
58 55 1
59 57 1
60 44 1
61 53 1
62 41 1
63 53 1
64 41 1
65 47 1
66 40 1
67 31 1
68 29 1
69 46 1
70 31 1
71 35 1
72 48 1
73 33 1
74 34 1
75 21 1
76 34 1
77 22 1
78 31 1
79 25 1
80 23 1
81 20 1
82 24 1
83 18 1
84 26 1
85 13 1
86 11 1
87 17 1
88 19 1
89 12 1
90 17 1
91 17 1
92 18 1
93 16 1
94 17 1
95 13 1
96 17 1
97 12 1
98 13 1
99 12 1
100 12 1
101 13 1
102 11 1
103 6 1
104 14 1
105 14 1
106 13 1
107 18 1
108 15 1
109 14 1
110 15 1
111 10 1
112 15 1
113 12 1
114 9 1
115 9 1
116 12 1
117 10 1
118 8 1
119 9 1
120 7 1
121 8 1
122 3 1
123 9 1
124 6 1
125 4 1
126 1 1
127 10 1
128 4 1
129 4 1
130 6 1
131 3 1
132 7 1
133 5 1
134 3 1
135 8 1
136 2 1
137 3 1
138 5 1
139 3 1
140 2 1
141 5 1
142 4 1
143 3 1
144 2 1
145 4 1
146 5 1
147 4 1
148 1 1
149 2 1
150 2 1
151 1 1
152 5 1
153 4 1
154 5 1
155 5 1
156 3 1
157 0 1
158 2 1
159 4 1
160 3 1
161 2 1
162 1 1
163 0 1
164 3 1
165 4 1
166 3 1
167 2 1
168 0 1
169 0 1
170 3 1
171 0 1
172 1 1
173 1 1
174 2 1
175 1 1
176 3 1
177 0 1
178 3 1
179 5 1
180 1 1
181 1 1
182 1 1
183 3 1
184 1 1
185 4 1
186 0 1
187 1 1
188 5 1
189 1 1
190 3 1
191 3 1
192 2 1
193 1 1
194 2 1
195 0 1
196 1 1
197 4 1
198 1 1
199 0 1
