0 0 1
1 0 1
2 2 1
3 4 1
4 111 1
5 174 1
6 244 1
7 299 1
8 341 1
9 385 1
10 430 1
11 483 1
12 499 1
13 453 1
14 419 1
15 449 1
16 475 1
17 388 1
18 430 1
19 365 1
20 331 1
21 343 1
22 301 1
23 274 1
24 275 1
25 264 1
26 302 1
27 243 1
28 222 1
29 253 1
30 226 1
31 215 1
32 172 1
33 196 1
34 176 1
35 167 1
36 148 1
37 147 1
38 156 1
39 136 1
40 127 1
41 138 1
42 107 1
43 108 1
44 86 1
45 97 1
46 85 1
47 89 1
48 78 1
49 74 1
50 69 1
51 75 1
52 77 1
53 57 1
54 53 1
55 60 1
56 57 1
57 52 1
58 61 1
59 47 1
60 53 1
61 48 1
62 53 1
63 43 1
64 46 1
65 28 1
66 30 1
67 35 1
68 24 1
69 40 1
70 36 1
71 35 1
72 31 1
73 29 1
74 31 1
75 31 1
76 24 1
77 27 1
78 21 1
79 23 1
80 23 1
81 23 1
82 18 1
83 16 1
84 17 1
85 10 1
86 16 1
87 22 1
88 17 1
89 19 1
90 20 1
91 17 1
92 17 1
93 22 1
94 10 1
95 14 1
96 13 1
97 9 1
98 17 1
99 12 1
100 15 1
101 9 1
102 10 1
103 7 1
104 14 1
105 13 1
106 6 1
107 10 1
108 11 1
109 6 1
110 6 1
111 10 1
112 6 1
113 8 1
114 8 1
115 9 1
116 8 1
117 8 1
118 6 1
119 5 1
120 4 1
121 7 1
122 8 1
123 7 1
124 5 1
125 4 1
126 7 1
127 3 1
128 5 1
129 1 1
130 6 1
131 8 1
132 5 1
133 3 1
134 4 1
135 4 1
136 2 1
137 2 1
138 3 1
139 3 1
140 2 1
141 8 1
142 7 1
143 6 1
144 1 1
145 2 1
146 4 1
147 3 1
148 5 1
149 0 1
150 1 1
151 1 1
152 6 1
153 3 1
154 4 1
155 1 1
156 0 1
157 2 1
158 3 1
159 0 1
160 2 1
161 1 1
162 2 1
163 1 1
164 1 1
165 0 1
166 0 1
167 3 1
168 4 1
169 1 1
170 1 1
171 1 1
172 0 1
173 3 1
174 0 1
175 5 1
176 2 1
177 3 1
178 1 1
179 2 1
180 1 1
181 2 1
182 1 1
183 0 1
184 3 1
185 2 1
186 2 1
187 0 1
188 1 1
189 2 1
190 3 1
191 0 1
192 1 1
193 1 1
194 1 1
195 3 1
196 2 1
197 0 1
198 1 1
199 0 1
