0 0 1
1 0 1
2 0 1
3 1 1
4 17 1
5 31 1
6 51 1
7 66 1
8 52 1
9 47 1
10 33 1
11 33 1
12 23 1
13 25 1
14 34 1
15 26 1
16 23 1
17 25 1
18 15 1
19 14 1
20 16 1
21 22 1
22 11 1
23 19 1
24 17 1
25 18 1
26 19 1
27 13 1
28 7 1
29 5 1
30 13 1
31 10 1
32 7 1
33 7 1
34 9 1
35 10 1
36 14 1
37 13 1
38 16 1
39 10 1
40 10 1
41 7 1
42 7 1
43 9 1
44 6 1
45 3 1
46 4 1
47 3 1
48 9 1
49 6 1
50 6 1
51 8 1
52 5 1
53 5 1
54 4 1
55 5 1
56 3 1
57 9 1
58 3 1
59 5 1
60 3 1
61 4 1
62 1 1
63 1 1
64 4 1
65 4 1
66 3 1
67 6 1
68 3 1
69 4 1
70 7 1
71 1 1
72 3 1
73 4 1
74 2 1
75 1 1
76 3 1
77 4 1
78 5 1
79 1 1
80 1 1
81 6 1
82 3 1
83 2 1
84 2 1
85 4 1
86 0 1
87 2 1
88 6 1
89 3 1
90 4 1
91 5 1
92 2 1
93 1 1
94 3 1
95 2 1
96 4 1
97 3 1
98 1 1
99 4 1
100 2 1
101 1 1
102 2 1
103 3 1
104 1 1
105 2 1
106 3 1
107 1 1
108 2 1
109 1 1
110 4 1
111 1 1
112 4 1
113 1 1
114 2 1
115 2 1
116 1 1
117 4 1
118 2 1
119 2 1
120 2 1
121 2 1
122 1 1
123 2 1
124 0 1
125 0 1
126 0 1
127 1 1
128 4 1
129 1 1
130 3 1
131 1 1
132 1 1
133 0 1
134 2 1
135 5 1
136 1 1
137 2 1
138 2 1
139 1 1
140 1 1
141 1 1
142 2 1
143 2 1
144 1 1
145 1 1
146 4 1
147 1 1
148 3 1
149 0 1
150 2 1
151 2 1
152 0 1
153 2 1
154 0 1
155 0 1
156 3 1
157 1 1
158 0 1
159 0 1
160 1 1
161 1 1
162 2 1
163 0 1
164 1 1
165 0 1
166 0 1
167 1 1
168 1 1
169 0 1
170 1 1
171 2 1
172 1 1
173 1 1
174 0 1
175 2 1
176 2 1
177 3 1
178 1 1
179 0 1
180 2 1
181 0 1
182 0 1
183 0 1
184 3 1
185 2 1
186 0 1
187 1 1
188 2 1
189 1 1
190 2 1
191 0 1
192 2 1
193 0 1
194 1 1
195 0 1
196 0 1
197 0 1
198 0 1
199 0 1
