0 0 1
1 0 1
2 6 1
3 17 1
4 282 1
5 531 1
6 781 1
7 827 1
8 764 1
9 689 1
10 659 1
11 566 1
12 474 1
13 431 1
14 354 1
15 318 1
16 294 1
17 247 1
18 217 1
19 198 1
20 183 1
21 176 1
22 161 1
23 142 1
24 112 1
25 120 1
26 114 1
27 116 1
28 99 1
29 82 1
30 87 1
31 77 1
32 73 1
33 70 1
34 61 1
35 73 1
36 56 1
37 41 1
38 44 1
39 39 1
40 47 1
41 44 1
42 34 1
43 39 1
44 33 1
45 35 1
46 27 1
47 40 1
48 47 1
49 27 1
50 33 1
51 27 1
52 33 1
53 27 1
54 26 1
55 22 1
56 20 1
57 18 1
58 23 1
59 23 1
60 28 1
61 14 1
62 18 1
63 21 1
64 18 1
65 22 1
66 16 1
67 16 1
68 13 1
69 13 1
70 24 1
71 10 1
72 21 1
73 18 1
74 9 1
75 13 1
76 14 1
77 14 1
78 17 1
79 9 1
80 9 1
81 15 1
82 9 1
83 5 1
84 14 1
85 13 1
86 12 1
87 10 1
88 9 1
89 6 1
90 10 1
91 12 1
92 9 1
93 4 1
94 13 1
95 2 1
96 9 1
97 6 1
98 4 1
99 5 1
100 6 1
101 4 1
102 4 1
103 5 1
104 6 1
105 12 1
106 8 1
107 8 1
108 10 1
109 2 1
110 10 1
111 6 1
112 5 1
113 4 1
114 2 1
115 5 1
116 3 1
117 8 1
118 7 1
119 3 1
120 6 1
121 5 1
122 3 1
123 6 1
124 3 1
125 2 1
126 6 1
127 5 1
128 7 1
129 4 1
130 3 1
131 3 1
132 6 1
133 2 1
134 4 1
135 6 1
136 5 1
137 7 1
138 3 1
139 2 1
140 1 1
141 2 1
142 2 1
143 6 1
144 2 1
145 2 1
146 6 1
147 3 1
148 4 1
149 4 1
150 6 1
151 5 1
152 1 1
153 4 1
154 2 1
155 1 1
156 4 1
157 4 1
158 2 1
159 4 1
160 2 1
161 2 1
162 6 1
163 0 1
164 2 1
165 1 1
166 1 1
167 6 1
168 2 1
169 3 1
170 2 1
171 3 1
172 2 1
173 2 1
174 1 1
175 1 1
176 4 1
177 3 1
178 3 1
179 0 1
180 3 1
181 2 1
182 0 1
183 5 1
184 3 1
185 3 1
186 3 1
187 2 1
188 5 1
189 2 1
190 5 1
191 2 1
192 5 1
193 2 1
194 2 1
195 0 1
196 2 1
197 1 1
198 1 1
199 1 1
