0 0 1
1 0 1
2 14 1
3 198 1
4 4433 1
5 8492 1
6 8903 1
7 7911 1
8 6799 1
9 5763 1
10 5000 1
11 4307 1
12 3767 1
13 3250 1
14 2924 1
15 2574 1
16 2311 1
17 2168 1
18 1840 1
19 1700 1
20 1548 1
21 1440 1
22 1261 1
23 1202 1
24 1109 1
25 1015 1
26 969 1
27 812 1
28 819 1
29 777 1
30 707 1
31 636 1
32 669 1
33 606 1
34 550 1
35 552 1
36 466 1
37 428 1
38 407 1
39 398 1
40 356 1
41 364 1
42 303 1
43 310 1
44 290 1
45 256 1
46 271 1
47 257 1
48 254 1
49 216 1
50 222 1
51 232 1
52 195 1
53 201 1
54 193 1
55 156 1
56 188 1
57 178 1
58 158 1
59 143 1
60 118 1
61 152 1
62 129 1
63 123 1
64 114 1
65 97 1
66 108 1
67 108 1
68 95 1
69 86 1
70 100 1
71 88 1
72 79 1
73 81 1
74 64 1
75 84 1
76 89 1
77 69 1
78 50 1
79 70 1
80 59 1
81 66 1
82 58 1
83 49 1
84 54 1
85 60 1
86 38 1
87 63 1
88 55 1
89 48 1
90 43 1
91 41 1
92 45 1
93 34 1
94 38 1
95 32 1
96 51 1
97 29 1
98 47 1
99 34 1
100 33 1
101 38 1
102 43 1
103 31 1
104 31 1
105 18 1
106 29 1
107 23 1
108 29 1
109 22 1
110 26 1
111 26 1
112 26 1
113 23 1
114 28 1
115 30 1
116 26 1
117 25 1
118 12 1
119 14 1
120 21 1
121 12 1
122 14 1
123 14 1
124 12 1
125 18 1
126 15 1
127 21 1
128 12 1
129 19 1
130 15 1
131 17 1
132 12 1
133 18 1
134 15 1
135 20 1
136 11 1
137 16 1
138 8 1
139 11 1
140 10 1
141 11 1
142 13 1
143 6 1
144 3 1
145 12 1
146 8 1
147 11 1
148 10 1
149 9 1
150 8 1
151 10 1
152 10 1
153 7 1
154 5 1
155 11 1
156 7 1
157 8 1
158 6 1
159 10 1
160 3 1
161 5 1
162 10 1
163 5 1
164 12 1
165 7 1
166 7 1
167 9 1
168 5 1
169 11 1
170 3 1
171 11 1
172 9 1
173 5 1
174 4 1
175 2 1
176 3 1
177 5 1
178 3 1
179 4 1
180 2 1
181 6 1
182 4 1
183 5 1
184 2 1
185 3 1
186 4 1
187 4 1
188 3 1
189 2 1
190 4 1
191 3 1
192 0 1
193 3 1
194 4 1
195 5 1
196 1 1
197 3 1
198 4 1
199 2 1
