0 0 1
1 0 1
2 10 1
3 42 1
4 762 1
5 1021 1
6 1284 1
7 1425 1
8 1480 1
9 1366 1
10 1325 1
11 1163 1
12 1061 1
13 965 1
14 839 1
15 777 1
16 713 1
17 668 1
18 540 1
19 533 1
20 482 1
21 434 1
22 391 1
23 368 1
24 358 1
25 303 1
26 273 1
27 246 1
28 222 1
29 218 1
30 212 1
31 189 1
32 168 1
33 166 1
34 135 1
35 139 1
36 135 1
37 118 1
38 134 1
39 98 1
40 106 1
41 104 1
42 89 1
43 98 1
44 85 1
45 74 1
46 79 1
47 66 1
48 56 1
49 57 1
50 57 1
51 42 1
52 44 1
53 56 1
54 44 1
55 50 1
56 48 1
57 39 1
58 36 1
59 26 1
60 32 1
61 39 1
62 38 1
63 17 1
64 29 1
65 36 1
66 24 1
67 33 1
68 28 1
69 19 1
70 29 1
71 20 1
72 29 1
73 20 1
74 17 1
75 19 1
76 21 1
77 21 1
78 21 1
79 19 1
80 17 1
81 17 1
82 15 1
83 14 1
84 11 1
85 17 1
86 18 1
87 12 1
88 21 1
89 13 1
90 13 1
91 11 1
92 8 1
93 10 1
94 6 1
95 5 1
96 7 1
97 13 1
98 5 1
99 7 1
100 4 1
101 7 1
102 9 1
103 15 1
104 6 1
105 7 1
106 3 1
107 13 1
108 5 1
109 11 1
110 4 1
111 8 1
112 5 1
113 12 1
114 5 1
115 7 1
116 5 1
117 10 1
118 2 1
119 7 1
120 3 1
121 3 1
122 5 1
123 7 1
124 1 1
125 5 1
126 3 1
127 6 1
128 4 1
129 2 1
130 4 1
131 0 1
132 1 1
133 1 1
134 0 1
135 2 1
136 3 1
137 4 1
138 3 1
139 0 1
140 4 1
141 2 1
142 3 1
143 2 1
144 1 1
145 2 1
146 3 1
147 1 1
148 2 1
149 0 1
150 1 1
151 1 1
152 1 1
153 0 1
154 2 1
155 0 1
156 1 1
157 3 1
158 0 1
159 1 1
160 2 1
161 2 1
162 0 1
163 2 1
164 1 1
165 1 1
166 0 1
167 0 1
168 0 1
169 1 1
170 0 1
171 0 1
172 1 1
173 0 1
174 1 1
175 0 1
176 0 1
177 0 1
178 1 1
179 2 1
180 1 1
181 0 1
182 0 1
183 0 1
184 0 1
185 0 1
186 1 1
187 0 1
188 0 1
189 2 1
190 0 1
191 1 1
192 0 1
193 0 1
194 0 1
195 1 1
196 1 1
197 1 1
198 0 1
199 0 1
