0 0 1
1 0 1
2 5 1
3 42 1
4 434 1
5 659 1
6 779 1
7 933 1
8 1041 1
9 1058 1
10 1090 1
11 1089 1
12 957 1
13 985 1
14 862 1
15 863 1
16 756 1
17 699 1
18 621 1
19 563 1
20 539 1
21 516 1
22 431 1
23 409 1
24 372 1
25 386 1
26 334 1
27 342 1
28 275 1
29 281 1
30 252 1
31 240 1
32 230 1
33 218 1
34 186 1
35 210 1
36 175 1
37 151 1
38 166 1
39 142 1
40 119 1
41 132 1
42 109 1
43 102 1
44 112 1
45 107 1
46 104 1
47 88 1
48 86 1
49 77 1
50 92 1
51 69 1
52 57 1
53 61 1
54 63 1
55 43 1
56 61 1
57 58 1
58 55 1
59 47 1
60 56 1
61 50 1
62 41 1
63 44 1
64 28 1
65 34 1
66 29 1
67 39 1
68 28 1
69 37 1
70 35 1
71 39 1
72 25 1
73 35 1
74 34 1
75 29 1
76 17 1
77 16 1
78 28 1
79 20 1
80 19 1
81 17 1
82 27 1
83 18 1
84 18 1
85 24 1
86 17 1
87 16 1
88 17 1
89 24 1
90 15 1
91 17 1
92 19 1
93 13 1
94 16 1
95 9 1
96 14 1
97 15 1
98 14 1
99 14 1
100 11 1
101 10 1
102 16 1
103 15 1
104 15 1
105 9 1
106 10 1
107 14 1
108 8 1
109 16 1
110 7 1
111 11 1
112 15 1
113 11 1
114 8 1
115 6 1
116 6 1
117 10 1
118 7 1
119 13 1
120 15 1
121 7 1
122 8 1
123 13 1
124 8 1
125 2 1
126 13 1
127 5 1
128 6 1
129 6 1
130 3 1
131 9 1
132 4 1
133 6 1
134 5 1
135 6 1
136 4 1
137 1 1
138 5 1
139 8 1
140 7 1
141 2 1
142 8 1
143 2 1
144 6 1
145 1 1
146 4 1
147 7 1
148 4 1
149 3 1
150 5 1
151 2 1
152 4 1
153 3 1
154 2 1
155 6 1
156 1 1
157 4 1
158 3 1
159 3 1
160 4 1
161 4 1
162 2 1
163 4 1
164 3 1
165 5 1
166 3 1
167 3 1
168 4 1
169 1 1
170 3 1
171 1 1
172 4 1
173 3 1
174 1 1
175 3 1
176 1 1
177 3 1
178 2 1
179 2 1
180 2 1
181 3 1
182 2 1
183 2 1
184 1 1
185 2 1
186 2 1
187 4 1
188 2 1
189 2 1
190 2 1
191 0 1
192 0 1
193 4 1
194 1 1
195 0 1
196 2 1
197 0 1
198 1 1
199 0 1
