0 0 1
1 0 1
2 3 1
3 57 1
4 1508 1
5 3048 1
6 3173 1
7 2963 1
8 2569 1
9 2174 1
10 1788 1
11 1511 1
12 1319 1
13 1082 1
14 968 1
15 876 1
16 741 1
17 673 1
18 581 1
19 462 1
20 493 1
21 424 1
22 380 1
23 363 1
24 313 1
25 272 1
26 265 1
27 232 1
28 223 1
29 205 1
30 179 1
31 178 1
32 168 1
33 163 1
34 134 1
35 128 1
36 117 1
37 114 1
38 100 1
39 109 1
40 96 1
41 93 1
42 72 1
43 70 1
44 74 1
45 74 1
46 75 1
47 68 1
48 63 1
49 66 1
50 60 1
51 67 1
52 56 1
53 51 1
54 65 1
55 55 1
56 52 1
57 64 1
58 40 1
59 37 1
60 26 1
61 40 1
62 31 1
63 31 1
64 34 1
65 27 1
66 28 1
67 35 1
68 36 1
69 23 1
70 36 1
71 30 1
72 22 1
73 23 1
74 16 1
75 31 1
76 29 1
77 20 1
78 16 1
79 19 1
80 16 1
81 19 1
82 16 1
83 10 1
84 15 1
85 18 1
86 15 1
87 20 1
88 16 1
89 15 1
90 12 1
91 14 1
92 18 1
93 10 1
94 12 1
95 10 1
96 21 1
97 9 1
98 24 1
99 13 1
100 10 1
101 19 1
102 16 1
103 12 1
104 11 1
105 8 1
106 10 1
107 10 1
108 11 1
109 7 1
110 7 1
111 5 1
112 11 1
113 9 1
114 16 1
115 7 1
116 10 1
117 4 1
118 4 1
119 3 1
120 6 1
121 7 1
122 8 1
123 2 1
124 6 1
125 3 1
126 4 1
127 8 1
128 5 1
129 3 1
130 7 1
131 6 1
132 4 1
133 9 1
134 6 1
135 8 1
136 5 1
137 7 1
138 1 1
139 3 1
140 4 1
141 4 1
142 8 1
143 3 1
144 1 1
145 7 1
146 2 1
147 3 1
148 8 1
149 4 1
150 4 1
151 5 1
152 5 1
153 3 1
154 1 1
155 5 1
156 3 1
157 6 1
158 4 1
159 2 1
160 0 1
161 2 1
162 5 1
163 3 1
164 4 1
165 2 1
166 2 1
167 0 1
168 4 1
169 6 1
170 1 1
171 6 1
172 6 1
173 1 1
174 1 1
175 1 1
176 2 1
177 3 1
178 2 1
179 1 1
180 1 1
181 4 1
182 1 1
183 2 1
184 0 1
185 2 1
186 2 1
187 0 1
188 1 1
189 0 1
190 2 1
191 2 1
192 0 1
193 0 1
194 2 1
195 2 1
196 1 1
197 2 1
198 1 1
199 1 1
