0 0 1
1 0 1
2 0 1
3 8 1
4 144 1
5 253 1
6 225 1
7 170 1
8 123 1
9 74 1
10 69 1
11 48 1
12 40 1
13 39 1
14 33 1
15 32 1
16 29 1
17 42 1
18 30 1
19 32 1
20 31 1
21 33 1
22 23 1
23 33 1
24 28 1
25 41 1
26 23 1
27 31 1
28 20 1
29 26 1
30 18 1
31 20 1
32 21 1
33 21 1
34 18 1
35 15 1
36 27 1
37 22 1
38 23 1
39 26 1
40 11 1
41 18 1
42 9 1
43 25 1
44 13 1
45 12 1
46 19 1
47 13 1
48 20 1
49 7 1
50 11 1
51 7 1
52 10 1
53 15 1
54 6 1
55 5 1
56 11 1
57 7 1
58 6 1
59 10 1
60 6 1
61 9 1
62 8 1
63 7 1
64 0 1
65 6 1
66 3 1
67 2 1
68 5 1
69 0 1
70 1 1
71 3 1
72 2 1
73 2 1
74 4 1
75 1 1
76 2 1
77 1 1
78 0 1
79 0 1
80 3 1
81 1 1
82 0 1
83 0 1
84 0 1
85 1 1
86 0 1
87 0 1
88 1 1
89 0 1
90 0 1
91 0 1
92 1 1
93 0 1
94 0 1
95 0 1
96 1 1
97 0 1
98 0 1
99 0 1
100 0 1
101 0 1
102 0 1
103 0 1
104 0 1
105 0 1
106 1 1
107 0 1
108 0 1
109 0 1
110 0 1
111 0 1
112 0 1
113 0 1
114 0 1
115 0 1
116 0 1
117 0 1
118 1 1
119 0 1
120 0 1
121 0 1
122 0 1
123 0 1
124 0 1
125 0 1
126 0 1
127 0 1
128 0 1
129 0 1
130 0 1
131 0 1
132 0 1
133 0 1
134 0 1
135 0 1
136 0 1
137 0 1
138 0 1
139 0 1
140 0 1
141 0 1
142 0 1
143 0 1
144 0 1
145 0 1
146 0 1
147 0 1
148 0 1
149 0 1
150 0 1
151 0 1
152 0 1
153 0 1
154 0 1
155 0 1
156 0 1
157 0 1
158 0 1
159 0 1
160 0 1
161 0 1
162 0 1
163 0 1
164 0 1
165 0 1
166 0 1
167 0 1
168 0 1
169 0 1
170 0 1
171 0 1
172 0 1
173 0 1
174 0 1
175 0 1
176 0 1
177 0 1
178 0 1
179 0 1
180 0 1
181 0 1
182 0 1
183 0 1
184 0 1
185 0 1
186 0 1
187 0 1
188 0 1
189 0 1
190 0 1
191 0 1
192 0 1
193 0 1
194 0 1
195 0 1
196 0 1
197 0 1
198 0 1
199 0 1
