0 0 1
1 0 1
2 7 1
3 45 1
4 583 1
5 725 1
6 609 1
7 449 1
8 286 1
9 197 1
10 133 1
11 116 1
12 91 1
13 65 1
14 54 1
15 51 1
16 52 1
17 42 1
18 38 1
19 41 1
20 44 1
21 34 1
22 35 1
23 31 1
24 27 1
25 28 1
26 22 1
27 19 1
28 25 1
29 24 1
30 29 1
31 17 1
32 17 1
33 9 1
34 18 1
35 19 1
36 12 1
37 17 1
38 13 1
39 15 1
40 25 1
41 7 1
42 15 1
43 11 1
44 15 1
45 9 1
46 8 1
47 15 1
48 8 1
49 8 1
50 7 1
51 7 1
52 4 1
53 6 1
54 7 1
55 8 1
56 7 1
57 6 1
58 8 1
59 8 1
60 8 1
61 5 1
62 14 1
63 6 1
64 8 1
65 4 1
66 5 1
67 4 1
68 7 1
69 1 1
70 2 1
71 8 1
72 3 1
73 4 1
74 4 1
75 6 1
76 4 1
77 4 1
78 2 1
79 3 1
80 1 1
81 4 1
82 2 1
83 1 1
84 1 1
85 2 1
86 1 1
87 1 1
88 2 1
89 3 1
90 2 1
91 1 1
92 0 1
93 2 1
94 2 1
95 4 1
96 0 1
97 1 1
98 0 1
99 2 1
100 0 1
101 0 1
102 0 1
103 1 1
104 0 1
105 1 1
106 0 1
107 0 1
108 0 1
109 0 1
110 0 1
111 0 1
112 0 1
113 0 1
114 0 1
115 1 1
116 0 1
117 0 1
118 0 1
119 0 1
120 0 1
121 0 1
122 0 1
123 0 1
124 0 1
125 0 1
126 0 1
127 0 1
128 0 1
129 0 1
130 0 1
131 0 1
132 0 1
133 0 1
134 0 1
135 0 1
136 0 1
137 0 1
138 0 1
139 0 1
140 0 1
141 0 1
142 0 1
143 0 1
144 1 1
145 0 1
146 0 1
147 0 1
148 0 1
149 0 1
150 0 1
151 0 1
152 0 1
153 0 1
154 0 1
155 0 1
156 0 1
157 0 1
158 0 1
159 0 1
160 0 1
161 0 1
162 0 1
163 0 1
164 0 1
165 0 1
166 0 1
167 0 1
168 0 1
169 0 1
170 0 1
171 0 1
172 0 1
173 0 1
174 0 1
175 0 1
176 0 1
177 0 1
178 0 1
179 0 1
180 0 1
181 0 1
182 0 1
183 0 1
184 0 1
185 0 1
186 0 1
187 0 1
188 0 1
189 0 1
190 0 1
191 0 1
192 0 1
193 0 1
194 0 1
195 0 1
196 0 1
197 0 1
198 0 1
199 0 1
