0 0 1
1 0 1
2 7 1
3 134 1
4 2991 1
5 5858 1
6 6111 1
7 5341 1
8 4456 1
9 3569 1
10 2895 1
11 2306 1
12 1841 1
13 1419 1
14 1228 1
15 991 1
16 785 1
17 650 1
18 491 1
19 448 1
20 374 1
21 335 1
22 269 1
23 244 1
24 192 1
25 178 1
26 125 1
27 117 1
28 105 1
29 90 1
30 74 1
31 58 1
32 64 1
33 48 1
34 43 1
35 40 1
36 31 1
37 38 1
38 26 1
39 26 1
40 17 1
41 30 1
42 12 1
43 23 1
44 17 1
45 12 1
46 10 1
47 8 1
48 11 1
49 7 1
50 12 1
51 10 1
52 12 1
53 6 1
54 7 1
55 10 1
56 8 1
57 8 1
58 12 1
59 3 1
60 3 1
61 2 1
62 4 1
63 6 1
64 6 1
65 4 1
66 5 1
67 2 1
68 5 1
69 2 1
70 3 1
71 6 1
72 2 1
73 4 1
74 1 1
75 4 1
76 3 1
77 2 1
78 2 1
79 1 1
80 4 1
81 1 1
82 0 1
83 0 1
84 2 1
85 0 1
86 1 1
87 1 1
88 3 1
89 0 1
90 0 1
91 0 1
92 1 1
93 0 1
94 0 1
95 0 1
96 0 1
97 0 1
98 1 1
99 2 1
100 1 1
101 1 1
102 1 1
103 0 1
104 0 1
105 3 1
106 2 1
107 1 1
108 1 1
109 0 1
110 0 1
111 1 1
112 1 1
113 0 1
114 0 1
115 0 1
116 0 1
117 0 1
118 0 1
119 0 1
120 0 1
121 0 1
122 0 1
123 1 1
124 0 1
125 0 1
126 2 1
127 2 1
128 0 1
129 0 1
130 0 1
131 0 1
132 0 1
133 0 1
134 0 1
135 0 1
136 0 1
137 0 1
138 0 1
139 0 1
140 0 1
141 0 1
142 0 1
143 0 1
144 0 1
145 1 1
146 0 1
147 0 1
148 0 1
149 0 1
150 0 1
151 0 1
152 0 1
153 1 1
154 0 1
155 0 1
156 0 1
157 0 1
158 0 1
159 0 1
160 0 1
161 0 1
162 0 1
163 0 1
164 1 1
165 0 1
166 0 1
167 0 1
168 0 1
169 0 1
170 0 1
171 0 1
172 0 1
173 0 1
174 0 1
175 0 1
176 0 1
177 0 1
178 0 1
179 0 1
180 0 1
181 0 1
182 1 1
183 0 1
184 0 1
185 0 1
186 0 1
187 0 1
188 0 1
189 0 1
190 0 1
191 0 1
192 0 1
193 0 1
194 1 1
195 0 1
196 0 1
197 0 1
198 0 1
199 0 1
