0 0 1
1 0 1
2 1 1
3 12 1
4 173 1
5 448 1
6 627 1
7 563 1
8 403 1
9 314 1
10 258 1
11 229 1
12 155 1
13 133 1
14 97 1
15 81 1
16 73 1
17 56 1
18 36 1
19 36 1
20 33 1
21 25 1
22 35 1
23 24 1
24 18 1
25 14 1
26 23 1
27 16 1
28 14 1
29 9 1
30 7 1
31 16 1
32 8 1
33 6 1
34 8 1
35 11 1
36 6 1
37 4 1
38 2 1
39 1 1
40 9 1
41 6 1
42 1 1
43 3 1
44 4 1
45 2 1
46 1 1
47 4 1
48 4 1
49 2 1
50 4 1
51 1 1
52 2 1
53 1 1
54 2 1
55 3 1
56 2 1
57 0 1
58 2 1
59 2 1
60 2 1
61 2 1
62 0 1
63 0 1
64 2 1
65 2 1
66 1 1
67 2 1
68 4 1
69 2 1
70 0 1
71 0 1
72 2 1
73 1 1
74 1 1
75 1 1
76 0 1
77 0 1
78 0 1
79 1 1
80 1 1
81 1 1
82 1 1
83 0 1
84 0 1
85 1 1
86 1 1
87 2 1
88 0 1
89 1 1
90 1 1
91 0 1
92 1 1
93 0 1
94 0 1
95 0 1
96 1 1
97 0 1
98 0 1
99 0 1
100 0 1
101 0 1
102 1 1
103 0 1
104 0 1
105 0 1
106 0 1
107 0 1
108 0 1
109 0 1
110 0 1
111 0 1
112 0 1
113 0 1
114 0 1
115 0 1
116 0 1
117 0 1
118 0 1
119 0 1
120 0 1
121 0 1
122 0 1
123 0 1
124 0 1
125 0 1
126 0 1
127 0 1
128 0 1
129 0 1
130 0 1
131 0 1
132 0 1
133 0 1
134 0 1
135 0 1
136 0 1
137 0 1
138 0 1
139 0 1
140 0 1
141 0 1
142 0 1
143 0 1
144 0 1
145 0 1
146 0 1
147 0 1
148 0 1
149 0 1
150 0 1
151 0 1
152 0 1
153 1 1
154 0 1
155 0 1
156 0 1
157 0 1
158 0 1
159 0 1
160 0 1
161 0 1
162 0 1
163 0 1
164 0 1
165 0 1
166 0 1
167 0 1
168 0 1
169 1 1
170 0 1
171 0 1
172 0 1
173 0 1
174 0 1
175 0 1
176 0 1
177 0 1
178 0 1
179 0 1
180 0 1
181 0 1
182 0 1
183 0 1
184 0 1
185 0 1
186 0 1
187 0 1
188 0 1
189 0 1
190 0 1
191 0 1
192 0 1
193 0 1
194 0 1
195 0 1
196 0 1
197 0 1
198 0 1
199 0 1
