0 0 1
1 0 1
2 5 1
3 40 1
4 701 1
5 878 1
6 740 1
7 475 1
8 347 1
9 226 1
10 161 1
11 125 1
12 90 1
13 68 1
14 44 1
15 52 1
16 45 1
17 39 1
18 37 1
19 36 1
20 27 1
21 30 1
22 25 1
23 26 1
24 25 1
25 25 1
26 18 1
27 23 1
28 18 1
29 22 1
30 25 1
31 21 1
32 19 1
33 18 1
34 26 1
35 20 1
36 23 1
37 13 1
38 17 1
39 10 1
40 15 1
41 15 1
42 14 1
43 16 1
44 5 1
45 6 1
46 9 1
47 13 1
48 10 1
49 5 1
50 6 1
51 11 1
52 10 1
53 7 1
54 13 1
55 9 1
56 4 1
57 7 1
58 4 1
59 10 1
60 7 1
61 9 1
62 5 1
63 12 1
64 2 1
65 5 1
66 8 1
67 8 1
68 6 1
69 5 1
70 7 1
71 5 1
72 3 1
73 2 1
74 4 1
75 8 1
76 2 1
77 3 1
78 1 1
79 6 1
80 4 1
81 3 1
82 1 1
83 5 1
84 3 1
85 1 1
86 2 1
87 1 1
88 3 1
89 4 1
90 0 1
91 0 1
92 4 1
93 3 1
94 0 1
95 2 1
96 0 1
97 0 1
98 0 1
99 0 1
100 0 1
101 1 1
102 0 1
103 0 1
104 1 1
105 0 1
106 0 1
107 0 1
108 0 1
109 0 1
110 0 1
111 0 1
112 0 1
113 0 1
114 0 1
115 0 1
116 0 1
117 0 1
118 0 1
119 0 1
120 0 1
121 0 1
122 0 1
123 0 1
124 0 1
125 0 1
126 0 1
127 0 1
128 0 1
129 0 1
130 0 1
131 0 1
132 0 1
133 0 1
134 0 1
135 0 1
136 0 1
137 0 1
138 0 1
139 0 1
140 0 1
141 0 1
142 0 1
143 0 1
144 0 1
145 0 1
146 0 1
147 0 1
148 0 1
149 1 1
150 0 1
151 0 1
152 0 1
153 0 1
154 0 1
155 0 1
156 0 1
157 0 1
158 0 1
159 0 1
160 0 1
161 0 1
162 0 1
163 0 1
164 0 1
165 0 1
166 0 1
167 0 1
168 0 1
169 0 1
170 0 1
171 0 1
172 0 1
173 0 1
174 0 1
175 0 1
176 0 1
177 0 1
178 0 1
179 0 1
180 0 1
181 0 1
182 0 1
183 0 1
184 0 1
185 0 1
186 0 1
187 0 1
188 0 1
189 0 1
190 0 1
191 0 1
192 0 1
193 0 1
194 0 1
195 0 1
196 0 1
197 0 1
198 0 1
199 0 1
