0 0 1
1 0 1
2 2 1
3 2 1
4 63 1
5 72 1
6 73 1
7 50 1
8 67 1
9 54 1
10 43 1
11 60 1
12 65 1
13 59 1
14 64 1
15 45 1
16 56 1
17 62 1
18 73 1
19 59 1
20 55 1
21 53 1
22 61 1
23 53 1
24 60 1
25 57 1
26 53 1
27 51 1
28 47 1
29 53 1
30 64 1
31 38 1
32 53 1
33 38 1
34 37 1
35 44 1
36 34 1
37 42 1
38 43 1
39 45 1
40 54 1
41 51 1
42 30 1
43 44 1
44 45 1
45 34 1
46 41 1
47 50 1
48 35 1
49 26 1
50 31 1
51 42 1
52 37 1
53 38 1
54 34 1
55 37 1
56 40 1
57 30 1
58 38 1
59 35 1
60 39 1
61 32 1
62 38 1
63 32 1
64 37 1
65 33 1
66 26 1
67 28 1
68 34 1
69 32 1
70 24 1
71 26 1
72 26 1
73 33 1
74 23 1
75 24 1
76 29 1
77 23 1
78 22 1
79 24 1
80 21 1
81 19 1
82 16 1
83 25 1
84 22 1
85 21 1
86 27 1
87 17 1
88 20 1
89 29 1
90 18 1
91 11 1
92 14 1
93 17 1
94 20 1
95 17 1
96 20 1
97 11 1
98 12 1
99 12 1
100 13 1
101 14 1
102 22 1
103 9 1
104 10 1
105 13 1
106 16 1
107 6 1
108 20 1
109 8 1
110 13 1
111 5 1
112 16 1
113 8 1
114 7 1
115 9 1
116 14 1
117 7 1
118 7 1
119 7 1
120 9 1
121 11 1
122 12 1
123 6 1
124 12 1
125 6 1
126 9 1
127 11 1
128 8 1
129 6 1
130 7 1
131 6 1
132 6 1
133 7 1
134 7 1
135 7 1
136 10 1
137 7 1
138 4 1
139 5 1
140 5 1
141 2 1
142 6 1
143 3 1
144 8 1
145 6 1
146 2 1
147 3 1
148 5 1
149 5 1
150 9 1
151 5 1
152 3 1
153 3 1
154 6 1
155 3 1
156 7 1
157 1 1
158 4 1
159 3 1
160 4 1
161 5 1
162 1 1
163 6 1
164 3 1
165 4 1
166 3 1
167 4 1
168 7 1
169 2 1
170 1 1
171 2 1
172 3 1
173 2 1
174 1 1
175 3 1
176 1 1
177 4 1
178 3 1
179 3 1
180 3 1
181 1 1
182 3 1
183 3 1
184 3 1
185 1 1
186 2 1
187 2 1
188 0 1
189 0 1
190 1 1
191 4 1
192 0 1
193 1 1
194 3 1
195 1 1
196 2 1
197 0 1
198 1 1
199 0 1
