0 0 1
1 0 1
2 9 1
3 34 1
4 340 1
5 562 1
6 916 1
7 1227 1
8 1557 1
9 1662 1
10 1697 1
11 1627 1
12 1537 1
13 1500 1
14 1340 1
15 1277 1
16 1218 1
17 1082 1
18 915 1
19 879 1
20 798 1
21 755 1
22 635 1
23 603 1
24 530 1
25 473 1
26 421 1
27 353 1
28 282 1
29 296 1
30 261 1
31 215 1
32 217 1
33 174 1
34 170 1
35 124 1
36 98 1
37 103 1
38 96 1
39 76 1
40 74 1
41 49 1
42 55 1
43 68 1
44 51 1
45 51 1
46 35 1
47 38 1
48 39 1
49 33 1
50 26 1
51 26 1
52 31 1
53 20 1
54 18 1
55 16 1
56 14 1
57 18 1
58 10 1
59 6 1
60 14 1
61 11 1
62 13 1
63 9 1
64 6 1
65 5 1
66 6 1
67 9 1
68 10 1
69 6 1
70 7 1
71 8 1
72 10 1
73 6 1
74 4 1
75 3 1
76 2 1
77 2 1
78 9 1
79 4 1
80 3 1
81 7 1
82 2 1
83 1 1
84 3 1
85 5 1
86 2 1
87 1 1
88 3 1
89 1 1
90 2 1
91 2 1
92 3 1
93 1 1
94 0 1
95 2 1
96 1 1
97 2 1
98 1 1
99 0 1
100 0 1
101 3 1
102 0 1
103 3 1
104 1 1
105 2 1
106 1 1
107 2 1
108 0 1
109 1 1
110 1 1
111 0 1
112 1 1
113 1 1
114 1 1
115 1 1
116 1 1
117 1 1
118 0 1
119 2 1
120 1 1
121 0 1
122 1 1
123 1 1
124 1 1
125 1 1
126 1 1
127 2 1
128 0 1
129 0 1
130 0 1
131 0 1
132 1 1
133 0 1
134 1 1
135 0 1
136 0 1
137 0 1
138 0 1
139 1 1
140 0 1
141 0 1
142 0 1
143 1 1
144 0 1
145 1 1
146 0 1
147 0 1
148 0 1
149 0 1
150 0 1
151 0 1
152 0 1
153 0 1
154 1 1
155 0 1
156 0 1
157 0 1
158 0 1
159 0 1
160 0 1
161 0 1
162 0 1
163 0 1
164 0 1
165 0 1
166 0 1
167 0 1
168 0 1
169 0 1
170 0 1
171 0 1
172 0 1
173 0 1
174 0 1
175 0 1
176 0 1
177 0 1
178 0 1
179 0 1
180 0 1
181 0 1
182 0 1
183 0 1
184 0 1
185 0 1
186 0 1
187 0 1
188 0 1
189 0 1
190 0 1
191 0 1
192 0 1
193 0 1
194 0 1
195 0 1
196 0 1
197 0 1
198 0 1
199 0 1
