0 0 1
1 0 1
2 34 1
3 127 1
4 1830 1
5 2725 1
6 2655 1
7 2405 1
8 1924 1
9 1651 1
10 1374 1
11 1165 1
12 972 1
13 888 1
14 731 1
15 675 1
16 612 1
17 516 1
18 471 1
19 415 1
20 366 1
21 340 1
22 328 1
23 317 1
24 254 1
25 261 1
26 224 1
27 220 1
28 218 1
29 190 1
30 152 1
31 172 1
32 149 1
33 160 1
34 142 1
35 132 1
36 106 1
37 114 1
38 108 1
39 105 1
40 94 1
41 116 1
42 81 1
43 70 1
44 87 1
45 72 1
46 60 1
47 81 1
48 59 1
49 47 1
50 55 1
51 47 1
52 54 1
53 44 1
54 51 1
55 51 1
56 49 1
57 43 1
58 39 1
59 37 1
60 47 1
61 50 1
62 35 1
63 32 1
64 36 1
65 27 1
66 31 1
67 29 1
68 29 1
69 35 1
70 26 1
71 27 1
72 22 1
73 28 1
74 28 1
75 31 1
76 26 1
77 27 1
78 22 1
79 23 1
80 15 1
81 13 1
82 22 1
83 23 1
84 22 1
85 16 1
86 17 1
87 19 1
88 13 1
89 17 1
90 12 1
91 9 1
92 11 1
93 8 1
94 12 1
95 9 1
96 17 1
97 12 1
98 12 1
99 9 1
100 9 1
101 6 1
102 14 1
103 9 1
104 14 1
105 11 1
106 9 1
107 8 1
108 12 1
109 7 1
110 11 1
111 6 1
112 13 1
113 7 1
114 6 1
115 10 1
116 17 1
117 7 1
118 10 1
119 7 1
120 10 1
121 8 1
122 7 1
123 5 1
124 10 1
125 6 1
126 9 1
127 8 1
128 7 1
129 6 1
130 5 1
131 4 1
132 6 1
133 7 1
134 7 1
135 4 1
136 9 1
137 6 1
138 6 1
139 6 1
140 4 1
141 2 1
142 5 1
143 4 1
144 8 1
145 8 1
146 3 1
147 3 1
148 6 1
149 4 1
150 8 1
151 3 1
152 4 1
153 3 1
154 7 1
155 3 1
156 7 1
157 3 1
158 4 1
159 3 1
160 5 1
161 3 1
162 2 1
163 6 1
164 5 1
165 4 1
166 3 1
167 4 1
168 8 1
169 3 1
170 3 1
171 3 1
172 5 1
173 3 1
174 4 1
175 5 1
176 2 1
177 3 1
178 4 1
179 3 1
180 2 1
181 1 1
182 3 1
183 2 1
184 3 1
185 2 1
186 2 1
187 4 1
188 0 1
189 0 1
190 3 1
191 4 1
192 0 1
193 2 1
194 3 1
195 3 1
196 2 1
197 4 1
198 2 1
199 3 1
