0 0 1
1 0 1
2 11 1
3 44 1
4 658 1
5 1475 1
6 2106 1
7 1995 1
8 1676 1
9 1384 1
10 1186 1
11 1036 1
12 789 1
13 718 1
14 604 1
15 489 1
16 450 1
17 394 1
18 314 1
19 297 1
20 265 1
21 252 1
22 233 1
23 218 1
24 166 1
25 168 1
26 169 1
27 158 1
28 133 1
29 111 1
30 117 1
31 111 1
32 101 1
33 95 1
34 84 1
35 96 1
36 81 1
37 59 1
38 65 1
39 55 1
40 68 1
41 63 1
42 43 1
43 58 1
44 51 1
45 46 1
46 36 1
47 54 1
48 59 1
49 36 1
50 46 1
51 41 1
52 40 1
53 31 1
54 35 1
55 30 1
56 26 1
57 26 1
58 29 1
59 31 1
60 30 1
61 21 1
62 21 1
63 26 1
64 24 1
65 29 1
66 21 1
67 22 1
68 20 1
69 17 1
70 32 1
71 15 1
72 24 1
73 23 1
74 11 1
75 17 1
76 16 1
77 20 1
78 19 1
79 15 1
80 12 1
81 21 1
82 12 1
83 7 1
84 16 1
85 16 1
86 14 1
87 13 1
88 15 1
89 9 1
90 11 1
91 12 1
92 10 1
93 6 1
94 14 1
95 4 1
96 13 1
97 8 1
98 6 1
99 8 1
100 9 1
101 5 1
102 7 1
103 8 1
104 6 1
105 13 1
106 12 1
107 9 1
108 12 1
109 3 1
110 12 1
111 7 1
112 8 1
113 6 1
114 4 1
115 6 1
116 4 1
117 9 1
118 9 1
119 4 1
120 7 1
121 6 1
122 4 1
123 6 1
124 4 1
125 3 1
126 6 1
127 5 1
128 9 1
129 4 1
130 4 1
131 6 1
132 6 1
133 2 1
134 7 1
135 7 1
136 6 1
137 8 1
138 3 1
139 2 1
140 1 1
141 2 1
142 3 1
143 6 1
144 4 1
145 2 1
146 7 1
147 5 1
148 5 1
149 4 1
150 6 1
151 5 1
152 2 1
153 5 1
154 2 1
155 1 1
156 6 1
157 5 1
158 2 1
159 5 1
160 2 1
161 2 1
162 6 1
163 0 1
164 4 1
165 1 1
166 1 1
167 6 1
168 2 1
169 4 1
170 3 1
171 3 1
172 2 1
173 3 1
174 1 1
175 2 1
176 5 1
177 4 1
178 3 1
179 0 1
180 3 1
181 3 1
182 0 1
183 5 1
184 4 1
185 3 1
186 3 1
187 3 1
188 5 1
189 2 1
190 6 1
191 2 1
192 5 1
193 4 1
194 3 1
195 1 1
196 2 1
197 1 1
198 3 1
199 1 1
