0 0 1
1 0 1
2 0 1
3 2 1
4 23 1
5 14 1
6 9 1
7 11 1
8 15 1
9 10 1
10 9 1
11 15 1
12 8 1
13 20 1
14 11 1
15 14 1
16 22 1
17 18 1
18 16 1
19 24 1
20 25 1
21 19 1
22 25 1
23 23 1
24 16 1
25 22 1
26 14 1
27 18 1
28 18 1
29 15 1
30 22 1
31 29 1
32 17 1
33 14 1
34 14 1
35 27 1
36 15 1
37 13 1
38 12 1
39 17 1
40 10 1
41 15 1
42 23 1
43 18 1
44 11 1
45 13 1
46 14 1
47 11 1
48 9 1
49 11 1
50 9 1
51 9 1
52 7 1
53 10 1
54 9 1
55 14 1
56 6 1
57 6 1
58 5 1
59 12 1
60 7 1
61 7 1
62 4 1
63 7 1
64 5 1
65 4 1
66 3 1
67 2 1
68 3 1
69 4 1
70 1 1
71 2 1
72 3 1
73 2 1
74 1 1
75 2 1
76 0 1
77 0 1
78 1 1
79 0 1
80 0 1
81 4 1
82 1 1
83 0 1
84 0 1
85 0 1
86 0 1
87 0 1
88 0 1
89 0 1
90 0 1
91 0 1
92 0 1
93 0 1
94 0 1
95 0 1
96 0 1
97 0 1
98 0 1
99 0 1
100 0 1
101 0 1
102 0 1
103 0 1
104 0 1
105 0 1
106 0 1
107 0 1
108 0 1
109 0 1
110 0 1
111 0 1
112 0 1
113 0 1
114 0 1
115 0 1
116 0 1
117 1 1
118 0 1
119 0 1
120 0 1
121 0 1
122 0 1
123 0 1
124 0 1
125 0 1
126 0 1
127 0 1
128 0 1
129 0 1
130 0 1
131 0 1
132 0 1
133 0 1
134 0 1
135 0 1
136 0 1
137 0 1
138 0 1
139 0 1
140 0 1
141 0 1
142 0 1
143 0 1
144 0 1
145 0 1
146 0 1
147 0 1
148 0 1
149 0 1
150 0 1
151 0 1
152 0 1
153 0 1
154 0 1
155 0 1
156 0 1
157 0 1
158 0 1
159 0 1
160 0 1
161 0 1
162 0 1
163 0 1
164 0 1
165 0 1
166 0 1
167 0 1
168 0 1
169 0 1
170 0 1
171 0 1
172 0 1
173 0 1
174 0 1
175 0 1
176 0 1
177 0 1
178 0 1
179 0 1
180 0 1
181 0 1
182 0 1
183 0 1
184 0 1
185 0 1
186 0 1
187 0 1
188 0 1
189 0 1
190 0 1
191 0 1
192 0 1
193 0 1
194 0 1
195 0 1
196 0 1
197 0 1
198 0 1
199 0 1
