0 0 1
1 0 1
2 12 1
3 73 1
4 840 1
5 1260 1
6 1455 1
7 1703 1
8 1825 1
9 1896 1
10 1985 1
11 1987 1
12 1883 1
13 1815 1
14 1625 1
15 1650 1
16 1528 1
17 1330 1
18 1273 1
19 1145 1
20 1089 1
21 1056 1
22 905 1
23 859 1
24 820 1
25 807 1
26 770 1
27 703 1
28 618 1
29 640 1
30 593 1
31 574 1
32 501 1
33 488 1
34 463 1
35 451 1
36 392 1
37 377 1
38 388 1
39 348 1
40 322 1
41 328 1
42 283 1
43 262 1
44 242 1
45 247 1
46 247 1
47 211 1
48 203 1
49 200 1
50 202 1
51 172 1
52 163 1
53 157 1
54 153 1
55 134 1
56 152 1
57 144 1
58 149 1
59 119 1
60 131 1
61 124 1
62 124 1
63 106 1
64 95 1
65 82 1
66 85 1
67 91 1
68 68 1
69 97 1
70 81 1
71 87 1
72 66 1
73 78 1
74 78 1
75 72 1
76 52 1
77 51 1
78 60 1
79 53 1
80 52 1
81 47 1
82 53 1
83 46 1
84 49 1
85 41 1
86 35 1
87 47 1
88 38 1
89 49 1
90 39 1
91 40 1
92 44 1
93 40 1
94 32 1
95 28 1
96 31 1
97 33 1
98 37 1
99 29 1
100 32 1
101 22 1
102 32 1
103 29 1
104 33 1
105 28 1
106 22 1
107 26 1
108 20 1
109 25 1
110 15 1
111 23 1
112 23 1
113 28 1
114 19 1
115 20 1
116 16 1
117 22 1
118 18 1
119 23 1
120 19 1
121 16 1
122 16 1
123 23 1
124 14 1
125 6 1
126 20 1
127 13 1
128 12 1
129 12 1
130 12 1
131 18 1
132 10 1
133 10 1
134 12 1
135 11 1
136 7 1
137 6 1
138 8 1
139 11 1
140 10 1
141 12 1
142 17 1
143 10 1
144 7 1
145 4 1
146 11 1
147 11 1
148 9 1
149 6 1
150 7 1
151 5 1
152 11 1
153 8 1
154 6 1
155 7 1
156 1 1
157 6 1
158 8 1
159 4 1
160 7 1
161 5 1
162 4 1
163 5 1
164 4 1
165 6 1
166 3 1
167 7 1
168 8 1
169 2 1
170 5 1
171 3 1
172 5 1
173 6 1
174 1 1
175 8 1
176 4 1
177 6 1
178 3 1
179 4 1
180 3 1
181 5 1
182 3 1
183 2 1
184 5 1
185 5 1
186 4 1
187 4 1
188 3 1
189 5 1
190 5 1
191 0 1
192 1 1
193 6 1
194 3 1
195 6 1
196 4 1
197 0 1
198 2 1
199 0 1
