0 0 1
1 0 1
2 5 1
3 21 1
4 344 1
5 784 1
6 1130 1
7 1061 1
8 926 1
9 791 1
10 697 1
11 605 1
12 463 1
13 412 1
14 357 1
15 268 1
16 255 1
17 226 1
18 189 1
19 163 1
20 139 1
21 145 1
22 121 1
23 121 1
24 86 1
25 84 1
26 78 1
27 80 1
28 72 1
29 56 1
30 56 1
31 41 1
32 46 1
33 35 1
34 31 1
35 44 1
36 33 1
37 23 1
38 24 1
39 21 1
40 24 1
41 24 1
42 20 1
43 23 1
44 15 1
45 19 1
46 13 1
47 22 1
48 19 1
49 13 1
50 25 1
51 14 1
52 10 1
53 15 1
54 9 1
55 10 1
56 8 1
57 9 1
58 12 1
59 8 1
60 7 1
61 6 1
62 6 1
63 12 1
64 7 1
65 8 1
66 5 1
67 4 1
68 1 1
69 2 1
70 10 1
71 5 1
72 7 1
73 9 1
74 2 1
75 2 1
76 5 1
77 3 1
78 2 1
79 4 1
80 4 1
81 4 1
82 1 1
83 1 1
84 4 1
85 2 1
86 4 1
87 1 1
88 3 1
89 1 1
90 2 1
91 3 1
92 1 1
93 1 1
94 3 1
95 1 1
96 2 1
97 0 1
98 1 1
99 2 1
100 0 1
101 1 1
102 1 1
103 1 1
104 1 1
105 0 1
106 1 1
107 1 1
108 2 1
109 0 1
110 0 1
111 1 1
112 0 1
113 1 1
114 1 1
115 2 1
116 1 1
117 1 1
118 1 1
119 0 1
120 0 1
121 0 1
122 0 1
123 0 1
124 1 1
125 1 1
126 2 1
127 2 1
128 1 1
129 0 1
130 0 1
131 0 1
132 0 1
133 0 1
134 0 1
135 0 1
136 0 1
137 1 1
138 0 1
139 0 1
140 0 1
141 0 1
142 0 1
143 0 1
144 0 1
145 1 1
146 0 1
147 1 1
148 2 1
149 0 1
150 1 1
151 0 1
152 1 1
153 0 1
154 0 1
155 0 1
156 0 1
157 1 1
158 0 1
159 1 1
160 0 1
161 0 1
162 0 1
163 0 1
164 0 1
165 0 1
166 0 1
167 0 1
168 0 1
169 0 1
170 0 1
171 0 1
172 0 1
173 0 1
174 0 1
175 0 1
176 0 1
177 0 1
178 0 1
179 0 1
180 0 1
181 0 1
182 0 1
183 0 1
184 0 1
185 0 1
186 0 1
187 0 1
188 1 1
189 0 1
190 0 1
191 0 1
192 0 1
193 0 1
194 0 1
195 0 1
196 1 1
197 0 1
198 0 1
199 1 1
