0 0 1
1 0 1
2 29 1
3 132 1
4 2109 1
5 2967 1
6 2781 1
7 2294 1
8 1781 1
9 1462 1
10 1211 1
11 974 1
12 861 1
13 787 1
14 729 1
15 568 1
16 513 1
17 458 1
18 442 1
19 370 1
20 358 1
21 356 1
22 315 1
23 280 1
24 278 1
25 239 1
26 251 1
27 211 1
28 171 1
29 185 1
30 160 1
31 181 1
32 155 1
33 152 1
34 141 1
35 148 1
36 129 1
37 100 1
38 95 1
39 102 1
40 126 1
41 104 1
42 85 1
43 89 1
44 96 1
45 96 1
46 82 1
47 94 1
48 80 1
49 74 1
50 54 1
51 76 1
52 70 1
53 59 1
54 48 1
55 52 1
56 56 1
57 36 1
58 49 1
59 54 1
60 51 1
61 41 1
62 42 1
63 43 1
64 46 1
65 54 1
66 37 1
67 33 1
68 42 1
69 31 1
70 27 1
71 31 1
72 34 1
73 33 1
74 16 1
75 18 1
76 28 1
77 16 1
78 20 1
79 21 1
80 23 1
81 21 1
82 10 1
83 20 1
84 21 1
85 22 1
86 19 1
87 17 1
88 14 1
89 20 1
90 23 1
91 12 1
92 14 1
93 19 1
94 16 1
95 18 1
96 14 1
97 15 1
98 12 1
99 12 1
100 10 1
101 12 1
102 17 1
103 7 1
104 11 1
105 7 1
106 12 1
107 7 1
108 13 1
109 8 1
110 8 1
111 6 1
112 8 1
113 5 1
114 7 1
115 4 1
116 8 1
117 4 1
118 3 1
119 7 1
120 6 1
121 7 1
122 11 1
123 3 1
124 7 1
125 7 1
126 4 1
127 5 1
128 1 1
129 5 1
130 8 1
131 8 1
132 6 1
133 5 1
134 5 1
135 5 1
136 3 1
137 3 1
138 3 1
139 1 1
140 3 1
141 2 1
142 2 1
143 1 1
144 2 1
145 5 1
146 2 1
147 7 1
148 4 1
149 5 1
150 1 1
151 5 1
152 0 1
153 1 1
154 3 1
155 6 1
156 3 1
157 0 1
158 2 1
159 5 1
160 2 1
161 7 1
162 0 1
163 3 1
164 0 1
165 5 1
166 0 1
167 2 1
168 4 1
169 3 1
170 1 1
171 2 1
172 3 1
173 2 1
174 0 1
175 3 1
176 3 1
177 1 1
178 2 1
179 4 1
180 4 1
181 2 1
182 0 1
183 3 1
184 3 1
185 2 1
186 2 1
187 0 1
188 2 1
189 1 1
190 0 1
191 2 1
192 1 1
193 0 1
194 2 1
195 1 1
196 2 1
197 0 1
198 0 1
199 1 1
