0 0 1
1 0 1
2 14 1
3 43 1
4 493 1
5 695 1
6 691 1
7 682 1
8 599 1
9 545 1
10 498 1
11 530 1
12 497 1
13 545 1
14 496 1
15 453 1
16 465 1
17 444 1
18 465 1
19 426 1
20 401 1
21 369 1
22 382 1
23 353 1
24 320 1
25 313 1
26 311 1
27 275 1
28 260 1
29 255 1
30 200 1
31 253 1
32 203 1
33 219 1
34 192 1
35 205 1
36 157 1
37 152 1
38 136 1
39 146 1
40 149 1
41 140 1
42 133 1
43 106 1
44 124 1
45 124 1
46 97 1
47 116 1
48 98 1
49 89 1
50 73 1
51 74 1
52 80 1
53 60 1
54 62 1
55 64 1
56 60 1
57 45 1
58 51 1
59 55 1
60 61 1
61 57 1
62 41 1
63 40 1
64 42 1
65 35 1
66 41 1
67 31 1
68 30 1
69 31 1
70 28 1
71 28 1
72 26 1
73 23 1
74 19 1
75 24 1
76 25 1
77 18 1
78 16 1
79 19 1
80 14 1
81 13 1
82 14 1
83 14 1
84 17 1
85 12 1
86 8 1
87 16 1
88 5 1
89 10 1
90 8 1
91 7 1
92 8 1
93 4 1
94 2 1
95 7 1
96 8 1
97 11 1
98 7 1
99 7 1
100 5 1
101 2 1
102 6 1
103 5 1
104 10 1
105 3 1
106 3 1
107 4 1
108 3 1
109 4 1
110 5 1
111 4 1
112 2 1
113 3 1
114 5 1
115 4 1
116 5 1
117 1 1
118 4 1
119 7 1
120 3 1
121 3 1
122 4 1
123 0 1
124 2 1
125 2 1
126 2 1
127 0 1
128 0 1
129 4 1
130 2 1
131 0 1
132 2 1
133 1 1
134 3 1
135 0 1
136 0 1
137 2 1
138 3 1
139 2 1
140 0 1
141 2 1
142 1 1
143 1 1
144 1 1
145 3 1
146 1 1
147 3 1
148 2 1
149 2 1
150 0 1
151 1 1
152 1 1
153 1 1
154 1 1
155 3 1
156 0 1
157 1 1
158 0 1
159 1 1
160 1 1
161 2 1
162 0 1
163 1 1
164 0 1
165 2 1
166 0 1
167 1 1
168 0 1
169 2 1
170 1 1
171 0 1
172 1 1
173 0 1
174 1 1
175 1 1
176 1 1
177 0 1
178 1 1
179 1 1
180 1 1
181 1 1
182 0 1
183 1 1
184 1 1
185 0 1
186 1 1
187 1 1
188 1 1
189 0 1
190 0 1
191 0 1
192 0 1
193 0 1
194 0 1
195 0 1
196 1 1
197 1 1
198 0 1
199 1 1
