0 0 1
1 0 1
2 0 1
3 1 1
4 26 1
5 43 1
6 61 1
7 64 1
8 70 1
9 81 1
10 96 1
11 103 1
12 115 1
13 127 1
14 127 1
15 158 1
16 130 1
17 161 1
18 154 1
19 177 1
20 147 1
21 160 1
22 147 1
23 158 1
24 157 1
25 157 1
26 177 1
27 138 1
28 159 1
29 171 1
30 168 1
31 153 1
32 174 1
33 153 1
34 165 1
35 186 1
36 159 1
37 138 1
38 163 1
39 157 1
40 139 1
41 158 1
42 129 1
43 134 1
44 126 1
45 117 1
46 124 1
47 125 1
48 129 1
49 103 1
50 104 1
51 115 1
52 95 1
53 122 1
54 96 1
55 74 1
56 104 1
57 90 1
58 89 1
59 82 1
60 64 1
61 95 1
62 74 1
63 69 1
64 61 1
65 62 1
66 59 1
67 68 1
68 51 1
69 50 1
70 62 1
71 47 1
72 46 1
73 46 1
74 34 1
75 47 1
76 49 1
77 36 1
78 33 1
79 39 1
80 27 1
81 29 1
82 39 1
83 33 1
84 38 1
85 33 1
86 21 1
87 32 1
88 28 1
89 25 1
90 24 1
91 15 1
92 22 1
93 18 1
94 19 1
95 21 1
96 26 1
97 18 1
98 26 1
99 18 1
100 17 1
101 20 1
102 26 1
103 13 1
104 18 1
105 6 1
106 14 1
107 8 1
108 15 1
109 10 1
110 12 1
111 9 1
112 11 1
113 16 1
114 21 1
115 14 1
116 9 1
117 11 1
118 5 1
119 6 1
120 9 1
121 6 1
122 6 1
123 3 1
124 8 1
125 3 1
126 6 1
127 9 1
128 6 1
129 9 1
130 8 1
131 10 1
132 3 1
133 9 1
134 7 1
135 8 1
136 4 1
137 6 1
138 1 1
139 5 1
140 5 1
141 4 1
142 6 1
143 4 1
144 0 1
145 4 1
146 1 1
147 5 1
148 5 1
149 4 1
150 3 1
151 5 1
152 5 1
153 3 1
154 2 1
155 4 1
156 2 1
157 4 1
158 3 1
159 1 1
160 0 1
161 3 1
162 6 1
163 2 1
164 2 1
165 1 1
166 3 1
167 1 1
168 4 1
169 5 1
170 1 1
171 4 1
172 6 1
173 2 1
174 1 1
175 0 1
176 1 1
177 2 1
178 1 1
179 1 1
180 0 1
181 3 1
182 1 1
183 2 1
184 1 1
185 0 1
186 1 1
187 1 1
188 3 1
189 0 1
190 0 1
191 2 1
192 0 1
193 0 1
194 2 1
195 3 1
196 1 1
197 0 1
198 0 1
199 1 1
