0 0 1
1 0 1
2 6 1
3 13 1
4 171 1
5 326 1
6 438 1
7 589 1
8 760 1
9 925 1
10 1089 1
11 1207 1
12 1231 1
13 1270 1
14 1198 1
15 1180 1
16 1179 1
17 1028 1
18 1014 1
19 899 1
20 861 1
21 829 1
22 684 1
23 677 1
24 637 1
25 633 1
26 571 1
27 527 1
28 445 1
29 449 1
30 429 1
31 378 1
32 357 1
33 324 1
34 313 1
35 256 1
36 230 1
37 202 1
38 220 1
39 192 1
40 150 1
41 153 1
42 119 1
43 102 1
44 109 1
45 89 1
46 117 1
47 86 1
48 67 1
49 56 1
50 69 1
51 46 1
52 55 1
53 48 1
54 47 1
55 43 1
56 47 1
57 39 1
58 37 1
59 27 1
60 25 1
61 31 1
62 34 1
63 22 1
64 17 1
65 12 1
66 12 1
67 19 1
68 10 1
69 14 1
70 14 1
71 12 1
72 10 1
73 18 1
74 9 1
75 11 1
76 7 1
77 7 1
78 7 1
79 5 1
80 8 1
81 7 1
82 10 1
83 7 1
84 4 1
85 5 1
86 2 1
87 9 1
88 8 1
89 6 1
90 6 1
91 2 1
92 7 1
93 4 1
94 2 1
95 2 1
96 3 1
97 2 1
98 3 1
99 3 1
100 0 1
101 3 1
102 3 1
103 2 1
104 5 1
105 5 1
106 1 1
107 1 1
108 3 1
109 3 1
110 3 1
111 2 1
112 2 1
113 4 1
114 1 1
115 2 1
116 1 1
117 1 1
118 1 1
119 0 1
120 2 1
121 1 1
122 3 1
123 2 1
124 0 1
125 0 1
126 4 1
127 3 1
128 1 1
129 2 1
130 0 1
131 2 1
132 1 1
133 3 1
134 0 1
135 1 1
136 0 1
137 1 1
138 0 1
139 1 1
140 2 1
141 0 1
142 0 1
143 1 1
144 0 1
145 0 1
146 1 1
147 1 1
148 0 1
149 0 1
150 1 1
151 1 1
152 2 1
153 1 1
154 2 1
155 0 1
156 0 1
157 0 1
158 0 1
159 0 1
160 1 1
161 0 1
162 1 1
163 0 1
164 0 1
165 0 1
166 1 1
167 1 1
168 0 1
169 0 1
170 0 1
171 0 1
172 0 1
173 0 1
174 0 1
175 1 1
176 0 1
177 0 1
178 0 1
179 0 1
180 0 1
181 2 1
182 0 1
183 0 1
184 0 1
185 0 1
186 1 1
187 0 1
188 0 1
189 1 1
190 0 1
191 0 1
192 0 1
193 0 1
194 0 1
195 2 1
196 1 1
197 0 1
198 0 1
199 0 1
