0 0 1
1 0 1
2 5 1
3 23 1
4 358 1
5 735 1
6 1000 1
7 1217 1
8 1397 1
9 1468 1
10 1600 1
11 1583 1
12 1564 1
13 1516 1
14 1444 1
15 1331 1
16 1299 1
17 1262 1
18 1131 1
19 1028 1
20 977 1
21 907 1
22 787 1
23 766 1
24 729 1
25 643 1
26 634 1
27 529 1
28 526 1
29 495 1
30 443 1
31 396 1
32 404 1
33 377 1
34 324 1
35 301 1
36 251 1
37 227 1
38 204 1
39 192 1
40 181 1
41 152 1
42 152 1
43 130 1
44 130 1
45 119 1
46 122 1
47 107 1
48 88 1
49 97 1
50 84 1
51 90 1
52 75 1
53 56 1
54 79 1
55 59 1
56 57 1
57 66 1
58 44 1
59 39 1
60 36 1
61 38 1
62 39 1
63 35 1
64 30 1
65 19 1
66 27 1
67 27 1
68 27 1
69 19 1
70 19 1
71 21 1
72 15 1
73 13 1
74 13 1
75 16 1
76 24 1
77 17 1
78 8 1
79 15 1
80 11 1
81 16 1
82 9 1
83 5 1
84 4 1
85 13 1
86 5 1
87 13 1
88 11 1
89 8 1
90 6 1
91 7 1
92 7 1
93 6 1
94 9 1
95 7 1
96 11 1
97 2 1
98 7 1
99 4 1
100 3 1
101 5 1
102 4 1
103 6 1
104 5 1
105 5 1
106 6 1
107 4 1
108 5 1
109 1 1
110 5 1
111 2 1
112 2 1
113 3 1
114 4 1
115 5 1
116 2 1
117 3 1
118 0 1
119 1 1
120 1 1
121 1 1
122 3 1
123 1 1
124 1 1
125 2 1
126 0 1
127 2 1
128 2 1
129 2 1
130 3 1
131 0 1
132 2 1
133 2 1
134 1 1
135 2 1
136 0 1
137 2 1
138 0 1
139 0 1
140 0 1
141 1 1
142 2 1
143 1 1
144 0 1
145 2 1
146 1 1
147 1 1
148 0 1
149 0 1
150 0 1
151 1 1
152 0 1
153 0 1
154 1 1
155 0 1
156 2 1
157 0 1
158 0 1
159 2 1
160 0 1
161 0 1
162 0 1
163 0 1
164 1 1
165 2 1
166 0 1
167 2 1
168 0 1
169 0 1
170 0 1
171 0 1
172 2 1
173 0 1
174 0 1
175 0 1
176 1 1
177 0 1
178 0 1
179 0 1
180 0 1
181 0 1
182 1 1
183 0 1
184 0 1
185 0 1
186 1 1
187 0 1
188 0 1
189 1 1
190 0 1
191 0 1
192 0 1
193 0 1
194 0 1
195 0 1
196 0 1
197 0 1
198 1 1
199 0 1
