0 0 1
1 0 1
2 4 1
3 37 1
4 616 1
5 1093 1
6 1131 1
7 1006 1
8 893 1
9 814 1
10 826 1
11 734 1
12 667 1
13 616 1
14 563 1
15 526 1
16 524 1
17 492 1
18 421 1
19 388 1
20 362 1
21 360 1
22 345 1
23 295 1
24 272 1
25 270 1
26 285 1
27 232 1
28 233 1
29 206 1
30 215 1
31 195 1
32 204 1
33 178 1
34 167 1
35 166 1
36 139 1
37 120 1
38 131 1
39 120 1
40 98 1
41 100 1
42 96 1
43 83 1
44 81 1
45 74 1
46 66 1
47 78 1
48 63 1
49 66 1
50 70 1
51 70 1
52 50 1
53 58 1
54 54 1
55 46 1
56 58 1
57 49 1
58 50 1
59 42 1
60 37 1
61 42 1
62 35 1
63 37 1
64 26 1
65 25 1
66 32 1
67 29 1
68 26 1
69 26 1
70 28 1
71 20 1
72 23 1
73 26 1
74 21 1
75 26 1
76 21 1
77 16 1
78 14 1
79 21 1
80 17 1
81 18 1
82 17 1
83 15 1
84 14 1
85 14 1
86 10 1
87 22 1
88 16 1
89 16 1
90 12 1
91 12 1
92 13 1
93 9 1
94 7 1
95 8 1
96 12 1
97 12 1
98 6 1
99 4 1
100 7 1
101 9 1
102 9 1
103 6 1
104 8 1
105 3 1
106 8 1
107 5 1
108 9 1
109 6 1
110 7 1
111 8 1
112 6 1
113 4 1
114 6 1
115 7 1
116 4 1
117 3 1
118 2 1
119 4 1
120 2 1
121 4 1
122 4 1
123 3 1
124 3 1
125 4 1
126 4 1
127 4 1
128 0 1
129 5 1
130 4 1
131 3 1
132 4 1
133 3 1
134 2 1
135 4 1
136 1 1
137 3 1
138 0 1
139 2 1
140 1 1
141 1 1
142 0 1
143 1 1
144 0 1
145 1 1
146 2 1
147 4 1
148 1 1
149 2 1
150 2 1
151 2 1
152 1 1
153 0 1
154 2 1
155 1 1
156 3 1
157 2 1
158 0 1
159 3 1
160 1 1
161 1 1
162 1 1
163 0 1
164 3 1
165 2 1
166 1 1
167 5 1
168 0 1
169 1 1
170 1 1
171 1 1
172 2 1
173 1 1
174 3 1
175 0 1
176 0 1
177 2 1
178 0 1
179 1 1
180 0 1
181 1 1
182 0 1
183 2 1
184 2 1
185 0 1
186 1 1
187 2 1
188 1 1
189 0 1
190 0 1
191 1 1
192 0 1
193 0 1
194 0 1
195 1 1
196 0 1
197 0 1
198 2 1
199 1 1
