0 0 1
1 0 1
2 25 1
3 95 1
4 1444 1
5 1898 1
6 2303 1
7 2550 1
8 2730 1
9 2594 1
10 2416 1
11 2198 1
12 1982 1
13 1897 1
14 1646 1
15 1536 1
16 1479 1
17 1336 1
18 1148 1
19 1115 1
20 1026 1
21 971 1
22 837 1
23 818 1
24 748 1
25 684 1
26 645 1
27 578 1
28 526 1
29 516 1
30 503 1
31 442 1
32 415 1
33 396 1
34 371 1
35 331 1
36 291 1
37 279 1
38 295 1
39 249 1
40 240 1
41 224 1
42 231 1
43 235 1
44 187 1
45 208 1
46 188 1
47 165 1
48 166 1
49 138 1
50 143 1
51 139 1
52 128 1
53 119 1
54 115 1
55 115 1
56 114 1
57 100 1
58 91 1
59 84 1
60 90 1
61 92 1
62 76 1
63 67 1
64 71 1
65 76 1
66 55 1
67 69 1
68 66 1
69 61 1
70 64 1
71 51 1
72 67 1
73 50 1
74 55 1
75 45 1
76 41 1
77 42 1
78 48 1
79 46 1
80 33 1
81 39 1
82 45 1
83 33 1
84 25 1
85 37 1
86 39 1
87 25 1
88 38 1
89 24 1
90 28 1
91 24 1
92 27 1
93 24 1
94 13 1
95 17 1
96 19 1
97 29 1
98 12 1
99 15 1
100 14 1
101 18 1
102 17 1
103 22 1
104 19 1
105 17 1
106 16 1
107 22 1
108 16 1
109 20 1
110 13 1
111 12 1
112 10 1
113 20 1
114 11 1
115 11 1
116 12 1
117 17 1
118 2 1
119 8 1
120 9 1
121 5 1
122 7 1
123 9 1
124 6 1
125 6 1
126 8 1
127 7 1
128 6 1
129 5 1
130 8 1
131 0 1
132 2 1
133 3 1
134 2 1
135 3 1
136 5 1
137 7 1
138 3 1
139 1 1
140 6 1
141 3 1
142 6 1
143 7 1
144 2 1
145 6 1
146 4 1
147 4 1
148 4 1
149 0 1
150 3 1
151 2 1
152 1 1
153 3 1
154 3 1
155 1 1
156 1 1
157 6 1
158 2 1
159 5 1
160 5 1
161 5 1
162 1 1
163 2 1
164 2 1
165 3 1
166 2 1
167 1 1
168 1 1
169 1 1
170 1 1
171 2 1
172 1 1
173 2 1
174 3 1
175 1 1
176 1 1
177 2 1
178 1 1
179 3 1
180 1 1
181 1 1
182 1 1
183 0 1
184 1 1
185 0 1
186 1 1
187 1 1
188 0 1
189 2 1
190 0 1
191 1 1
192 0 1
193 1 1
194 0 1
195 2 1
196 1 1
197 1 1
198 0 1
199 0 1
