0 0 1
1 0 1
2 6 1
3 37 1
4 562 1
5 785 1
6 858 1
7 703 1
8 750 1
9 597 1
10 596 1
11 573 1
12 551 1
13 512 1
14 500 1
15 559 1
16 486 1
17 458 1
18 478 1
19 428 1
20 414 1
21 397 1
22 393 1
23 382 1
24 363 1
25 338 1
26 324 1
27 258 1
28 293 1
29 275 1
30 238 1
31 260 1
32 200 1
33 214 1
34 226 1
35 170 1
36 164 1
37 168 1
38 170 1
39 164 1
40 162 1
41 144 1
42 126 1
43 129 1
44 129 1
45 123 1
46 121 1
47 111 1
48 108 1
49 103 1
50 89 1
51 80 1
52 84 1
53 88 1
54 67 1
55 80 1
56 52 1
57 72 1
58 58 1
59 54 1
60 48 1
61 56 1
62 45 1
63 43 1
64 46 1
65 48 1
66 42 1
67 35 1
68 23 1
69 41 1
70 30 1
71 43 1
72 36 1
73 26 1
74 31 1
75 12 1
76 20 1
77 12 1
78 27 1
79 21 1
80 14 1
81 22 1
82 17 1
83 18 1
84 19 1
85 4 1
86 9 1
87 15 1
88 14 1
89 9 1
90 13 1
91 11 1
92 9 1
93 8 1
94 8 1
95 5 1
96 8 1
97 10 1
98 7 1
99 6 1
100 7 1
101 4 1
102 9 1
103 4 1
104 4 1
105 5 1
106 7 1
107 5 1
108 9 1
109 4 1
110 5 1
111 3 1
112 7 1
113 5 1
114 3 1
115 3 1
116 3 1
117 7 1
118 1 1
119 6 1
120 4 1
121 5 1
122 1 1
123 1 1
124 2 1
125 0 1
126 0 1
127 1 1
128 3 1
129 2 1
130 2 1
131 0 1
132 2 1
133 3 1
134 1 1
135 1 1
136 2 1
137 3 1
138 2 1
139 0 1
140 1 1
141 1 1
142 4 1
143 0 1
144 2 1
145 1 1
146 1 1
147 2 1
148 0 1
149 1 1
150 1 1
151 1 1
152 1 1
153 0 1
154 1 1
155 1 1
156 1 1
157 1 1
158 0 1
159 0 1
160 6 1
161 0 1
162 1 1
163 0 1
164 2 1
165 1 1
166 2 1
167 0 1
168 1 1
169 1 1
170 2 1
171 1 1
172 0 1
173 0 1
174 1 1
175 0 1
176 0 1
177 0 1
178 0 1
179 4 1
180 0 1
181 0 1
182 1 1
183 0 1
184 0 1
185 2 1
186 0 1
187 0 1
188 0 1
189 0 1
190 1 1
191 2 1
192 0 1
193 0 1
194 0 1
195 1 1
196 1 1
197 0 1
198 0 1
199 0 1
