0 0 1
1 0 1
2 3 1
3 17 1
4 242 1
5 607 1
6 851 1
7 806 1
8 657 1
9 526 1
10 398 1
11 345 1
12 228 1
13 221 1
14 193 1
15 134 1
16 123 1
17 110 1
18 78 1
19 79 1
20 62 1
21 55 1
22 59 1
23 61 1
24 41 1
25 36 1
26 43 1
27 36 1
28 25 1
29 23 1
30 22 1
31 30 1
32 21 1
33 22 1
34 19 1
35 15 1
36 24 1
37 18 1
38 18 1
39 14 1
40 17 1
41 14 1
42 8 1
43 13 1
44 17 1
45 9 1
46 9 1
47 11 1
48 10 1
49 9 1
50 10 1
51 12 1
52 5 1
53 4 1
54 7 1
55 6 1
56 5 1
57 6 1
58 6 1
59 6 1
60 1 1
61 5 1
62 3 1
63 4 1
64 4 1
65 5 1
66 4 1
67 5 1
68 6 1
69 3 1
70 5 1
71 3 1
72 3 1
73 5 1
74 2 1
75 3 1
76 2 1
77 5 1
78 2 1
79 5 1
80 3 1
81 5 1
82 3 1
83 1 1
84 2 1
85 2 1
86 1 1
87 2 1
88 6 1
89 3 1
90 1 1
91 0 1
92 0 1
93 2 1
94 1 1
95 1 1
96 3 1
97 2 1
98 2 1
99 3 1
100 3 1
101 1 1
102 1 1
103 3 1
104 0 1
105 1 1
106 3 1
107 1 1
108 1 1
109 1 1
110 2 1
111 1 1
112 3 1
113 2 1
114 2 1
115 1 1
116 1 1
117 1 1
118 2 1
119 1 1
120 1 1
121 1 1
122 1 1
123 0 1
124 1 1
125 0 1
126 0 1
127 0 1
128 2 1
129 0 1
130 1 1
131 3 1
132 0 1
133 0 1
134 3 1
135 1 1
136 1 1
137 1 1
138 0 1
139 0 1
140 0 1
141 0 1
142 1 1
143 0 1
144 2 1
145 0 1
146 1 1
147 2 1
148 1 1
149 0 1
150 0 1
151 0 1
152 1 1
153 1 1
154 0 1
155 0 1
156 2 1
157 1 1
158 0 1
159 1 1
160 0 1
161 0 1
162 0 1
163 0 1
164 2 1
165 0 1
166 0 1
167 0 1
168 0 1
169 1 1
170 1 1
171 0 1
172 0 1
173 1 1
174 0 1
175 1 1
176 1 1
177 1 1
178 0 1
179 0 1
180 0 1
181 1 1
182 0 1
183 0 1
184 1 1
185 0 1
186 0 1
187 1 1
188 0 1
189 0 1
190 1 1
191 0 1
192 0 1
193 2 1
194 1 1
195 1 1
196 0 1
197 0 1
198 2 1
199 0 1
