0 0 1
1 0 1
2 12 1
3 187 1
4 3159 1
5 5101 1
6 5140 1
7 4349 1
8 3469 1
9 2766 1
10 2260 1
11 1731 1
12 1442 1
13 1139 1
14 963 1
15 821 1
16 657 1
17 557 1
18 453 1
19 413 1
20 341 1
21 310 1
22 249 1
23 204 1
24 189 1
25 160 1
26 128 1
27 117 1
28 110 1
29 88 1
30 93 1
31 59 1
32 60 1
33 52 1
34 46 1
35 36 1
36 36 1
37 31 1
38 30 1
39 31 1
40 25 1
41 28 1
42 26 1
43 13 1
44 14 1
45 21 1
46 11 1
47 13 1
48 10 1
49 7 1
50 13 1
51 8 1
52 11 1
53 10 1
54 7 1
55 8 1
56 4 1
57 5 1
58 3 1
59 8 1
60 6 1
61 7 1
62 3 1
63 2 1
64 4 1
65 6 1
66 2 1
67 2 1
68 2 1
69 4 1
70 0 1
71 2 1
72 1 1
73 2 1
74 2 1
75 1 1
76 3 1
77 2 1
78 3 1
79 1 1
80 4 1
81 2 1
82 0 1
83 1 1
84 3 1
85 2 1
86 4 1
87 0 1
88 1 1
89 1 1
90 1 1
91 1 1
92 1 1
93 2 1
94 0 1
95 0 1
96 0 1
97 1 1
98 0 1
99 1 1
100 1 1
101 1 1
102 0 1
103 1 1
104 1 1
105 1 1
106 0 1
107 2 1
108 1 1
109 2 1
110 2 1
111 0 1
112 1 1
113 0 1
114 0 1
115 0 1
116 1 1
117 0 1
118 0 1
119 0 1
120 1 1
121 0 1
122 0 1
123 0 1
124 0 1
125 0 1
126 0 1
127 0 1
128 0 1
129 0 1
130 0 1
131 1 1
132 1 1
133 0 1
134 0 1
135 0 1
136 0 1
137 0 1
138 0 1
139 0 1
140 0 1
141 1 1
142 0 1
143 0 1
144 1 1
145 0 1
146 0 1
147 1 1
148 0 1
149 0 1
150 0 1
151 0 1
152 0 1
153 0 1
154 0 1
155 0 1
156 0 1
157 0 1
158 0 1
159 0 1
160 0 1
161 0 1
162 1 1
163 0 1
164 0 1
165 0 1
166 0 1
167 0 1
168 0 1
169 0 1
170 0 1
171 0 1
172 0 1
173 0 1
174 0 1
175 0 1
176 0 1
177 0 1
178 0 1
179 0 1
180 0 1
181 0 1
182 0 1
183 0 1
184 0 1
185 0 1
186 0 1
187 0 1
188 0 1
189 0 1
190 0 1
191 1 1
192 0 1
193 0 1
194 0 1
195 0 1
196 0 1
197 0 1
198 0 1
199 0 1
