2 0 0.04
2.04 0 0.04
2.08 0 0.04
2.12 0 0.04
2.16 1 0.04
2.2 0 0.04
2.24 3 0.04
2.28 1 0.04
2.32 3 0.04
2.36 1 0.04
2.4 2 0.04
2.44 2 0.04
2.48 3 0.04
2.52 3 0.04
2.56 9 0.04
2.6 7 0.04
2.64 9 0.04
2.68 7 0.04
2.72 9 0.04
2.76 12 0.04
2.8 27 0.04
2.84 23 0.04
2.88 26 0.04
2.92 38 0.04
2.96 54 0.04
3 155 0.04
3.04 421 0.04
3.08 1255 0.04
3.12 2193 0.04
3.16 2950 0.04
3.2 3578 0.04
3.24 4228 0.04
3.28 4619 0.04
3.32 5035 0.04
3.36 5415 0.04
3.4 5590 0.04
3.44 5759 0.04
3.48 5783 0.04
3.52 5911 0.04
3.56 5917 0.04
3.6 5660 0.04
3.64 5749 0.04
3.68 5645 0.04
3.72 5398 0.04
3.76 5319 0.04
3.8 5202 0.04
3.84 4957 0.04
3.88 4845 0.04
3.92 4591 0.04
3.96 4274 0.04
4 4126 0.04
4.04 3868 0.04
4.08 3570 0.04
4.12 3411 0.04
4.16 3179 0.04
4.2 2990 0.04
4.24 2701 0.04
4.28 2582 0.04
4.32 2485 0.04
4.36 2168 0.04
4.4 2066 0.04
4.44 1942 0.04
4.48 1859 0.04
4.52 1636 0.04
4.56 1517 0.04
4.6 1390 0.04
4.64 1203 0.04
4.68 1210 0.04
4.72 1155 0.04
4.76 1034 0.04
4.8 906 0.04
4.84 839 0.04
4.88 810 0.04
4.92 727 0.04
4.96 659 0.04
5 619 0.04
5.04 541 0.04
5.08 529 0.04
5.12 467 0.04
5.16 396 0.04
5.2 389 0.04
5.24 364 0.04
5.28 328 0.04
5.32 298 0.04
5.36 295 0.04
5.4 257 0.04
5.44 220 0.04
5.48 205 0.04
5.52 182 0.04
5.56 175 0.04
5.6 137 0.04
5.64 131 0.04
5.68 113 0.04
5.72 128 0.04
5.76 100 0.04
5.8 104 0.04
5.84 88 0.04
5.88 73 0.04
5.92 72 0.04
5.96 69 0.04
