2 0 0.06
2.06 0 0.06
2.12 0 0.06
2.18 0 0.06
2.24 0 0.06
2.3 0 0.06
2.36 0 0.06
2.42 0 0.06
2.48 0 0.06
2.54 0 0.06
2.6 0 0.06
2.66 2 0.06
2.72 3 0.06
2.78 5 0.06
2.84 18 0.06
2.9 20 0.06
2.96 20 0.06
3.02 42 0.06
3.08 37 0.06
3.14 44 0.06
3.2 56 0.06
3.26 92 0.06
3.32 225 0.06
3.38 536 0.06
3.44 1410 0.06
3.5 3579 0.06
3.56 7642 0.06
3.62 12327 0.06
3.68 14977 0.06
3.74 15957 0.06
3.8 16186 0.06
3.86 15671 0.06
3.92 15038 0.06
3.98 13714 0.06
4.04 12708 0.06
4.1 11686 0.06
4.16 10808 0.06
4.22 9974 0.06
4.28 9116 0.06
4.34 8374 0.06
4.4 7782 0.06
4.46 7145 0.06
4.52 6437 0.06
4.58 5897 0.06
4.64 5409 0.06
4.7 4763 0.06
4.76 4410 0.06
4.82 3990 0.06
4.88 3589 0.06
4.94 3302 0.06
5 2864 0.06
5.06 2533 0.06
5.12 2237 0.06
5.18 2002 0.06
5.24 1799 0.06
5.3 1611 0.06
5.36 1477 0.06
5.42 1284 0.06
5.48 1167 0.06
5.54 1050 0.06
5.6 912 0.06
5.66 841 0.06
5.72 770 0.06
5.78 695 0.06
5.84 625 0.06
5.9 510 0.06
5.96 428 0.06
6.02 401 0.06
6.08 356 0.06
6.14 287 0.06
6.2 228 0.06
6.26 190 0.06
6.32 196 0.06
6.38 155 0.06
6.44 100 0.06
6.5 90 0.06
6.56 74 0.06
6.62 48 0.06
6.68 55 0.06
6.74 34 0.06
6.8 37 0.06
6.86 23 0.06
6.92 8 0.06
6.98 8 0.06
7.04 5 0.06
7.1 3 0.06
7.16 4 0.06
7.22 4 0.06
7.28 2 0.06
7.34 1 0.06
7.4 1 0.06
7.46 0 0.06
7.52 0 0.06
7.58 0 0.06
7.64 0 0.06
7.7 0 0.06
7.76 0 0.06
7.82 0 0.06
7.88 0 0.06
7.94 0 0.06
