2 0 0.06
2.06 0 0.06
2.12 1 0.06
2.18 1 0.06
2.24 8 0.06
2.3 13 0.06
2.36 26 0.06
2.42 34 0.06
2.48 48 0.06
2.54 59 0.06
2.6 58 0.06
2.66 81 0.06
2.72 73 0.06
2.78 92 0.06
2.84 114 0.06
2.9 136 0.06
2.96 196 0.06
3.02 537 0.06
3.08 2126 0.06
3.14 6071 0.06
3.2 9841 0.06
3.26 12444 0.06
3.32 13214 0.06
3.38 13528 0.06
3.44 13106 0.06
3.5 12466 0.06
3.56 11750 0.06
3.62 10932 0.06
3.68 10320 0.06
3.74 9384 0.06
3.8 8697 0.06
3.86 7759 0.06
3.92 7284 0.06
3.98 6675 0.06
4.04 6251 0.06
4.1 5597 0.06
4.16 5102 0.06
4.22 4578 0.06
4.28 4268 0.06
4.34 3840 0.06
4.4 3471 0.06
4.46 3160 0.06
4.52 2823 0.06
4.58 2516 0.06
4.64 2145 0.06
4.7 1928 0.06
4.76 1825 0.06
4.82 1541 0.06
4.88 1403 0.06
4.94 1289 0.06
5 1105 0.06
5.06 1018 0.06
5.12 877 0.06
5.18 790 0.06
5.24 706 0.06
5.3 616 0.06
5.36 619 0.06
5.42 467 0.06
5.48 431 0.06
5.54 382 0.06
5.6 333 0.06
5.66 335 0.06
5.72 233 0.06
5.78 208 0.06
5.84 199 0.06
5.9 178 0.06
5.96 143 0.06
6.02 131 0.06
6.08 134 0.06
6.14 101 0.06
6.2 76 0.06
6.26 75 0.06
6.32 68 0.06
6.38 65 0.06
6.44 45 0.06
6.5 39 0.06
6.56 39 0.06
6.62 47 0.06
6.68 33 0.06
6.74 22 0.06
6.8 28 0.06
6.86 16 0.06
6.92 6 0.06
6.98 8 0.06
7.04 5 0.06
7.1 1 0.06
7.16 6 0.06
7.22 5 0.06
7.28 3 0.06
7.34 1 0.06
7.4 3 0.06
7.46 2 0.06
7.52 2 0.06
7.58 0 0.06
7.64 0 0.06
7.7 0 0.06
7.76 0 0.06
7.82 0 0.06
7.88 0 0.06
7.94 0 0.06
