2 0 0.04
2.04 0 0.04
2.08 0 0.04
2.12 0 0.04
2.16 0 0.04
2.2 0 0.04
2.24 0 0.04
2.28 1 0.04
2.32 1 0.04
2.36 0 0.04
2.4 1 0.04
2.44 2 0.04
2.48 1 0.04
2.52 2 0.04
2.56 5 0.04
2.6 3 0.04
2.64 6 0.04
2.68 2 0.04
2.72 3 0.04
2.76 12 0.04
2.8 20 0.04
2.84 29 0.04
2.88 74 0.04
2.92 101 0.04
2.96 135 0.04
3 237 0.04
3.04 372 0.04
3.08 686 0.04
3.12 1073 0.04
3.16 1570 0.04
3.2 2199 0.04
3.24 2898 0.04
3.28 3441 0.04
3.32 4293 0.04
3.36 4747 0.04
3.4 5205 0.04
3.44 5791 0.04
3.48 5906 0.04
3.52 6287 0.04
3.56 6402 0.04
3.6 6363 0.04
3.64 6342 0.04
3.68 6266 0.04
3.72 6186 0.04
3.76 5888 0.04
3.8 5605 0.04
3.84 5229 0.04
3.88 5129 0.04
3.92 4941 0.04
3.96 4667 0.04
4 4502 0.04
4.04 4241 0.04
4.08 4032 0.04
4.12 3750 0.04
4.16 3415 0.04
4.2 3276 0.04
4.24 3026 0.04
4.28 2923 0.04
4.32 2688 0.04
4.36 2601 0.04
4.4 2342 0.04
4.44 2156 0.04
4.48 2067 0.04
4.52 1881 0.04
4.56 1754 0.04
4.6 1627 0.04
4.64 1475 0.04
4.68 1409 0.04
4.72 1287 0.04
4.76 1218 0.04
4.8 1096 0.04
4.84 1015 0.04
4.88 993 0.04
4.92 924 0.04
4.96 762 0.04
5 754 0.04
5.04 666 0.04
5.08 640 0.04
5.12 561 0.04
5.16 541 0.04
5.2 450 0.04
5.24 412 0.04
5.28 393 0.04
5.32 357 0.04
5.36 299 0.04
5.4 300 0.04
5.44 277 0.04
5.48 251 0.04
5.52 209 0.04
5.56 217 0.04
5.6 178 0.04
5.64 174 0.04
5.68 170 0.04
5.72 157 0.04
5.76 115 0.04
5.8 113 0.04
5.84 109 0.04
5.88 99 0.04
5.92 90 0.04
5.96 75 0.04
