2 0 0.004
2.004 0 0.004
2.008 0 0.004
2.012 0 0.004
2.016 0 0.004
2.02 0 0.004
2.024 0 0.004
2.028 0 0.004
2.032 0 0.004
2.036 0 0.004
2.04 0 0.004
2.044 0 0.004
2.048 0 0.004
2.052 0 0.004
2.056 0 0.004
2.06 0 0.004
2.064 0 0.004
2.068 0 0.004
2.072 0 0.004
2.076 0 0.004
2.08 0 0.004
2.084 0 0.004
2.088 0 0.004
2.092 0 0.004
2.096 0 0.004
2.1 0 0.004
2.104 0 0.004
2.108 0 0.004
2.112 0 0.004
2.116 0 0.004
2.12 0 0.004
2.124 0 0.004
2.128 0 0.004
2.132 0 0.004
2.136 0 0.004
2.14 0 0.004
2.144 0 0.004
2.148 0 0.004
2.152 0 0.004
2.156 0 0.004
2.16 0 0.004
2.164 0 0.004
2.168 0 0.004
2.172 0 0.004
2.176 0 0.004
2.18 0 0.004
2.184 0 0.004
2.188 0 0.004
2.192 0 0.004
2.196 0 0.004
2.2 0 0.004
2.204 0 0.004
2.208 0 0.004
2.212 0 0.004
2.216 0 0.004
2.22 0 0.004
2.224 0 0.004
2.228 0 0.004
2.232 0 0.004
2.236 0 0.004
2.24 0 0.004
2.244 0 0.004
2.248 0 0.004
2.252 0 0.004
2.256 0 0.004
2.26 0 0.004
2.264 0 0.004
2.268 0 0.004
2.272 0 0.004
2.276 0 0.004
2.28 0 0.004
2.284 0 0.004
2.288 0 0.004
2.292 0 0.004
2.296 0 0.004
2.3 0 0.004
2.304 0 0.004
2.308 0 0.004
2.312 0 0.004
2.316 0 0.004
2.32 0 0.004
2.324 0 0.004
2.328 0 0.004
2.332 0 0.004
2.336 0 0.004
2.34 0 0.004
2.344 0 0.004
2.348 0 0.004
2.352 0 0.004
2.356 0 0.004
2.36 0 0.004
2.364 0 0.004
2.368 0 0.004
2.372 0 0.004
2.376 0 0.004
2.38 0 0.004
2.384 0 0.004
2.388 0 0.004
2.392 0 0.004
2.396 0 0.004
2.4 0 0.004
2.404 0 0.004
2.408 0 0.004
2.412 0 0.004
2.416 0 0.004
2.42 0 0.004
2.424 0 0.004
2.428 0 0.004
2.432 0 0.004
2.436 0 0.004
2.44 0 0.004
2.444 0 0.004
2.448 0 0.004
2.452 0 0.004
2.456 0 0.004
2.46 0 0.004
2.464 0 0.004
2.468 0 0.004
2.472 0 0.004
2.476 0 0.004
2.48 0 0.004
2.484 0 0.004
2.488 0 0.004
2.492 0 0.004
2.496 0 0.004
2.5 0 0.004
2.504 0 0.004
2.508 0 0.004
2.512 0 0.004
2.516 0 0.004
2.52 0 0.004
2.524 0 0.004
2.528 0 0.004
2.532 0 0.004
2.536 0 0.004
2.54 0 0.004
2.544 0 0.004
2.548 0 0.004
2.552 0 0.004
2.556 0 0.004
2.56 0 0.004
2.564 0 0.004
2.568 0 0.004
2.572 0 0.004
2.576 0 0.004
2.58 0 0.004
2.584 0 0.004
2.588 0 0.004
2.592 0 0.004
2.596 0 0.004
2.6 0 0.004
2.604 0 0.004
2.608 0 0.004
2.612 0 0.004
2.616 0 0.004
2.62 0 0.004
2.624 0 0.004
2.628 0 0.004
2.632 0 0.004
2.636 0 0.004
2.64 0 0.004
2.644 0 0.004
2.648 0 0.004
2.652 0 0.004
2.656 0 0.004
2.66 0 0.004
2.664 0 0.004
2.668 0 0.004
2.672 0 0.004
2.676 0 0.004
2.68 0 0.004
2.684 0 0.004
2.688 0 0.004
2.692 0 0.004
2.696 0 0.004
2.7 0 0.004
2.704 0 0.004
2.708 0 0.004
2.712 0 0.004
2.716 0 0.004
2.72 0 0.004
2.724 0 0.004
2.728 0 0.004
2.732 0 0.004
2.736 0 0.004
2.74 0 0.004
2.744 0 0.004
2.748 0 0.004
2.752 0 0.004
2.756 0 0.004
2.76 0 0.004
2.764 0 0.004
2.768 0 0.004
2.772 0 0.004
2.776 0 0.004
2.78 0 0.004
2.784 0 0.004
2.788 0 0.004
2.792 0 0.004
2.796 0 0.004
2.8 0 0.004
2.804 0 0.004
2.808 0 0.004
2.812 1 0.004
2.816 0 0.004
2.82 0 0.004
2.824 0 0.004
2.828 0 0.004
2.832 0 0.004
2.836 0 0.004
2.84 0 0.004
2.844 0 0.004
2.848 0 0.004
2.852 0 0.004
2.856 0 0.004
2.86 0 0.004
2.864 0 0.004
2.868 0 0.004
2.872 0 0.004
2.876 0 0.004
2.88 0 0.004
2.884 0 0.004
2.888 0 0.004
2.892 0 0.004
2.896 0 0.004
2.9 0 0.004
2.904 1 0.004
2.908 0 0.004
2.912 0 0.004
2.916 0 0.004
2.92 0 0.004
2.924 0 0.004
2.928 1 0.004
2.932 1 0.004
2.936 0 0.004
2.94 0 0.004
2.944 0 0.004
2.948 1 0.004
2.952 0 0.004
2.956 1 0.004
2.96 0 0.004
2.964 0 0.004
2.968 0 0.004
2.972 2 0.004
2.976 1 0.004
2.98 0 0.004
2.984 1 0.004
2.988 0 0.004
2.992 1 0.004
2.996 2 0.004
3 1 0.004
3.004 0 0.004
3.008 0 0.004
3.012 0 0.004
3.016 1 0.004
3.02 0 0.004
3.024 0 0.004
3.028 2 0.004
3.032 0 0.004
3.036 1 0.004
3.04 0 0.004
3.044 0 0.004
3.048 0 0.004
3.052 0 0.004
3.056 0 0.004
3.06 2 0.004
3.064 1 0.004
3.068 0 0.004
3.072 5 0.004
3.076 1 0.004
3.08 1 0.004
3.084 0 0.004
3.088 0 0.004
3.092 0 0.004
3.096 0 0.004
3.1 1 0.004
3.104 0 0.004
3.108 2 0.004
3.112 5 0.004
3.116 2 0.004
3.12 2 0.004
3.124 1 0.004
3.128 4 0.004
3.132 1 0.004
3.136 0 0.004
3.14 3 0.004
3.144 4 0.004
3.148 2 0.004
3.152 3 0.004
3.156 1 0.004
3.16 2 0.004
3.164 0 0.004
3.168 0 0.004
3.172 0 0.004
3.176 1 0.004
3.18 1 0.004
3.184 4 0.004
3.188 2 0.004
3.192 2 0.004
3.196 1 0.004
3.2 2 0.004
3.204 1 0.004
3.208 1 0.004
3.212 2 0.004
3.216 2 0.004
3.22 1 0.004
3.224 3 0.004
3.228 0 0.004
3.232 2 0.004
3.236 2 0.004
3.24 3 0.004
3.244 1 0.004
3.248 0 0.004
3.252 0 0.004
3.256 5 0.004
3.26 2 0.004
3.264 2 0.004
3.268 0 0.004
3.272 1 0.004
3.276 0 0.004
3.28 2 0.004
3.284 1 0.004
3.288 2 0.004
3.292 4 0.004
3.296 0 0.004
3.3 3 0.004
3.304 0 0.004
3.308 2 0.004
3.312 6 0.004
3.316 2 0.004
3.32 1 0.004
3.324 0 0.004
3.328 2 0.004
3.332 2 0.004
3.336 2 0.004
3.34 4 0.004
3.344 2 0.004
3.348 0 0.004
3.352 3 0.004
3.356 4 0.004
3.36 2 0.004
3.364 2 0.004
3.368 2 0.004
3.372 1 0.004
3.376 7 0.004
3.38 1 0.004
3.384 2 0.004
3.388 4 0.004
3.392 6 0.004
3.396 4 0.004
3.4 6 0.004
3.404 4 0.004
3.408 5 0.004
3.412 2 0.004
3.416 4 0.004
3.42 6 0.004
3.424 4 0.004
3.428 8 0.004
3.432 7 0.004
3.436 3 0.004
3.44 8 0.004
3.444 6 0.004
3.448 3 0.004
3.452 9 0.004
3.456 6 0.004
3.46 5 0.004
3.464 11 0.004
3.468 10 0.004
3.472 13 0.004
3.476 11 0.004
3.48 6 0.004
3.484 15 0.004
3.488 5 0.004
3.492 14 0.004
3.496 10 0.004
3.5 16 0.004
3.504 18 0.004
3.508 17 0.004
3.512 21 0.004
3.516 15 0.004
3.52 21 0.004
3.524 22 0.004
3.528 20 0.004
3.532 23 0.004
3.536 22 0.004
3.54 37 0.004
3.544 29 0.004
3.548 40 0.004
3.552 25 0.004
3.556 37 0.004
3.56 28 0.004
3.564 45 0.004
3.568 32 0.004
3.572 38 0.004
3.576 44 0.004
3.58 44 0.004
3.584 55 0.004
3.588 53 0.004
3.592 44 0.004
3.596 66 0.004
3.6 49 0.004
3.604 62 0.004
3.608 70 0.004
3.612 78 0.004
3.616 72 0.004
3.62 94 0.004
3.624 70 0.004
3.628 75 0.004
3.632 101 0.004
3.636 88 0.004
3.64 104 0.004
3.644 95 0.004
3.648 116 0.004
3.652 110 0.004
3.656 134 0.004
3.66 125 0.004
3.664 132 0.004
3.668 137 0.004
3.672 133 0.004
3.676 143 0.004
3.68 170 0.004
3.684 157 0.004
3.688 147 0.004
3.692 162 0.004
3.696 176 0.004
3.7 185 0.004
3.704 202 0.004
3.708 220 0.004
3.712 214 0.004
3.716 209 0.004
3.72 221 0.004
3.724 229 0.004
3.728 217 0.004
3.732 239 0.004
3.736 205 0.004
3.74 234 0.004
3.744 224 0.004
3.748 233 0.004
3.752 245 0.004
3.756 266 0.004
3.76 249 0.004
3.764 285 0.004
3.768 286 0.004
3.772 259 0.004
3.776 257 0.004
3.78 303 0.004
3.784 278 0.004
3.788 292 0.004
3.792 308 0.004
3.796 282 0.004
3.8 293 0.004
3.804 326 0.004
3.808 330 0.004
3.812 315 0.004
3.816 318 0.004
3.82 319 0.004
3.824 320 0.004
3.828 324 0.004
3.832 313 0.004
3.836 316 0.004
3.84 313 0.004
3.844 307 0.004
3.848 315 0.004
3.852 330 0.004
3.856 325 0.004
3.86 349 0.004
3.864 320 0.004
3.868 326 0.004
3.872 313 0.004
3.876 344 0.004
3.88 318 0.004
3.884 308 0.004
3.888 305 0.004
3.892 313 0.004
3.896 321 0.004
3.9 306 0.004
3.904 361 0.004
3.908 302 0.004
3.912 350 0.004
3.916 316 0.004
3.92 293 0.004
3.924 310 0.004
3.928 329 0.004
3.932 317 0.004
3.936 330 0.004
3.94 322 0.004
3.944 338 0.004
3.948 325 0.004
3.952 331 0.004
3.956 303 0.004
3.96 322 0.004
3.964 299 0.004
3.968 320 0.004
3.972 286 0.004
3.976 337 0.004
3.98 301 0.004
3.984 291 0.004
3.988 305 0.004
3.992 289 0.004
3.996 290 0.004
4 282 0.004
4.004 288 0.004
4.008 302 0.004
4.012 293 0.004
4.016 297 0.004
4.02 333 0.004
4.024 292 0.004
4.028 290 0.004
4.032 293 0.004
4.036 302 0.004
4.04 303 0.004
4.044 300 0.004
4.048 282 0.004
4.052 310 0.004
4.056 311 0.004
4.06 287 0.004
4.064 271 0.004
4.068 263 0.004
4.072 307 0.004
4.076 263 0.004
4.08 254 0.004
4.084 296 0.004
4.088 312 0.004
4.092 257 0.004
4.096 273 0.004
4.1 275 0.004
4.104 273 0.004
4.108 284 0.004
4.112 284 0.004
4.116 257 0.004
4.12 280 0.004
4.124 274 0.004
4.128 266 0.004
4.132 285 0.004
4.136 272 0.004
4.14 259 0.004
4.144 281 0.004
4.148 271 0.004
4.152 264 0.004
4.156 269 0.004
4.16 230 0.004
4.164 274 0.004
4.168 251 0.004
4.172 290 0.004
4.176 222 0.004
4.18 248 0.004
4.184 265 0.004
4.188 282 0.004
4.192 241 0.004
4.196 267 0.004
4.2 259 0.004
4.204 251 0.004
4.208 234 0.004
4.212 245 0.004
4.216 267 0.004
4.22 240 0.004
4.224 249 0.004
4.228 221 0.004
4.232 239 0.004
4.236 237 0.004
4.24 232 0.004
4.244 262 0.004
4.248 233 0.004
4.252 269 0.004
4.256 243 0.004
4.26 225 0.004
4.264 231 0.004
4.268 264 0.004
4.272 256 0.004
4.276 234 0.004
4.28 220 0.004
4.284 245 0.004
4.288 237 0.004
4.292 226 0.004
4.296 228 0.004
4.3 227 0.004
4.304 218 0.004
4.308 230 0.004
4.312 227 0.004
4.316 247 0.004
4.32 227 0.004
4.324 240 0.004
4.328 218 0.004
4.332 223 0.004
4.336 231 0.004
4.34 218 0.004
4.344 222 0.004
4.348 231 0.004
4.352 232 0.004
4.356 228 0.004
4.36 239 0.004
4.364 247 0.004
4.368 258 0.004
4.372 242 0.004
4.376 223 0.004
4.38 215 0.004
4.384 209 0.004
4.388 222 0.004
4.392 196 0.004
4.396 246 0.004
4.4 254 0.004
4.404 222 0.004
4.408 211 0.004
4.412 219 0.004
4.416 233 0.004
4.42 211 0.004
4.424 201 0.004
4.428 215 0.004
4.432 218 0.004
4.436 226 0.004
4.44 224 0.004
4.444 231 0.004
4.448 223 0.004
4.452 202 0.004
4.456 239 0.004
4.46 196 0.004
4.464 202 0.004
4.468 224 0.004
4.472 217 0.004
4.476 192 0.004
4.48 184 0.004
4.484 209 0.004
4.488 237 0.004
4.492 178 0.004
4.496 178 0.004
4.5 189 0.004
4.504 181 0.004
4.508 195 0.004
4.512 192 0.004
4.516 178 0.004
4.52 174 0.004
4.524 195 0.004
4.528 202 0.004
4.532 173 0.004
4.536 203 0.004
4.54 187 0.004
4.544 180 0.004
4.548 187 0.004
4.552 159 0.004
4.556 188 0.004
4.56 179 0.004
4.564 192 0.004
4.568 175 0.004
4.572 172 0.004
4.576 190 0.004
4.58 163 0.004
4.584 195 0.004
4.588 161 0.004
4.592 170 0.004
4.596 183 0.004
4.6 160 0.004
4.604 185 0.004
4.608 172 0.004
4.612 151 0.004
4.616 182 0.004
4.62 158 0.004
4.624 162 0.004
4.628 166 0.004
4.632 167 0.004
4.636 148 0.004
4.64 177 0.004
4.644 154 0.004
4.648 176 0.004
4.652 153 0.004
4.656 176 0.004
4.66 166 0.004
4.664 153 0.004
4.668 145 0.004
4.672 166 0.004
4.676 141 0.004
4.68 130 0.004
4.684 162 0.004
4.688 124 0.004
4.692 127 0.004
4.696 176 0.004
4.7 149 0.004
4.704 127 0.004
4.708 157 0.004
4.712 159 0.004
4.716 148 0.004
4.72 134 0.004
4.724 145 0.004
4.728 143 0.004
4.732 106 0.004
4.736 150 0.004
4.74 113 0.004
4.744 136 0.004
4.748 131 0.004
4.752 132 0.004
4.756 133 0.004
4.76 149 0.004
4.764 126 0.004
4.768 138 0.004
4.772 131 0.004
4.776 130 0.004
4.78 128 0.004
4.784 126 0.004
4.788 112 0.004
4.792 130 0.004
4.796 118 0.004
4.8 121 0.004
4.804 134 0.004
4.808 120 0.004
4.812 145 0.004
4.816 124 0.004
4.82 118 0.004
4.824 133 0.004
4.828 112 0.004
4.832 107 0.004
4.836 106 0.004
4.84 86 0.004
4.844 112 0.004
4.848 115 0.004
4.852 124 0.004
4.856 102 0.004
4.86 113 0.004
4.864 107 0.004
4.868 101 0.004
4.872 107 0.004
4.876 97 0.004
4.88 104 0.004
4.884 111 0.004
4.888 107 0.004
4.892 105 0.004
4.896 102 0.004
4.9 99 0.004
4.904 106 0.004
4.908 99 0.004
4.912 93 0.004
4.916 92 0.004
4.92 87 0.004
4.924 94 0.004
4.928 90 0.004
4.932 103 0.004
4.936 85 0.004
4.94 92 0.004
4.944 92 0.004
4.948 78 0.004
4.952 83 0.004
4.956 93 0.004
4.96 77 0.004
4.964 87 0.004
4.968 81 0.004
4.972 69 0.004
4.976 84 0.004
4.98 88 0.004
4.984 94 0.004
4.988 83 0.004
4.992 92 0.004
4.996 91 0.004
5 77 0.004
5.004 105 0.004
5.008 86 0.004
5.012 81 0.004
5.016 68 0.004
5.02 89 0.004
5.024 74 0.004
5.028 82 0.004
5.032 81 0.004
5.036 70 0.004
5.04 81 0.004
5.044 74 0.004
5.048 87 0.004
5.052 67 0.004
5.056 78 0.004
5.06 74 0.004
5.064 74 0.004
5.068 68 0.004
5.072 71 0.004
5.076 75 0.004
5.08 69 0.004
5.084 65 0.004
5.088 64 0.004
5.092 61 0.004
5.096 56 0.004
5.1 73 0.004
5.104 72 0.004
5.108 78 0.004
5.112 74 0.004
5.116 72 0.004
5.12 69 0.004
5.124 59 0.004
5.128 63 0.004
5.132 51 0.004
5.136 67 0.004
5.14 66 0.004
5.144 60 0.004
5.148 70 0.004
5.152 78 0.004
5.156 51 0.004
5.16 53 0.004
5.164 56 0.004
5.168 67 0.004
5.172 66 0.004
5.176 65 0.004
5.18 59 0.004
5.184 57 0.004
5.188 60 0.004
5.192 45 0.004
5.196 54 0.004
5.2 60 0.004
5.204 51 0.004
5.208 62 0.004
5.212 49 0.004
5.216 62 0.004
5.22 58 0.004
5.224 47 0.004
5.228 56 0.004
5.232 66 0.004
5.236 58 0.004
5.24 38 0.004
5.244 59 0.004
5.248 49 0.004
5.252 43 0.004
5.256 66 0.004
5.26 45 0.004
5.264 59 0.004
5.268 48 0.004
5.272 58 0.004
5.276 47 0.004
5.28 42 0.004
5.284 54 0.004
5.288 49 0.004
5.292 36 0.004
5.296 43 0.004
5.3 55 0.004
5.304 51 0.004
5.308 50 0.004
5.312 42 0.004
5.316 48 0.004
5.32 43 0.004
5.324 45 0.004
5.328 43 0.004
5.332 31 0.004
5.336 41 0.004
5.34 43 0.004
5.344 47 0.004
5.348 42 0.004
5.352 48 0.004
5.356 42 0.004
5.36 56 0.004
5.364 34 0.004
5.368 33 0.004
5.372 44 0.004
5.376 45 0.004
5.38 34 0.004
5.384 44 0.004
5.388 36 0.004
5.392 32 0.004
5.396 39 0.004
5.4 40 0.004
5.404 39 0.004
5.408 33 0.004
5.412 28 0.004
5.416 23 0.004
5.42 34 0.004
5.424 36 0.004
5.428 39 0.004
5.432 36 0.004
5.436 35 0.004
5.44 36 0.004
5.444 32 0.004
5.448 30 0.004
5.452 39 0.004
5.456 27 0.004
5.46 45 0.004
5.464 35 0.004
5.468 26 0.004
5.472 27 0.004
5.476 33 0.004
5.48 29 0.004
5.484 30 0.004
5.488 33 0.004
5.492 33 0.004
5.496 36 0.004
5.5 28 0.004
5.504 39 0.004
5.508 36 0.004
5.512 32 0.004
5.516 38 0.004
5.52 37 0.004
5.524 30 0.004
5.528 28 0.004
5.532 35 0.004
5.536 32 0.004
5.54 29 0.004
5.544 30 0.004
5.548 26 0.004
5.552 30 0.004
5.556 35 0.004
5.56 34 0.004
5.564 35 0.004
5.568 28 0.004
5.572 36 0.004
5.576 27 0.004
5.58 27 0.004
5.584 26 0.004
5.588 34 0.004
5.592 32 0.004
5.596 26 0.004
5.6 28 0.004
5.604 35 0.004
5.608 38 0.004
5.612 35 0.004
5.616 35 0.004
5.62 25 0.004
5.624 25 0.004
5.628 30 0.004
5.632 21 0.004
5.636 24 0.004
5.64 25 0.004
5.644 24 0.004
5.648 32 0.004
5.652 27 0.004
5.656 15 0.004
5.66 24 0.004
5.664 22 0.004
5.668 21 0.004
5.672 17 0.004
5.676 20 0.004
5.68 22 0.004
5.684 27 0.004
5.688 23 0.004
5.692 22 0.004
5.696 23 0.004
5.7 26 0.004
5.704 19 0.004
5.708 18 0.004
5.712 30 0.004
5.716 24 0.004
5.72 18 0.004
5.724 20 0.004
5.728 27 0.004
5.732 16 0.004
5.736 24 0.004
5.74 12 0.004
5.744 22 0.004
5.748 22 0.004
5.752 24 0.004
5.756 21 0.004
5.76 25 0.004
5.764 26 0.004
5.768 27 0.004
5.772 21 0.004
5.776 26 0.004
5.78 20 0.004
5.784 14 0.004
5.788 20 0.004
5.792 24 0.004
5.796 22 0.004
5.8 15 0.004
5.804 14 0.004
5.808 22 0.004
5.812 15 0.004
5.816 26 0.004
5.82 15 0.004
5.824 13 0.004
5.828 13 0.004
5.832 16 0.004
5.836 22 0.004
5.84 17 0.004
5.844 27 0.004
5.848 14 0.004
5.852 21 0.004
5.856 21 0.004
5.86 25 0.004
5.864 17 0.004
5.868 17 0.004
5.872 19 0.004
5.876 19 0.004
5.88 13 0.004
5.884 17 0.004
5.888 16 0.004
5.892 17 0.004
5.896 12 0.004
5.9 16 0.004
5.904 16 0.004
5.908 12 0.004
5.912 9 0.004
5.916 15 0.004
5.92 10 0.004
5.924 18 0.004
5.928 16 0.004
5.932 7 0.004
5.936 12 0.004
5.94 20 0.004
5.944 19 0.004
5.948 16 0.004
5.952 12 0.004
5.956 14 0.004
5.96 22 0.004
5.964 15 0.004
5.968 16 0.004
5.972 17 0.004
5.976 11 0.004
5.98 13 0.004
5.984 18 0.004
5.988 17 0.004
5.992 15 0.004
5.996 16 0.004
