0 872 0.005
0.005 0 0.005
0.01 2 0.005
0.015 9 0.005
0.02 84 0.005
0.025 288 0.005
0.03 660 0.005
0.035 1253 0.005
0.04 2074 0.005
0.045 3168 0.005
0.05 4969 0.005
0.055 6836 0.005
0.06 8721 0.005
0.065 10246 0.005
0.07 11010 0.005
0.075 7466 0.005
0.08 7812 0.005
0.085 7707 0.005
0.09 7252 0.005
0.095 6624 0.005
0.1 6522 0.005
0.105 6137 0.005
0.11 5999 0.005
0.115 5875 0.005
0.12 5804 0.005
0.125 5611 0.005
0.13 5487 0.005
0.135 5324 0.005
0.14 5064 0.005
0.145 4951 0.005
0.15 4664 0.005
0.155 4326 0.005
0.16 4041 0.005
0.165 3871 0.005
0.17 3633 0.005
0.175 3453 0.005
0.18 3268 0.005
0.185 2995 0.005
0.19 2799 0.005
0.195 2648 0.005
0.2 2465 0.005
0.205 2384 0.005
0.21 2223 0.005
0.215 2074 0.005
0.22 1905 0.005
0.225 1832 0.005
0.23 1666 0.005
0.235 1594 0.005
0.24 1383 0.005
0.245 1438 0.005
0.25 1314 0.005
0.255 1182 0.005
0.26 1103 0.005
0.265 1041 0.005
0.27 975 0.005
0.275 925 0.005
0.28 798 0.005
0.285 737 0.005
0.29 705 0.005
0.295 637 0.005
0.3 579 0.005
0.305 637 0.005
0.31 512 0.005
0.315 502 0.005
0.32 467 0.005
0.325 432 0.005
0.33 415 0.005
0.335 363 0.005
0.34 354 0.005
0.345 358 0.005
0.35 323 0.005
0.355 313 0.005
0.36 290 0.005
0.365 218 0.005
0.37 230 0.005
0.375 212 0.005
0.38 184 0.005
0.385 193 0.005
0.39 187 0.005
0.395 180 0.005
0.4 177 0.005
0.405 141 0.005
0.41 149 0.005
0.415 125 0.005
0.42 149 0.005
0.425 104 0.005
0.43 125 0.005
0.435 110 0.005
0.44 94 0.005
0.445 97 0.005
0.45 89 0.005
0.455 90 0.005
0.46 95 0.005
0.465 87 0.005
0.47 79 0.005
0.475 68 0.005
0.48 75 0.005
0.485 59 0.005
0.49 60 0.005
0.495 55 0.005
