0 242 0.005
0.005 0 0.005
0.01 20 0.005
0.015 120 0.005
0.02 594 0.005
0.025 1316 0.005
0.03 3319 0.005
0.035 6048 0.005
0.04 6559 0.005
0.045 6575 0.005
0.05 6640 0.005
0.055 5849 0.005
0.06 4860 0.005
0.065 3983 0.005
0.07 3372 0.005
0.075 2841 0.005
0.08 2480 0.005
0.085 2142 0.005
0.09 1981 0.005
0.095 1745 0.005
0.1 1580 0.005
0.105 1402 0.005
0.11 1395 0.005
0.115 1169 0.005
0.12 1200 0.005
0.125 1060 0.005
0.13 973 0.005
0.135 937 0.005
0.14 876 0.005
0.145 788 0.005
0.15 692 0.005
0.155 673 0.005
0.16 703 0.005
0.165 604 0.005
0.17 596 0.005
0.175 525 0.005
0.18 518 0.005
0.185 518 0.005
0.19 452 0.005
0.195 460 0.005
0.2 409 0.005
0.205 390 0.005
0.21 339 0.005
0.215 363 0.005
0.22 313 0.005
0.225 277 0.005
0.23 321 0.005
0.235 232 0.005
0.24 241 0.005
0.245 218 0.005
0.25 214 0.005
0.255 209 0.005
0.26 176 0.005
0.265 185 0.005
0.27 176 0.005
0.275 167 0.005
0.28 162 0.005
0.285 137 0.005
0.29 130 0.005
0.295 145 0.005
0.3 104 0.005
0.305 119 0.005
0.31 105 0.005
0.315 103 0.005
0.32 81 0.005
0.325 81 0.005
0.33 74 0.005
0.335 83 0.005
0.34 73 0.005
0.345 72 0.005
0.35 65 0.005
0.355 66 0.005
0.36 58 0.005
0.365 58 0.005
0.37 57 0.005
0.375 42 0.005
0.38 40 0.005
0.385 39 0.005
0.39 42 0.005
0.395 32 0.005
0.4 36 0.005
0.405 35 0.005
0.41 35 0.005
0.415 30 0.005
0.42 25 0.005
0.425 18 0.005
0.43 25 0.005
0.435 22 0.005
0.44 27 0.005
0.445 17 0.005
0.45 20 0.005
0.455 27 0.005
0.46 23 0.005
0.465 15 0.005
0.47 16 0.005
0.475 13 0.005
0.48 24 0.005
0.485 16 0.005
0.49 16 0.005
0.495 11 0.005
