0 340 0.005
0.005 0 0.005
0.01 2 0.005
0.015 8 0.005
0.02 67 0.005
0.025 157 0.005
0.03 300 0.005
0.035 497 0.005
0.04 835 0.005
0.045 1105 0.005
0.05 1428 0.005
0.055 1724 0.005
0.06 2059 0.005
0.065 2406 0.005
0.07 2922 0.005
0.075 3235 0.005
0.08 3277 0.005
0.085 3900 0.005
0.09 4370 0.005
0.095 4776 0.005
0.1 5112 0.005
0.105 5467 0.005
0.11 5767 0.005
0.115 6024 0.005
0.12 6100 0.005
0.125 6466 0.005
0.13 6309 0.005
0.135 6272 0.005
0.14 6249 0.005
0.145 5968 0.005
0.15 5658 0.005
0.155 5281 0.005
0.16 5149 0.005
0.165 4650 0.005
0.17 4397 0.005
0.175 4058 0.005
0.18 3848 0.005
0.185 3486 0.005
0.19 3124 0.005
0.195 2891 0.005
0.2 2720 0.005
0.205 2552 0.005
0.21 2345 0.005
0.215 2073 0.005
0.22 2005 0.005
0.225 1799 0.005
0.23 1692 0.005
0.235 1490 0.005
0.24 1394 0.005
0.245 1270 0.005
0.25 1170 0.005
0.255 1153 0.005
0.26 1047 0.005
0.265 932 0.005
0.27 849 0.005
0.275 821 0.005
0.28 762 0.005
0.285 688 0.005
0.29 635 0.005
0.295 531 0.005
0.3 561 0.005
0.305 495 0.005
0.31 460 0.005
0.315 420 0.005
0.32 396 0.005
0.325 363 0.005
0.33 347 0.005
0.335 330 0.005
0.34 259 0.005
0.345 281 0.005
0.35 283 0.005
0.355 231 0.005
0.36 254 0.005
0.365 215 0.005
0.37 194 0.005
0.375 182 0.005
0.38 197 0.005
0.385 176 0.005
0.39 180 0.005
0.395 146 0.005
0.4 146 0.005
0.405 135 0.005
0.41 113 0.005
0.415 100 0.005
0.42 107 0.005
0.425 108 0.005
0.43 100 0.005
0.435 100 0.005
0.44 83 0.005
0.445 94 0.005
0.45 100 0.005
0.455 66 0.005
0.46 77 0.005
0.465 83 0.005
0.47 64 0.005
0.475 67 0.005
0.48 61 0.005
0.485 59 0.005
0.49 54 0.005
0.495 53 0.005
