0 709 0.005
0.005 1 0.005
0.01 1 0.005
0.015 9 0.005
0.02 64 0.005
0.025 297 0.005
0.03 780 0.005
0.035 1530 0.005
0.04 2496 0.005
0.045 3835 0.005
0.05 6280 0.005
0.055 8633 0.005
0.06 11728 0.005
0.065 13731 0.005
0.07 14859 0.005
0.075 9419 0.005
0.08 10071 0.005
0.085 9600 0.005
0.09 8785 0.005
0.095 8200 0.005
0.1 7509 0.005
0.105 7014 0.005
0.11 6740 0.005
0.115 6665 0.005
0.12 6352 0.005
0.125 6235 0.005
0.13 6067 0.005
0.135 5692 0.005
0.14 5612 0.005
0.145 5399 0.005
0.15 5133 0.005
0.155 4794 0.005
0.16 4503 0.005
0.165 4397 0.005
0.17 4074 0.005
0.175 3896 0.005
0.18 3635 0.005
0.185 3366 0.005
0.19 3065 0.005
0.195 2958 0.005
0.2 2769 0.005
0.205 2597 0.005
0.21 2410 0.005
0.215 2254 0.005
0.22 2098 0.005
0.225 1935 0.005
0.23 1853 0.005
0.235 1627 0.005
0.24 1565 0.005
0.245 1537 0.005
0.25 1350 0.005
0.255 1263 0.005
0.26 1230 0.005
0.265 1110 0.005
0.27 1090 0.005
0.275 976 0.005
0.28 911 0.005
0.285 860 0.005
0.29 792 0.005
0.295 766 0.005
0.3 685 0.005
0.305 692 0.005
0.31 627 0.005
0.315 573 0.005
0.32 551 0.005
0.325 469 0.005
0.33 465 0.005
0.335 457 0.005
0.34 435 0.005
0.345 396 0.005
0.35 336 0.005
0.355 359 0.005
0.36 319 0.005
0.365 298 0.005
0.37 289 0.005
0.375 312 0.005
0.38 257 0.005
0.385 230 0.005
0.39 247 0.005
0.395 236 0.005
0.4 223 0.005
0.405 189 0.005
0.41 196 0.005
0.415 185 0.005
0.42 148 0.005
0.425 166 0.005
0.43 161 0.005
0.435 135 0.005
0.44 126 0.005
0.445 118 0.005
0.45 123 0.005
0.455 114 0.005
0.46 100 0.005
0.465 100 0.005
0.47 110 0.005
0.475 107 0.005
0.48 91 0.005
0.485 91 0.005
0.49 77 0.005
0.495 74 0.005
