0 240 0.005
0.005 0 0.005
0.01 0 0.005
0.015 0 0.005
0.02 0 0.005
0.025 4 0.005
0.03 17 0.005
0.035 86 0.005
0.04 120 0.005
0.045 233 0.005
0.05 367 0.005
0.055 515 0.005
0.06 655 0.005
0.065 990 0.005
0.07 1346 0.005
0.075 1708 0.005
0.08 2112 0.005
0.085 2590 0.005
0.09 2994 0.005
0.095 3561 0.005
0.1 3543 0.005
0.105 3520 0.005
0.11 4173 0.005
0.115 4657 0.005
0.12 4895 0.005
0.125 5292 0.005
0.13 5460 0.005
0.135 5746 0.005
0.14 6006 0.005
0.145 6119 0.005
0.15 6020 0.005
0.155 6013 0.005
0.16 5793 0.005
0.165 5682 0.005
0.17 5481 0.005
0.175 5241 0.005
0.18 4864 0.005
0.185 4696 0.005
0.19 4371 0.005
0.195 4057 0.005
0.2 3644 0.005
0.205 3460 0.005
0.21 3131 0.005
0.215 3032 0.005
0.22 2659 0.005
0.225 2340 0.005
0.23 2354 0.005
0.235 2019 0.005
0.24 1893 0.005
0.245 1733 0.005
0.25 1599 0.005
0.255 1418 0.005
0.26 1350 0.005
0.265 1204 0.005
0.27 1108 0.005
0.275 1010 0.005
0.28 918 0.005
0.285 871 0.005
0.29 800 0.005
0.295 726 0.005
0.3 676 0.005
0.305 614 0.005
0.31 577 0.005
0.315 521 0.005
0.32 506 0.005
0.325 477 0.005
0.33 416 0.005
0.335 396 0.005
0.34 396 0.005
0.345 324 0.005
0.35 315 0.005
0.355 298 0.005
0.36 261 0.005
0.365 255 0.005
0.37 211 0.005
0.375 242 0.005
0.38 199 0.005
0.385 194 0.005
0.39 211 0.005
0.395 187 0.005
0.4 184 0.005
0.405 147 0.005
0.41 160 0.005
0.415 133 0.005
0.42 130 0.005
0.425 127 0.005
0.43 108 0.005
0.435 104 0.005
0.44 117 0.005
0.445 91 0.005
0.45 95 0.005
0.455 89 0.005
0.46 86 0.005
0.465 70 0.005
0.47 89 0.005
0.475 69 0.005
0.48 69 0.005
0.485 89 0.005
0.49 66 0.005
0.495 79 0.005
