0 0 0.005
0.005 0 0.005
0.01 0 0.005
0.015 0 0.005
0.02 0 0.005
0.025 0 0.005
0.03 0 0.005
0.035 0 0.005
0.04 0 0.005
0.045 0 0.005
0.05 0 0.005
0.055 0 0.005
0.06 0 0.005
0.065 0 0.005
0.07 0 0.005
0.075 0 0.005
0.08 0 0.005
0.085 0 0.005
0.09 0 0.005
0.095 0 0.005
0.1 0 0.005
0.105 0 0.005
0.11 0 0.005
0.115 0 0.005
0.12 0 0.005
0.125 0 0.005
0.13 0 0.005
0.135 0 0.005
0.14 0 0.005
0.145 0 0.005
0.15 0 0.005
0.155 0 0.005
0.16 0 0.005
0.165 0 0.005
0.17 0 0.005
0.175 0 0.005
0.18 0 0.005
0.185 0 0.005
0.19 0 0.005
0.195 0 0.005
0.2 0 0.005
0.205 0 0.005
0.21 0 0.005
0.215 0 0.005
0.22 0 0.005
0.225 0 0.005
0.23 0 0.005
0.235 0 0.005
0.24 0 0.005
0.245 0 0.005
0.25 0 0.005
0.255 0 0.005
0.26 0 0.005
0.265 0 0.005
0.27 0 0.005
0.275 0 0.005
0.28 0 0.005
0.285 0 0.005
0.29 0 0.005
0.295 0 0.005
0.3 0 0.005
0.305 0 0.005
0.31 0 0.005
0.315 0 0.005
0.32 0 0.005
0.325 0 0.005
0.33 0 0.005
0.335 0 0.005
0.34 0 0.005
0.345 0 0.005
0.35 0 0.005
0.355 0 0.005
0.36 0 0.005
0.365 0 0.005
0.37 0 0.005
0.375 0 0.005
0.38 0 0.005
0.385 0 0.005
0.39 0 0.005
0.395 0 0.005
0.4 0 0.005
0.405 0 0.005
0.41 0 0.005
0.415 0 0.005
0.42 0 0.005
0.425 0 0.005
0.43 0 0.005
0.435 0 0.005
0.44 0 0.005
0.445 0 0.005
0.45 0 0.005
0.455 0 0.005
0.46 0 0.005
0.465 0 0.005
0.47 0 0.005
0.475 0 0.005
0.48 0 0.005
0.485 0 0.005
0.49 0 0.005
0.495 0 0.005
0.5 0 0.005
0.505 0 0.005
0.51 0 0.005
0.515 0 0.005
0.52 0 0.005
0.525 0 0.005
0.53 0 0.005
0.535 0 0.005
0.54 0 0.005
0.545 0 0.005
0.55 0 0.005
0.555 0 0.005
0.56 0 0.005
0.565 0 0.005
0.57 0 0.005
0.575 0 0.005
0.58 0 0.005
0.585 0 0.005
0.59 0 0.005
0.595 0 0.005
0.6 0 0.005
0.605 0 0.005
0.61 0 0.005
0.615 0 0.005
0.62 0 0.005
0.625 0 0.005
0.63 0 0.005
0.635 0 0.005
0.64 0 0.005
0.645 0 0.005
0.65 0 0.005
0.655 0 0.005
0.66 0 0.005
0.665 0 0.005
0.67 0 0.005
0.675 0 0.005
0.68 0 0.005
0.685 0 0.005
0.69 0 0.005
0.695 0 0.005
0.7 0 0.005
0.705 0 0.005
0.71 0 0.005
0.715 0 0.005
0.72 0 0.005
0.725 0 0.005
0.73 0 0.005
0.735 0 0.005
0.74 0 0.005
0.745 0 0.005
0.75 0 0.005
0.755 0 0.005
0.76 0 0.005
0.765 0 0.005
0.77 0 0.005
0.775 0 0.005
0.78 0 0.005
0.785 0 0.005
0.79 0 0.005
0.795 0 0.005
0.8 0 0.005
0.805 0 0.005
0.81 0 0.005
0.815 0 0.005
0.82 1 0.005
0.825 0 0.005
0.83 0 0.005
0.835 0 0.005
0.84 0 0.005
0.845 1 0.005
0.85 0 0.005
0.855 0 0.005
0.86 2 0.005
0.865 1 0.005
0.87 2 0.005
0.875 0 0.005
0.88 1 0.005
0.885 2 0.005
0.89 1 0.005
0.895 1 0.005
0.9 1 0.005
0.905 2 0.005
0.91 1 0.005
0.915 2 0.005
0.92 1 0.005
0.925 2 0.005
0.93 5 0.005
0.935 3 0.005
0.94 6 0.005
0.945 5 0.005
0.95 3 0.005
0.955 1 0.005
0.96 1 0.005
0.965 6 0.005
0.97 5 0.005
0.975 2 0.005
0.98 1 0.005
0.985 2 0.005
0.99 9 0.005
0.995 6 0.005
1 3 0.005
1.005 5 0.005
1.01 6 0.005
1.015 2 0.005
1.02 6 0.005
1.025 3 0.005
1.03 6 0.005
1.035 8 0.005
1.04 6 0.005
1.045 7 0.005
1.05 11 0.005
1.055 6 0.005
1.06 5 0.005
1.065 8 0.005
1.07 8 0.005
1.075 1 0.005
1.08 3 0.005
1.085 6 0.005
1.09 6 0.005
1.095 2 0.005
1.1 8 0.005
1.105 5 0.005
1.11 3 0.005
1.115 7 0.005
1.12 13 0.005
1.125 10 0.005
1.13 9 0.005
1.135 10 0.005
1.14 8 0.005
1.145 6 0.005
1.15 9 0.005
1.155 10 0.005
1.16 10 0.005
1.165 6 0.005
1.17 8 0.005
1.175 4 0.005
1.18 6 0.005
1.185 5 0.005
1.19 7 0.005
1.195 4 0.005
1.2 6 0.005
1.205 4 0.005
1.21 7 0.005
1.215 6 0.005
1.22 9 0.005
1.225 9 0.005
1.23 6 0.005
1.235 9 0.005
1.24 10 0.005
1.245 7 0.005
1.25 11 0.005
1.255 10 0.005
1.26 10 0.005
1.265 10 0.005
1.27 10 0.005
1.275 9 0.005
1.28 8 0.005
1.285 15 0.005
1.29 7 0.005
1.295 7 0.005
1.3 9 0.005
1.305 12 0.005
1.31 10 0.005
1.315 16 0.005
1.32 10 0.005
1.325 6 0.005
1.33 13 0.005
1.335 10 0.005
1.34 13 0.005
1.345 17 0.005
1.35 11 0.005
1.355 9 0.005
1.36 12 0.005
1.365 16 0.005
1.37 13 0.005
1.375 9 0.005
1.38 14 0.005
1.385 11 0.005
1.39 15 0.005
1.395 11 0.005
1.4 20 0.005
1.405 9 0.005
1.41 8 0.005
1.415 9 0.005
1.42 16 0.005
1.425 11 0.005
1.43 12 0.005
1.435 12 0.005
1.44 13 0.005
1.445 10 0.005
1.45 10 0.005
1.455 13 0.005
1.46 13 0.005
1.465 7 0.005
1.47 13 0.005
1.475 13 0.005
1.48 15 0.005
1.485 13 0.005
1.49 25 0.005
1.495 16 0.005
1.5 8 0.005
1.505 11 0.005
1.51 19 0.005
1.515 16 0.005
1.52 21 0.005
1.525 24 0.005
1.53 19 0.005
1.535 13 0.005
1.54 11 0.005
1.545 14 0.005
1.55 18 0.005
1.555 21 0.005
1.56 15 0.005
1.565 16 0.005
1.57 17 0.005
1.575 15 0.005
1.58 18 0.005
1.585 17 0.005
1.59 21 0.005
1.595 27 0.005
1.6 24 0.005
1.605 19 0.005
1.61 19 0.005
1.615 15 0.005
1.62 20 0.005
1.625 22 0.005
1.63 18 0.005
1.635 29 0.005
1.64 16 0.005
1.645 22 0.005
1.65 13 0.005
1.655 25 0.005
1.66 20 0.005
1.665 22 0.005
1.67 13 0.005
1.675 22 0.005
1.68 27 0.005
1.685 20 0.005
1.69 24 0.005
1.695 27 0.005
1.7 26 0.005
1.705 41 0.005
1.71 28 0.005
1.715 18 0.005
1.72 34 0.005
1.725 37 0.005
1.73 29 0.005
1.735 24 0.005
1.74 35 0.005
1.745 31 0.005
1.75 29 0.005
1.755 25 0.005
1.76 32 0.005
1.765 23 0.005
1.77 31 0.005
1.775 24 0.005
1.78 35 0.005
1.785 31 0.005
1.79 35 0.005
1.795 25 0.005
1.8 32 0.005
1.805 32 0.005
1.81 34 0.005
1.815 42 0.005
1.82 29 0.005
1.825 37 0.005
1.83 54 0.005
1.835 44 0.005
1.84 27 0.005
1.845 44 0.005
1.85 41 0.005
1.855 42 0.005
1.86 39 0.005
1.865 56 0.005
1.87 46 0.005
1.875 48 0.005
1.88 46 0.005
1.885 45 0.005
1.89 54 0.005
1.895 45 0.005
1.9 46 0.005
1.905 49 0.005
1.91 42 0.005
1.915 57 0.005
1.92 59 0.005
1.925 65 0.005
1.93 60 0.005
1.935 41 0.005
1.94 61 0.005
1.945 63 0.005
1.95 72 0.005
1.955 64 0.005
1.96 71 0.005
1.965 69 0.005
1.97 82 0.005
1.975 74 0.005
1.98 80 0.005
1.985 69 0.005
1.99 62 0.005
1.995 81 0.005
2 80 0.005
2.005 79 0.005
2.01 84 0.005
2.015 87 0.005
2.02 86 0.005
2.025 86 0.005
2.03 79 0.005
2.035 107 0.005
2.04 110 0.005
2.045 110 0.005
2.05 121 0.005
2.055 102 0.005
2.06 111 0.005
2.065 135 0.005
2.07 133 0.005
2.075 144 0.005
2.08 134 0.005
2.085 148 0.005
2.09 164 0.005
2.095 161 0.005
2.1 167 0.005
2.105 202 0.005
2.11 211 0.005
2.115 211 0.005
2.12 194 0.005
2.125 212 0.005
2.13 264 0.005
2.135 285 0.005
2.14 283 0.005
2.145 291 0.005
2.15 332 0.005
2.155 371 0.005
2.16 390 0.005
2.165 485 0.005
2.17 490 0.005
2.175 540 0.005
2.18 564 0.005
2.185 674 0.005
2.19 707 0.005
2.195 843 0.005
2.2 947 0.005
2.205 1141 0.005
2.21 1437 0.005
2.215 1647 0.005
2.22 2060 0.005
2.225 2530 0.005
2.23 3207 0.005
2.235 3835 0.005
2.24 4743 0.005
2.245 5427 0.005
2.25 5874 0.005
2.255 6209 0.005
2.26 6272 0.005
2.265 6378 0.005
2.27 6199 0.005
2.275 6255 0.005
2.28 6013 0.005
2.285 5847 0.005
2.29 5649 0.005
2.295 5184 0.005
2.3 4754 0.005
2.305 4462 0.005
2.31 4080 0.005
2.315 3674 0.005
2.32 3376 0.005
2.325 3003 0.005
2.33 2832 0.005
2.335 2549 0.005
2.34 2408 0.005
2.345 2143 0.005
2.35 1980 0.005
2.355 1836 0.005
2.36 1732 0.005
2.365 1579 0.005
2.37 1477 0.005
2.375 1369 0.005
2.38 1264 0.005
2.385 1224 0.005
2.39 1095 0.005
2.395 1063 0.005
2.4 1008 0.005
2.405 951 0.005
2.41 852 0.005
2.415 856 0.005
2.42 862 0.005
2.425 765 0.005
2.43 744 0.005
2.435 706 0.005
2.44 639 0.005
2.445 653 0.005
2.45 588 0.005
2.455 548 0.005
2.46 526 0.005
2.465 521 0.005
2.47 495 0.005
2.475 483 0.005
2.48 449 0.005
2.485 408 0.005
2.49 392 0.005
2.495 389 0.005
2.5 398 0.005
2.505 375 0.005
2.51 386 0.005
2.515 331 0.005
2.52 309 0.005
2.525 362 0.005
2.53 271 0.005
2.535 252 0.005
2.54 264 0.005
2.545 273 0.005
2.55 256 0.005
2.555 233 0.005
2.56 254 0.005
2.565 228 0.005
2.57 212 0.005
2.575 194 0.005
2.58 210 0.005
2.585 194 0.005
2.59 169 0.005
2.595 184 0.005
2.6 167 0.005
2.605 134 0.005
2.61 145 0.005
2.615 115 0.005
2.62 130 0.005
2.625 109 0.005
2.63 106 0.005
2.635 119 0.005
2.64 91 0.005
2.645 103 0.005
2.65 78 0.005
2.655 79 0.005
2.66 77 0.005
2.665 51 0.005
2.67 82 0.005
2.675 74 0.005
2.68 62 0.005
2.685 48 0.005
2.69 58 0.005
2.695 49 0.005
2.7 44 0.005
2.705 42 0.005
2.71 30 0.005
2.715 36 0.005
2.72 33 0.005
2.725 27 0.005
2.73 33 0.005
2.735 29 0.005
2.74 35 0.005
2.745 19 0.005
2.75 22 0.005
2.755 19 0.005
2.76 21 0.005
2.765 8 0.005
2.77 14 0.005
2.775 13 0.005
2.78 10 0.005
2.785 11 0.005
2.79 5 0.005
2.795 10 0.005
2.8 7 0.005
2.805 10 0.005
2.81 6 0.005
2.815 3 0.005
2.82 4 0.005
2.825 1 0.005
2.83 1 0.005
2.835 1 0.005
2.84 1 0.005
2.845 4 0.005
2.85 0 0.005
2.855 2 0.005
2.86 3 0.005
2.865 2 0.005
2.87 0 0.005
2.875 0 0.005
2.88 0 0.005
2.885 1 0.005
2.89 0 0.005
2.895 0 0.005
2.9 0 0.005
2.905 0 0.005
2.91 0 0.005
2.915 0 0.005
2.92 0 0.005
2.925 0 0.005
2.93 0 0.005
2.935 0 0.005
2.94 0 0.005
2.945 0 0.005
2.95 0 0.005
2.955 0 0.005
2.96 0 0.005
2.965 0 0.005
2.97 0 0.005
2.975 0 0.005
2.98 0 0.005
2.985 0 0.005
2.99 0 0.005
2.995 0 0.005
3 0 0.005
3.005 0 0.005
3.01 0 0.005
3.015 0 0.005
3.02 0 0.005
3.025 0 0.005
3.03 0 0.005
3.035 0 0.005
3.04 0 0.005
3.045 0 0.005
3.05 0 0.005
3.055 0 0.005
3.06 0 0.005
3.065 0 0.005
3.07 0 0.005
3.075 0 0.005
3.08 0 0.005
3.085 0 0.005
3.09 0 0.005
3.095 0 0.005
3.1 0 0.005
3.105 0 0.005
3.11 0 0.005
3.115 0 0.005
3.12 0 0.005
3.125 0 0.005
3.13 0 0.005
3.135 0 0.005
3.14 0 0.005
3.145 0 0.005
3.15 0 0.005
3.155 0 0.005
3.16 0 0.005
3.165 0 0.005
3.17 0 0.005
3.175 0 0.005
3.18 0 0.005
3.185 0 0.005
3.19 0 0.005
3.195 0 0.005
3.2 0 0.005
3.205 0 0.005
3.21 0 0.005
3.215 0 0.005
3.22 0 0.005
3.225 0 0.005
3.23 0 0.005
3.235 0 0.005
3.24 0 0.005
3.245 0 0.005
3.25 0 0.005
3.255 0 0.005
3.26 0 0.005
3.265 0 0.005
3.27 0 0.005
3.275 0 0.005
3.28 0 0.005
3.285 0 0.005
3.29 0 0.005
3.295 0 0.005
3.3 0 0.005
3.305 0 0.005
3.31 0 0.005
3.315 0 0.005
3.32 0 0.005
3.325 0 0.005
3.33 0 0.005
3.335 0 0.005
3.34 0 0.005
3.345 0 0.005
3.35 0 0.005
3.355 0 0.005
3.36 0 0.005
3.365 0 0.005
3.37 0 0.005
3.375 0 0.005
3.38 0 0.005
3.385 0 0.005
3.39 0 0.005
3.395 0 0.005
3.4 0 0.005
3.405 0 0.005
3.41 0 0.005
3.415 0 0.005
3.42 0 0.005
3.425 0 0.005
3.43 0 0.005
3.435 0 0.005
3.44 0 0.005
3.445 0 0.005
3.45 0 0.005
3.455 0 0.005
3.46 0 0.005
3.465 0 0.005
3.47 0 0.005
3.475 0 0.005
3.48 0 0.005
3.485 0 0.005
3.49 0 0.005
3.495 0 0.005
3.5 0 0.005
3.505 0 0.005
3.51 0 0.005
3.515 0 0.005
3.52 0 0.005
3.525 0 0.005
3.53 0 0.005
3.535 0 0.005
3.54 0 0.005
3.545 0 0.005
3.55 0 0.005
3.555 0 0.005
3.56 0 0.005
3.565 0 0.005
3.57 0 0.005
3.575 0 0.005
3.58 0 0.005
3.585 0 0.005
3.59 0 0.005
3.595 0 0.005
3.6 0 0.005
3.605 0 0.005
3.61 0 0.005
3.615 0 0.005
3.62 0 0.005
3.625 0 0.005
3.63 0 0.005
3.635 0 0.005
3.64 0 0.005
3.645 0 0.005
3.65 0 0.005
3.655 0 0.005
3.66 0 0.005
3.665 0 0.005
3.67 0 0.005
3.675 0 0.005
3.68 0 0.005
3.685 0 0.005
3.69 0 0.005
3.695 0 0.005
3.7 0 0.005
3.705 0 0.005
3.71 0 0.005
3.715 0 0.005
3.72 0 0.005
3.725 0 0.005
3.73 0 0.005
3.735 0 0.005
3.74 0 0.005
3.745 0 0.005
3.75 0 0.005
3.755 0 0.005
3.76 0 0.005
3.765 0 0.005
3.77 0 0.005
3.775 0 0.005
3.78 0 0.005
3.785 0 0.005
3.79 0 0.005
3.795 0 0.005
3.8 0 0.005
3.805 0 0.005
3.81 0 0.005
3.815 0 0.005
3.82 0 0.005
3.825 0 0.005
3.83 0 0.005
3.835 0 0.005
3.84 0 0.005
3.845 0 0.005
3.85 0 0.005
3.855 0 0.005
3.86 0 0.005
3.865 0 0.005
3.87 0 0.005
3.875 0 0.005
3.88 0 0.005
3.885 0 0.005
3.89 0 0.005
3.895 0 0.005
3.9 0 0.005
3.905 0 0.005
3.91 0 0.005
3.915 0 0.005
3.92 0 0.005
3.925 0 0.005
3.93 0 0.005
3.935 0 0.005
3.94 0 0.005
3.945 0 0.005
3.95 0 0.005
3.955 0 0.005
3.96 0 0.005
3.965 0 0.005
3.97 0 0.005
3.975 0 0.005
3.98 0 0.005
3.985 0 0.005
3.99 0 0.005
3.995 0 0.005
4 0 0.005
4.005 0 0.005
4.01 0 0.005
4.015 0 0.005
4.02 0 0.005
4.025 0 0.005
4.03 0 0.005
4.035 0 0.005
4.04 0 0.005
4.045 0 0.005
4.05 0 0.005
4.055 0 0.005
4.06 0 0.005
4.065 0 0.005
4.07 0 0.005
4.075 0 0.005
4.08 0 0.005
4.085 0 0.005
4.09 0 0.005
4.095 0 0.005
4.1 0 0.005
4.105 0 0.005
4.11 0 0.005
4.115 0 0.005
4.12 0 0.005
4.125 0 0.005
4.13 0 0.005
4.135 0 0.005
4.14 0 0.005
4.145 0 0.005
4.15 0 0.005
4.155 0 0.005
4.16 0 0.005
4.165 0 0.005
4.17 0 0.005
4.175 0 0.005
4.18 0 0.005
4.185 0 0.005
4.19 0 0.005
4.195 0 0.005
4.2 0 0.005
4.205 0 0.005
4.21 0 0.005
4.215 0 0.005
4.22 0 0.005
4.225 0 0.005
4.23 0 0.005
4.235 0 0.005
4.24 0 0.005
4.245 0 0.005
4.25 0 0.005
4.255 0 0.005
4.26 0 0.005
4.265 0 0.005
4.27 0 0.005
4.275 0 0.005
4.28 0 0.005
4.285 0 0.005
4.29 0 0.005
4.295 0 0.005
4.3 0 0.005
4.305 0 0.005
4.31 0 0.005
4.315 0 0.005
4.32 0 0.005
4.325 0 0.005
4.33 0 0.005
4.335 0 0.005
4.34 0 0.005
4.345 0 0.005
4.35 0 0.005
4.355 0 0.005
4.36 0 0.005
4.365 0 0.005
4.37 0 0.005
4.375 0 0.005
4.38 0 0.005
4.385 0 0.005
4.39 0 0.005
4.395 0 0.005
4.4 0 0.005
4.405 0 0.005
4.41 0 0.005
4.415 0 0.005
4.42 0 0.005
4.425 0 0.005
4.43 0 0.005
4.435 0 0.005
4.44 0 0.005
4.445 0 0.005
4.45 0 0.005
4.455 0 0.005
4.46 0 0.005
4.465 0 0.005
4.47 0 0.005
4.475 0 0.005
4.48 0 0.005
4.485 0 0.005
4.49 0 0.005
4.495 0 0.005
4.5 0 0.005
4.505 0 0.005
4.51 0 0.005
4.515 0 0.005
4.52 0 0.005
4.525 0 0.005
4.53 0 0.005
4.535 0 0.005
4.54 0 0.005
4.545 0 0.005
4.55 0 0.005
4.555 0 0.005
4.56 0 0.005
4.565 0 0.005
4.57 0 0.005
4.575 0 0.005
4.58 0 0.005
4.585 0 0.005
4.59 0 0.005
4.595 0 0.005
4.6 0 0.005
4.605 0 0.005
4.61 0 0.005
4.615 0 0.005
4.62 0 0.005
4.625 0 0.005
4.63 0 0.005
4.635 0 0.005
4.64 0 0.005
4.645 0 0.005
4.65 0 0.005
4.655 0 0.005
4.66 0 0.005
4.665 0 0.005
4.67 0 0.005
4.675 0 0.005
4.68 0 0.005
4.685 0 0.005
4.69 0 0.005
4.695 0 0.005
4.7 0 0.005
4.705 0 0.005
4.71 0 0.005
4.715 0 0.005
4.72 0 0.005
4.725 0 0.005
4.73 0 0.005
4.735 0 0.005
4.74 0 0.005
4.745 0 0.005
4.75 0 0.005
4.755 0 0.005
4.76 0 0.005
4.765 0 0.005
4.77 0 0.005
4.775 0 0.005
4.78 0 0.005
4.785 0 0.005
4.79 0 0.005
4.795 0 0.005
4.8 0 0.005
4.805 0 0.005
4.81 0 0.005
4.815 0 0.005
4.82 0 0.005
4.825 0 0.005
4.83 0 0.005
4.835 0 0.005
4.84 0 0.005
4.845 0 0.005
4.85 0 0.005
4.855 0 0.005
4.86 0 0.005
4.865 0 0.005
4.87 0 0.005
4.875 0 0.005
4.88 0 0.005
4.885 0 0.005
4.89 0 0.005
4.895 0 0.005
4.9 0 0.005
4.905 0 0.005
4.91 0 0.005
4.915 0 0.005
4.92 0 0.005
4.925 0 0.005
4.93 0 0.005
4.935 0 0.005
4.94 0 0.005
4.945 0 0.005
4.95 0 0.005
4.955 0 0.005
4.96 0 0.005
4.965 0 0.005
4.97 0 0.005
4.975 0 0.005
4.98 0 0.005
4.985 0 0.005
4.99 0 0.005
4.995 0 0.005
5 0 0.005
5.005 0 0.005
5.01 0 0.005
5.015 0 0.005
5.02 0 0.005
5.025 0 0.005
5.03 0 0.005
5.035 0 0.005
5.04 0 0.005
5.045 0 0.005
5.05 0 0.005
5.055 0 0.005
5.06 0 0.005
5.065 0 0.005
5.07 0 0.005
5.075 0 0.005
5.08 0 0.005
5.085 0 0.005
5.09 0 0.005
5.095 0 0.005
5.1 0 0.005
5.105 0 0.005
5.11 0 0.005
5.115 0 0.005
5.12 0 0.005
5.125 0 0.005
5.13 0 0.005
5.135 0 0.005
5.14 0 0.005
5.145 0 0.005
5.15 0 0.005
5.155 0 0.005
5.16 0 0.005
5.165 0 0.005
5.17 0 0.005
5.175 0 0.005
5.18 0 0.005
5.185 0 0.005
5.19 0 0.005
5.195 0 0.005
5.2 0 0.005
5.205 0 0.005
5.21 0 0.005
5.215 0 0.005
5.22 0 0.005
5.225 0 0.005
5.23 0 0.005
5.235 0 0.005
5.24 0 0.005
5.245 0 0.005
5.25 0 0.005
5.255 0 0.005
5.26 0 0.005
5.265 0 0.005
5.27 0 0.005
5.275 0 0.005
5.28 0 0.005
5.285 0 0.005
5.29 0 0.005
5.295 0 0.005
5.3 0 0.005
5.305 0 0.005
5.31 0 0.005
5.315 0 0.005
5.32 0 0.005
5.325 0 0.005
5.33 0 0.005
5.335 0 0.005
5.34 0 0.005
5.345 0 0.005
5.35 0 0.005
5.355 0 0.005
5.36 0 0.005
5.365 0 0.005
5.37 0 0.005
5.375 0 0.005
5.38 0 0.005
5.385 0 0.005
5.39 0 0.005
5.395 0 0.005
5.4 0 0.005
5.405 0 0.005
5.41 0 0.005
5.415 0 0.005
5.42 0 0.005
5.425 0 0.005
5.43 0 0.005
5.435 0 0.005
5.44 0 0.005
5.445 0 0.005
5.45 0 0.005
5.455 0 0.005
5.46 0 0.005
5.465 0 0.005
5.47 0 0.005
5.475 0 0.005
5.48 0 0.005
5.485 0 0.005
5.49 0 0.005
5.495 0 0.005
5.5 0 0.005
5.505 0 0.005
5.51 0 0.005
5.515 0 0.005
5.52 0 0.005
5.525 0 0.005
5.53 0 0.005
5.535 0 0.005
5.54 0 0.005
5.545 0 0.005
5.55 0 0.005
5.555 0 0.005
5.56 0 0.005
5.565 0 0.005
5.57 0 0.005
5.575 0 0.005
5.58 0 0.005
5.585 0 0.005
5.59 0 0.005
5.595 0 0.005
5.6 0 0.005
5.605 0 0.005
5.61 0 0.005
5.615 0 0.005
5.62 0 0.005
5.625 0 0.005
5.63 0 0.005
5.635 0 0.005
5.64 0 0.005
5.645 0 0.005
5.65 0 0.005
5.655 0 0.005
5.66 0 0.005
5.665 0 0.005
5.67 0 0.005
5.675 0 0.005
5.68 0 0.005
5.685 0 0.005
5.69 0 0.005
5.695 0 0.005
5.7 0 0.005
5.705 0 0.005
5.71 0 0.005
5.715 0 0.005
5.72 0 0.005
5.725 0 0.005
5.73 0 0.005
5.735 0 0.005
5.74 0 0.005
5.745 0 0.005
5.75 0 0.005
5.755 0 0.005
5.76 0 0.005
5.765 0 0.005
5.77 0 0.005
5.775 0 0.005
5.78 0 0.005
5.785 0 0.005
5.79 0 0.005
5.795 0 0.005
5.8 0 0.005
5.805 0 0.005
5.81 0 0.005
5.815 0 0.005
5.82 0 0.005
5.825 0 0.005
5.83 0 0.005
5.835 0 0.005
5.84 0 0.005
5.845 0 0.005
5.85 0 0.005
5.855 0 0.005
5.86 0 0.005
5.865 0 0.005
5.87 0 0.005
5.875 0 0.005
5.88 0 0.005
5.885 0 0.005
5.89 0 0.005
5.895 0 0.005
5.9 0 0.005
5.905 0 0.005
5.91 0 0.005
5.915 0 0.005
5.92 0 0.005
5.925 0 0.005
5.93 0 0.005
5.935 0 0.005
5.94 0 0.005
5.945 0 0.005
5.95 0 0.005
5.955 0 0.005
5.96 0 0.005
5.965 0 0.005
5.97 0 0.005
5.975 0 0.005
5.98 0 0.005
5.985 0 0.005
5.99 0 0.005
5.995 0 0.005
6 0 0.005
6.005 0 0.005
6.01 0 0.005
6.015 0 0.005
6.02 0 0.005
6.025 0 0.005
6.03 0 0.005
6.035 0 0.005
6.04 0 0.005
6.045 0 0.005
6.05 0 0.005
6.055 0 0.005
6.06 0 0.005
6.065 0 0.005
6.07 0 0.005
6.075 0 0.005
6.08 0 0.005
6.085 0 0.005
6.09 0 0.005
6.095 0 0.005
6.1 0 0.005
6.105 0 0.005
6.11 0 0.005
6.115 0 0.005
6.12 0 0.005
6.125 0 0.005
6.13 0 0.005
6.135 0 0.005
6.14 0 0.005
6.145 0 0.005
6.15 0 0.005
6.155 0 0.005
6.16 0 0.005
6.165 0 0.005
6.17 0 0.005
6.175 0 0.005
6.18 0 0.005
6.185 0 0.005
6.19 0 0.005
6.195 0 0.005
6.2 0 0.005
6.205 0 0.005
6.21 0 0.005
6.215 0 0.005
6.22 0 0.005
6.225 0 0.005
6.23 0 0.005
6.235 0 0.005
6.24 0 0.005
6.245 0 0.005
6.25 0 0.005
6.255 0 0.005
6.26 0 0.005
6.265 0 0.005
6.27 0 0.005
6.275 0 0.005
6.28 0 0.005
6.285 0 0.005
6.29 0 0.005
6.295 0 0.005
6.3 0 0.005
6.305 0 0.005
6.31 0 0.005
6.315 0 0.005
6.32 0 0.005
6.325 0 0.005
6.33 0 0.005
6.335 0 0.005
6.34 0 0.005
6.345 0 0.005
6.35 0 0.005
6.355 0 0.005
6.36 0 0.005
6.365 0 0.005
6.37 0 0.005
6.375 0 0.005
6.38 0 0.005
6.385 0 0.005
6.39 0 0.005
6.395 0 0.005
6.4 0 0.005
6.405 0 0.005
6.41 0 0.005
6.415 0 0.005
6.42 0 0.005
6.425 0 0.005
6.43 0 0.005
6.435 0 0.005
6.44 0 0.005
6.445 0 0.005
6.45 0 0.005
6.455 0 0.005
6.46 0 0.005
6.465 0 0.005
6.47 0 0.005
6.475 0 0.005
6.48 0 0.005
6.485 0 0.005
6.49 0 0.005
6.495 0 0.005
6.5 0 0.005
6.505 0 0.005
6.51 0 0.005
6.515 0 0.005
6.52 0 0.005
6.525 0 0.005
6.53 0 0.005
6.535 0 0.005
6.54 0 0.005
6.545 0 0.005
6.55 0 0.005
6.555 0 0.005
6.56 0 0.005
6.565 0 0.005
6.57 0 0.005
6.575 0 0.005
6.58 0 0.005
6.585 0 0.005
6.59 0 0.005
6.595 0 0.005
6.6 0 0.005
6.605 0 0.005
6.61 0 0.005
6.615 0 0.005
6.62 0 0.005
6.625 0 0.005
6.63 0 0.005
6.635 0 0.005
6.64 0 0.005
6.645 0 0.005
6.65 0 0.005
6.655 0 0.005
6.66 0 0.005
6.665 0 0.005
6.67 0 0.005
6.675 0 0.005
6.68 0 0.005
6.685 0 0.005
6.69 0 0.005
6.695 0 0.005
6.7 0 0.005
6.705 0 0.005
6.71 0 0.005
6.715 0 0.005
6.72 0 0.005
6.725 0 0.005
6.73 0 0.005
6.735 0 0.005
6.74 0 0.005
6.745 0 0.005
6.75 0 0.005
6.755 0 0.005
6.76 0 0.005
6.765 0 0.005
6.77 0 0.005
6.775 0 0.005
6.78 0 0.005
6.785 0 0.005
6.79 0 0.005
6.795 0 0.005
6.8 0 0.005
6.805 0 0.005
6.81 0 0.005
6.815 0 0.005
6.82 0 0.005
6.825 0 0.005
6.83 0 0.005
6.835 0 0.005
6.84 0 0.005
6.845 0 0.005
6.85 0 0.005
6.855 0 0.005
6.86 0 0.005
6.865 0 0.005
6.87 0 0.005
6.875 0 0.005
6.88 0 0.005
6.885 0 0.005
6.89 0 0.005
6.895 0 0.005
6.9 0 0.005
6.905 0 0.005
6.91 0 0.005
6.915 0 0.005
6.92 0 0.005
6.925 0 0.005
6.93 0 0.005
6.935 0 0.005
6.94 0 0.005
6.945 0 0.005
6.95 0 0.005
6.955 0 0.005
6.96 0 0.005
6.965 0 0.005
6.97 0 0.005
6.975 0 0.005
6.98 0 0.005
6.985 0 0.005
6.99 0 0.005
6.995 0 0.005
7 0 0.005
7.005 0 0.005
7.01 0 0.005
7.015 0 0.005
7.02 0 0.005
7.025 0 0.005
7.03 0 0.005
7.035 0 0.005
7.04 0 0.005
7.045 0 0.005
7.05 0 0.005
7.055 0 0.005
7.06 0 0.005
7.065 0 0.005
7.07 0 0.005
7.075 0 0.005
7.08 0 0.005
7.085 0 0.005
7.09 0 0.005
7.095 0 0.005
7.1 0 0.005
7.105 0 0.005
7.11 0 0.005
7.115 0 0.005
7.12 0 0.005
7.125 0 0.005
7.13 0 0.005
7.135 0 0.005
7.14 0 0.005
7.145 0 0.005
7.15 0 0.005
7.155 0 0.005
7.16 0 0.005
7.165 0 0.005
7.17 0 0.005
7.175 0 0.005
7.18 0 0.005
7.185 0 0.005
7.19 0 0.005
7.195 0 0.005
7.2 0 0.005
7.205 0 0.005
7.21 0 0.005
7.215 0 0.005
7.22 0 0.005
7.225 0 0.005
7.23 0 0.005
7.235 0 0.005
7.24 0 0.005
7.245 0 0.005
7.25 0 0.005
7.255 0 0.005
7.26 0 0.005
7.265 0 0.005
7.27 0 0.005
7.275 0 0.005
7.28 0 0.005
7.285 0 0.005
7.29 0 0.005
7.295 0 0.005
7.3 0 0.005
7.305 0 0.005
7.31 0 0.005
7.315 0 0.005
7.32 0 0.005
7.325 0 0.005
7.33 0 0.005
7.335 0 0.005
7.34 0 0.005
7.345 0 0.005
7.35 0 0.005
7.355 0 0.005
7.36 0 0.005
7.365 0 0.005
7.37 0 0.005
7.375 0 0.005
7.38 0 0.005
7.385 0 0.005
7.39 0 0.005
7.395 0 0.005
7.4 0 0.005
7.405 0 0.005
7.41 0 0.005
7.415 0 0.005
7.42 0 0.005
7.425 0 0.005
7.43 0 0.005
7.435 0 0.005
7.44 0 0.005
7.445 0 0.005
7.45 0 0.005
7.455 0 0.005
7.46 0 0.005
7.465 0 0.005
7.47 0 0.005
7.475 0 0.005
7.48 0 0.005
7.485 0 0.005
7.49 0 0.005
7.495 0 0.005
7.5 0 0.005
7.505 0 0.005
7.51 0 0.005
7.515 0 0.005
7.52 0 0.005
7.525 0 0.005
7.53 0 0.005
7.535 0 0.005
7.54 0 0.005
7.545 0 0.005
7.55 0 0.005
7.555 0 0.005
7.56 0 0.005
7.565 0 0.005
7.57 0 0.005
7.575 0 0.005
7.58 0 0.005
7.585 0 0.005
7.59 0 0.005
7.595 0 0.005
7.6 0 0.005
7.605 0 0.005
7.61 0 0.005
7.615 0 0.005
7.62 0 0.005
7.625 0 0.005
7.63 0 0.005
7.635 0 0.005
7.64 0 0.005
7.645 0 0.005
7.65 0 0.005
7.655 0 0.005
7.66 0 0.005
7.665 0 0.005
7.67 0 0.005
7.675 0 0.005
7.68 0 0.005
7.685 0 0.005
7.69 0 0.005
7.695 0 0.005
7.7 0 0.005
7.705 0 0.005
7.71 0 0.005
7.715 0 0.005
7.72 0 0.005
7.725 0 0.005
7.73 0 0.005
7.735 0 0.005
7.74 0 0.005
7.745 0 0.005
7.75 0 0.005
7.755 0 0.005
7.76 0 0.005
7.765 0 0.005
7.77 0 0.005
7.775 0 0.005
7.78 0 0.005
7.785 0 0.005
7.79 0 0.005
7.795 0 0.005
7.8 0 0.005
7.805 0 0.005
7.81 0 0.005
7.815 0 0.005
7.82 0 0.005
7.825 0 0.005
7.83 0 0.005
7.835 0 0.005
7.84 0 0.005
7.845 0 0.005
7.85 0 0.005
7.855 0 0.005
7.86 0 0.005
7.865 0 0.005
7.87 0 0.005
7.875 0 0.005
7.88 0 0.005
7.885 0 0.005
7.89 0 0.005
7.895 0 0.005
7.9 0 0.005
7.905 0 0.005
7.91 0 0.005
7.915 0 0.005
7.92 0 0.005
7.925 0 0.005
7.93 0 0.005
7.935 0 0.005
7.94 0 0.005
7.945 0 0.005
7.95 0 0.005
7.955 0 0.005
7.96 0 0.005
7.965 0 0.005
7.97 0 0.005
7.975 0 0.005
7.98 0 0.005
7.985 0 0.005
7.99 0 0.005
7.995 0 0.005
