0 0 1
1 0 1
2 2274 1
3 2742 1
4 3430 1
5 2664 1
6 2681 1
7 1838 1
8 1630 1
9 1506 1
10 1197 1
11 1064 1
12 1031 1
13 843 1
14 767 1
15 709 1
16 649 1
17 593 1
18 580 1
19 479 1
20 503 1
21 405 1
22 396 1
23 376 1
24 332 1
25 339 1
26 306 1
27 297 1
28 254 1
29 251 1
30 207 1
31 218 1
32 197 1
33 182 1
34 184 1
35 175 1
36 162 1
37 137 1
38 148 1
39 133 1
40 120 1
41 113 1
42 94 1
43 103 1
44 115 1
45 87 1
46 86 1
47 88 1
48 79 1
49 73 1
50 60 1
51 80 1
52 48 1
53 59 1
54 48 1
55 46 1
56 47 1
57 46 1
58 40 1
59 38 1
60 42 1
61 36 1
62 38 1
63 26 1
64 24 1
65 40 1
66 25 1
67 17 1
68 24 1
69 20 1
70 15 1
71 16 1
72 13 1
73 11 1
74 17 1
75 18 1
76 10 1
77 13 1
78 11 1
79 8 1
80 8 1
81 14 1
82 7 1
83 3 1
84 8 1
85 9 1
86 7 1
87 7 1
88 7 1
89 2 1
90 6 1
91 5 1
92 4 1
93 4 1
94 3 1
95 4 1
96 4 1
97 5 1
98 1 1
99 1 1
100 2 1
101 0 1
102 1 1
103 1 1
104 3 1
105 1 1
106 2 1
107 0 1
108 0 1
109 0 1
110 2 1
111 2 1
112 1 1
113 2 1
114 0 1
115 0 1
116 1 1
117 0 1
118 0 1
119 0 1
120 0 1
121 0 1
122 0 1
123 0 1
124 0 1
125 0 1
126 1 1
127 0 1
128 0 1
129 0 1
130 0 1
131 0 1
132 0 1
133 0 1
134 0 1
135 0 1
136 0 1
137 0 1
138 0 1
139 0 1
140 0 1
141 0 1
142 0 1
143 0 1
144 0 1
145 0 1
146 0 1
147 0 1
148 0 1
149 0 1
150 0 1
151 0 1
152 0 1
153 0 1
154 0 1
155 0 1
156 0 1
157 0 1
158 0 1
159 0 1
160 0 1
161 0 1
162 0 1
163 0 1
164 0 1
165 0 1
166 0 1
167 0 1
168 0 1
169 0 1
170 0 1
171 0 1
172 0 1
173 0 1
174 0 1
175 0 1
176 0 1
177 0 1
178 0 1
179 0 1
180 0 1
181 0 1
182 0 1
183 0 1
184 0 1
185 0 1
186 0 1
187 0 1
188 0 1
189 0 1
190 0 1
191 0 1
192 0 1
193 0 1
194 0 1
195 0 1
196 0 1
197 0 1
198 0 1
199 0 1
