0 0 1
1 0 1
2 4205 1
3 6202 1
4 6272 1
5 3944 1
6 4500 1
7 2340 1
8 2033 1
9 1606 1
10 1280 1
11 1089 1
12 952 1
13 816 1
14 724 1
15 637 1
16 584 1
17 502 1
18 490 1
19 416 1
20 405 1
21 338 1
22 327 1
23 287 1
24 286 1
25 259 1
26 237 1
27 209 1
28 206 1
29 198 1
30 169 1
31 174 1
32 149 1
33 142 1
34 126 1
35 136 1
36 119 1
37 109 1
38 102 1
39 110 1
40 97 1
41 102 1
42 61 1
43 69 1
44 91 1
45 74 1
46 66 1
47 66 1
48 48 1
49 60 1
50 46 1
51 66 1
52 60 1
53 40 1
54 34 1
55 34 1
56 37 1
57 30 1
58 36 1
59 33 1
60 40 1
61 26 1
62 41 1
63 22 1
64 28 1
65 28 1
66 35 1
67 23 1
68 27 1
69 20 1
70 24 1
71 13 1
72 28 1
73 12 1
74 21 1
75 12 1
76 12 1
77 13 1
78 19 1
79 14 1
80 18 1
81 21 1
82 19 1
83 11 1
84 15 1
85 7 1
86 15 1
87 11 1
88 15 1
89 17 1
90 11 1
91 12 1
92 8 1
93 16 1
94 14 1
95 12 1
96 13 1
97 12 1
98 9 1
99 7 1
100 13 1
101 3 1
102 6 1
103 10 1
104 5 1
105 4 1
106 7 1
107 5 1
108 4 1
109 5 1
110 7 1
111 4 1
112 3 1
113 3 1
114 4 1
115 7 1
116 3 1
117 5 1
118 5 1
119 3 1
120 2 1
121 4 1
122 7 1
123 1 1
124 10 1
125 3 1
126 3 1
127 3 1
128 3 1
129 3 1
130 0 1
131 2 1
132 3 1
133 3 1
134 6 1
135 2 1
136 2 1
137 4 1
138 4 1
139 2 1
140 0 1
141 2 1
142 1 1
143 3 1
144 3 1
145 3 1
146 3 1
147 2 1
148 3 1
149 0 1
150 1 1
151 0 1
152 1 1
153 3 1
154 0 1
155 0 1
156 2 1
157 0 1
158 0 1
159 4 1
160 2 1
161 3 1
162 1 1
163 1 1
164 0 1
165 0 1
166 1 1
167 2 1
168 0 1
169 2 1
170 0 1
171 1 1
172 1 1
173 0 1
174 0 1
175 1 1
176 0 1
177 1 1
178 1 1
179 0 1
180 1 1
181 1 1
182 0 1
183 1 1
184 0 1
185 0 1
186 0 1
187 2 1
188 1 1
189 1 1
190 1 1
191 0 1
192 0 1
193 0 1
194 0 1
195 0 1
196 0 1
197 0 1
198 1 1
199 0 1
