0 0 1
1 0 1
2 1914 1
3 2548 1
4 3391 1
5 2042 1
6 2014 1
7 1080 1
8 836 1
9 777 1
10 508 1
11 449 1
12 410 1
13 265 1
14 232 1
15 228 1
16 175 1
17 161 1
18 161 1
19 128 1
20 118 1
21 98 1
22 82 1
23 98 1
24 70 1
25 48 1
26 70 1
27 64 1
28 64 1
29 46 1
30 36 1
31 51 1
32 37 1
33 29 1
34 21 1
35 30 1
36 28 1
37 27 1
38 29 1
39 23 1
40 15 1
41 27 1
42 16 1
43 25 1
44 19 1
45 13 1
46 28 1
47 18 1
48 12 1
49 16 1
50 13 1
51 17 1
52 13 1
53 12 1
54 10 1
55 11 1
56 8 1
57 5 1
58 14 1
59 8 1
60 5 1
61 4 1
62 6 1
63 8 1
64 11 1
65 4 1
66 8 1
67 5 1
68 6 1
69 5 1
70 2 1
71 0 1
72 2 1
73 4 1
74 5 1
75 1 1
76 5 1
77 4 1
78 2 1
79 6 1
80 6 1
81 3 1
82 3 1
83 1 1
84 1 1
85 3 1
86 7 1
87 3 1
88 1 1
89 2 1
90 0 1
91 2 1
92 3 1
93 0 1
94 0 1
95 1 1
96 2 1
97 1 1
98 3 1
99 2 1
100 1 1
101 0 1
102 4 1
103 1 1
104 0 1
105 0 1
106 1 1
107 2 1
108 1 1
109 3 1
110 2 1
111 1 1
112 1 1
113 1 1
114 2 1
115 2 1
116 1 1
117 0 1
118 2 1
119 0 1
120 2 1
121 0 1
122 2 1
123 2 1
124 1 1
125 0 1
126 0 1
127 0 1
128 1 1
129 0 1
130 0 1
131 0 1
132 0 1
133 0 1
134 0 1
135 0 1
136 0 1
137 0 1
138 1 1
139 0 1
140 0 1
141 0 1
142 0 1
143 1 1
144 2 1
145 0 1
146 0 1
147 0 1
148 0 1
149 0 1
150 0 1
151 0 1
152 1 1
153 0 1
154 0 1
155 0 1
156 0 1
157 0 1
158 0 1
159 0 1
160 0 1
161 0 1
162 0 1
163 2 1
164 1 1
165 0 1
166 0 1
167 0 1
168 0 1
169 0 1
170 0 1
171 0 1
172 0 1
173 0 1
174 0 1
175 0 1
176 0 1
177 0 1
178 0 1
179 0 1
180 0 1
181 0 1
182 0 1
183 0 1
184 0 1
185 0 1
186 0 1
187 0 1
188 0 1
189 0 1
190 0 1
191 0 1
192 0 1
193 0 1
194 0 1
195 0 1
196 0 1
197 0 1
198 0 1
199 0 1
