0 0 1
1 0 1
2 429 1
3 459 1
4 617 1
5 488 1
6 512 1
7 468 1
8 345 1
9 338 1
10 299 1
11 272 1
12 272 1
13 204 1
14 199 1
15 199 1
16 186 1
17 169 1
18 161 1
19 154 1
20 140 1
21 137 1
22 130 1
23 121 1
24 121 1
25 102 1
26 115 1
27 99 1
28 106 1
29 94 1
30 77 1
31 93 1
32 77 1
33 70 1
34 72 1
35 62 1
36 67 1
37 77 1
38 71 1
39 66 1
40 57 1
41 62 1
42 43 1
43 50 1
44 64 1
45 52 1
46 50 1
47 53 1
48 38 1
49 52 1
50 38 1
51 51 1
52 39 1
53 41 1
54 41 1
55 33 1
56 40 1
57 28 1
58 34 1
59 34 1
60 29 1
61 27 1
62 34 1
63 19 1
64 31 1
65 26 1
66 31 1
67 27 1
68 28 1
69 27 1
70 16 1
71 9 1
72 22 1
73 12 1
74 19 1
75 18 1
76 14 1
77 15 1
78 21 1
79 24 1
80 27 1
81 22 1
82 15 1
83 12 1
84 15 1
85 12 1
86 17 1
87 11 1
88 17 1
89 16 1
90 13 1
91 14 1
92 17 1
93 16 1
94 15 1
95 15 1
96 19 1
97 16 1
98 10 1
99 8 1
100 13 1
101 7 1
102 10 1
103 16 1
104 5 1
105 7 1
106 4 1
107 11 1
108 6 1
109 7 1
110 3 1
111 2 1
112 7 1
113 1 1
114 5 1
115 7 1
116 7 1
117 7 1
118 5 1
119 5 1
120 6 1
121 7 1
122 5 1
123 3 1
124 11 1
125 5 1
126 4 1
127 1 1
128 3 1
129 3 1
130 6 1
131 2 1
132 4 1
133 3 1
134 5 1
135 4 1
136 2 1
137 3 1
138 4 1
139 1 1
140 1 1
141 0 1
142 0 1
143 1 1
144 4 1
145 0 1
146 5 1
147 4 1
148 3 1
149 0 1
150 1 1
151 2 1
152 0 1
153 0 1
154 1 1
155 0 1
156 2 1
157 1 1
158 2 1
159 0 1
160 2 1
161 1 1
162 2 1
163 1 1
164 1 1
165 0 1
166 4 1
167 1 1
168 0 1
169 1 1
170 0 1
171 0 1
172 0 1
173 2 1
174 0 1
175 0 1
176 0 1
177 0 1
178 2 1
179 1 1
180 0 1
181 2 1
182 1 1
183 1 1
184 0 1
185 0 1
186 1 1
187 1 1
188 1 1
189 0 1
190 0 1
191 0 1
192 0 1
193 1 1
194 1 1
195 0 1
196 1 1
197 0 1
198 0 1
199 0 1
