2 0 0.06
2.06 0 0.06
2.12 0 0.06
2.18 0 0.06
2.24 0 0.06
2.3 0 0.06
2.36 0 0.06
2.42 0 0.06
2.48 0 0.06
2.54 0 0.06
2.6 0 0.06
2.66 0 0.06
2.72 0 0.06
2.78 0 0.06
2.84 0 0.06
2.9 0 0.06
2.96 0 0.06
3.02 0 0.06
3.08 0 0.06
3.14 0 0.06
3.2 0 0.06
3.26 0 0.06
3.32 0 0.06
3.38 0 0.06
3.44 0 0.06
3.5 0 0.06
3.56 0 0.06
3.62 0 0.06
3.68 0 0.06
3.74 0 0.06
3.8 0 0.06
3.86 0 0.06
3.92 0 0.06
3.98 0 0.06
4.04 0 0.06
4.1 0 0.06
4.16 0 0.06
4.22 0 0.06
4.28 0 0.06
4.34 0 0.06
4.4 0 0.06
4.46 0 0.06
4.52 0 0.06
4.58 0 0.06
4.64 0 0.06
4.7 0 0.06
4.76 0 0.06
4.82 0 0.06
4.88 0 0.06
4.94 0 0.06
5 0 0.06
5.06 0 0.06
5.12 149802 0.06
5.18 53276 0.06
5.24 10228 0.06
5.3 4589 0.06
5.36 2695 0.06
5.42 1735 0.06
5.48 1208 0.06
5.54 1001 0.06
5.6 682 0.06
5.66 535 0.06
5.72 448 0.06
5.78 373 0.06
5.84 264 0.06
5.9 246 0.06
5.96 201 0.06
6.02 158 0.06
6.08 150 0.06
6.14 127 0.06
6.2 103 0.06
6.26 83 0.06
6.32 70 0.06
6.38 66 0.06
6.44 55 0.06
6.5 38 0.06
6.56 42 0.06
6.62 50 0.06
6.68 32 0.06
6.74 27 0.06
6.8 30 0.06
6.86 16 0.06
6.92 7 0.06
6.98 6 0.06
7.04 7 0.06
7.1 1 0.06
7.16 6 0.06
7.22 5 0.06
7.28 3 0.06
7.34 1 0.06
7.4 3 0.06
7.46 2 0.06
7.52 2 0.06
7.58 0 0.06
7.64 0 0.06
7.7 0 0.06
7.76 0 0.06
7.82 0 0.06
7.88 0 0.06
7.94 0 0.06
