0 0 0.005
0.005 0 0.005
0.01 0 0.005
0.015 0 0.005
0.02 0 0.005
0.025 0 0.005
0.03 0 0.005
0.035 0 0.005
0.04 0 0.005
0.045 0 0.005
0.05 0 0.005
0.055 0 0.005
0.06 0 0.005
0.065 0 0.005
0.07 0 0.005
0.075 0 0.005
0.08 0 0.005
0.085 0 0.005
0.09 0 0.005
0.095 0 0.005
0.1 0 0.005
0.105 0 0.005
0.11 0 0.005
0.115 0 0.005
0.12 0 0.005
0.125 0 0.005
0.13 0 0.005
0.135 0 0.005
0.14 0 0.005
0.145 0 0.005
0.15 0 0.005
0.155 0 0.005
0.16 0 0.005
0.165 0 0.005
0.17 0 0.005
0.175 0 0.005
0.18 0 0.005
0.185 0 0.005
0.19 0 0.005
0.195 0 0.005
0.2 0 0.005
0.205 0 0.005
0.21 0 0.005
0.215 0 0.005
0.22 0 0.005
0.225 0 0.005
0.23 0 0.005
0.235 0 0.005
0.24 0 0.005
0.245 0 0.005
0.25 0 0.005
0.255 0 0.005
0.26 0 0.005
0.265 0 0.005
0.27 0 0.005
0.275 0 0.005
0.28 0 0.005
0.285 0 0.005
0.29 0 0.005
0.295 0 0.005
0.3 0 0.005
0.305 0 0.005
0.31 0 0.005
0.315 0 0.005
0.32 0 0.005
0.325 0 0.005
0.33 0 0.005
0.335 0 0.005
0.34 0 0.005
0.345 0 0.005
0.35 0 0.005
0.355 0 0.005
0.36 0 0.005
0.365 0 0.005
0.37 0 0.005
0.375 0 0.005
0.38 0 0.005
0.385 0 0.005
0.39 0 0.005
0.395 0 0.005
0.4 0 0.005
0.405 0 0.005
0.41 0 0.005
0.415 0 0.005
0.42 0 0.005
0.425 0 0.005
0.43 0 0.005
0.435 0 0.005
0.44 0 0.005
0.445 0 0.005
0.45 0 0.005
0.455 0 0.005
0.46 0 0.005
0.465 0 0.005
0.47 0 0.005
0.475 0 0.005
0.48 0 0.005
0.485 0 0.005
0.49 0 0.005
0.495 0 0.005
0.5 0 0.005
0.505 0 0.005
0.51 0 0.005
0.515 0 0.005
0.52 0 0.005
0.525 1 0.005
0.53 0 0.005
0.535 0 0.005
0.54 1 0.005
0.545 0 0.005
0.55 1 0.005
0.555 0 0.005
0.56 0 0.005
0.565 0 0.005
0.57 6 0.005
0.575 1 0.005
0.58 2 0.005
0.585 2 0.005
0.59 2 0.005
0.595 3 0.005
0.6 5 0.005
0.605 2 0.005
0.61 4 0.005
0.615 0 0.005
0.62 6 0.005
0.625 6 0.005
0.63 5 0.005
0.635 7 0.005
0.64 6 0.005
0.645 5 0.005
0.65 7 0.005
0.655 5 0.005
0.66 6 0.005
0.665 6 0.005
0.67 6 0.005
0.675 7 0.005
0.68 7 0.005
0.685 9 0.005
0.69 10 0.005
0.695 5 0.005
0.7 6 0.005
0.705 8 0.005
0.71 8 0.005
0.715 9 0.005
0.72 8 0.005
0.725 20 0.005
0.73 10 0.005
0.735 6 0.005
0.74 11 0.005
0.745 6 0.005
0.75 7 0.005
0.755 11 0.005
0.76 13 0.005
0.765 9 0.005
0.77 8 0.005
0.775 9 0.005
0.78 19 0.005
0.785 12 0.005
0.79 9 0.005
0.795 11 0.005
0.8 12 0.005
0.805 9 0.005
0.81 9 0.005
0.815 18 0.005
0.82 10 0.005
0.825 8 0.005
0.83 10 0.005
0.835 14 0.005
0.84 14 0.005
0.845 11 0.005
0.85 10 0.005
0.855 5 0.005
0.86 10 0.005
0.865 6 0.005
0.87 16 0.005
0.875 11 0.005
0.88 16 0.005
0.885 14 0.005
0.89 10 0.005
0.895 19 0.005
0.9 17 0.005
0.905 13 0.005
0.91 12 0.005
0.915 13 0.005
0.92 18 0.005
0.925 9 0.005
0.93 16 0.005
0.935 11 0.005
0.94 11 0.005
0.945 19 0.005
0.95 16 0.005
0.955 16 0.005
0.96 13 0.005
0.965 14 0.005
0.97 16 0.005
0.975 15 0.005
0.98 10 0.005
0.985 18 0.005
0.99 22 0.005
0.995 12 0.005
1 16 0.005
1.005 26 0.005
1.01 15 0.005
1.015 16 0.005
1.02 14 0.005
1.025 17 0.005
1.03 18 0.005
1.035 16 0.005
1.04 12 0.005
1.045 20 0.005
1.05 19 0.005
1.055 25 0.005
1.06 17 0.005
1.065 21 0.005
1.07 16 0.005
1.075 22 0.005
1.08 26 0.005
1.085 21 0.005
1.09 11 0.005
1.095 17 0.005
1.1 12 0.005
1.105 28 0.005
1.11 16 0.005
1.115 23 0.005
1.12 19 0.005
1.125 22 0.005
1.13 17 0.005
1.135 21 0.005
1.14 21 0.005
1.145 28 0.005
1.15 22 0.005
1.155 18 0.005
1.16 26 0.005
1.165 16 0.005
1.17 16 0.005
1.175 27 0.005
1.18 23 0.005
1.185 20 0.005
1.19 22 0.005
1.195 28 0.005
1.2 30 0.005
1.205 20 0.005
1.21 21 0.005
1.215 20 0.005
1.22 23 0.005
1.225 25 0.005
1.23 28 0.005
1.235 26 0.005
1.24 32 0.005
1.245 34 0.005
1.25 32 0.005
1.255 36 0.005
1.26 27 0.005
1.265 26 0.005
1.27 33 0.005
1.275 35 0.005
1.28 34 0.005
1.285 32 0.005
1.29 32 0.005
1.295 38 0.005
1.3 29 0.005
1.305 28 0.005
1.31 24 0.005
1.315 30 0.005
1.32 41 0.005
1.325 36 0.005
1.33 28 0.005
1.335 43 0.005
1.34 34 0.005
1.345 35 0.005
1.35 34 0.005
1.355 27 0.005
1.36 30 0.005
1.365 43 0.005
1.37 34 0.005
1.375 37 0.005
1.38 40 0.005
1.385 43 0.005
1.39 40 0.005
1.395 44 0.005
1.4 41 0.005
1.405 51 0.005
1.41 37 0.005
1.415 46 0.005
1.42 50 0.005
1.425 38 0.005
1.43 46 0.005
1.435 35 0.005
1.44 50 0.005
1.445 57 0.005
1.45 40 0.005
1.455 53 0.005
1.46 48 0.005
1.465 57 0.005
1.47 42 0.005
1.475 46 0.005
1.48 55 0.005
1.485 47 0.005
1.49 39 0.005
1.495 47 0.005
1.5 47 0.005
1.505 43 0.005
1.51 46 0.005
1.515 52 0.005
1.52 47 0.005
1.525 57 0.005
1.53 59 0.005
1.535 47 0.005
1.54 63 0.005
1.545 64 0.005
1.55 56 0.005
1.555 62 0.005
1.56 58 0.005
1.565 63 0.005
1.57 73 0.005
1.575 76 0.005
1.58 64 0.005
1.585 59 0.005
1.59 84 0.005
1.595 71 0.005
1.6 79 0.005
1.605 63 0.005
1.61 81 0.005
1.615 77 0.005
1.62 81 0.005
1.625 81 0.005
1.63 82 0.005
1.635 73 0.005
1.64 92 0.005
1.645 76 0.005
1.65 77 0.005
1.655 97 0.005
1.66 96 0.005
1.665 90 0.005
1.67 103 0.005
1.675 91 0.005
1.68 93 0.005
1.685 93 0.005
1.69 90 0.005
1.695 87 0.005
1.7 105 0.005
1.705 110 0.005
1.71 111 0.005
1.715 116 0.005
1.72 113 0.005
1.725 108 0.005
1.73 107 0.005
1.735 91 0.005
1.74 115 0.005
1.745 116 0.005
1.75 117 0.005
1.755 120 0.005
1.76 132 0.005
1.765 127 0.005
1.77 134 0.005
1.775 132 0.005
1.78 133 0.005
1.785 125 0.005
1.79 128 0.005
1.795 140 0.005
1.8 147 0.005
1.805 144 0.005
1.81 140 0.005
1.815 175 0.005
1.82 157 0.005
1.825 175 0.005
1.83 153 0.005
1.835 160 0.005
1.84 178 0.005
1.845 175 0.005
1.85 191 0.005
1.855 184 0.005
1.86 172 0.005
1.865 224 0.005
1.87 196 0.005
1.875 183 0.005
1.88 210 0.005
1.885 205 0.005
1.89 217 0.005
1.895 212 0.005
1.9 229 0.005
1.905 253 0.005
1.91 245 0.005
1.915 248 0.005
1.92 227 0.005
1.925 258 0.005
1.93 282 0.005
1.935 289 0.005
1.94 304 0.005
1.945 327 0.005
1.95 304 0.005
1.955 315 0.005
1.96 324 0.005
1.965 349 0.005
1.97 330 0.005
1.975 365 0.005
1.98 338 0.005
1.985 427 0.005
1.99 393 0.005
1.995 416 0.005
2 445 0.005
2.005 462 0.005
2.01 471 0.005
2.015 510 0.005
2.02 559 0.005
2.025 555 0.005
2.03 520 0.005
2.035 539 0.005
2.04 602 0.005
2.045 610 0.005
2.05 648 0.005
2.055 691 0.005
2.06 685 0.005
2.065 707 0.005
2.07 778 0.005
2.075 827 0.005
2.08 904 0.005
2.085 913 0.005
2.09 961 0.005
2.095 1068 0.005
2.1 1115 0.005
2.105 1176 0.005
2.11 1283 0.005
2.115 1345 0.005
2.12 1473 0.005
2.125 1580 0.005
2.13 1643 0.005
2.135 1848 0.005
2.14 1991 0.005
2.145 2179 0.005
2.15 2402 0.005
2.155 2551 0.005
2.16 2948 0.005
2.165 3188 0.005
2.17 3723 0.005
2.175 4184 0.005
2.18 4749 0.005
2.185 5412 0.005
2.19 6207 0.005
2.195 7277 0.005
2.2 8362 0.005
2.205 9421 0.005
2.21 10408 0.005
2.215 10846 0.005
2.22 10587 0.005
2.225 9448 0.005
2.23 7644 0.005
2.235 5538 0.005
2.24 3419 0.005
2.245 1939 0.005
2.25 947 0.005
2.255 362 0.005
2.26 111 0.005
2.265 36 0.005
2.27 10 0.005
2.275 1 0.005
2.28 0 0.005
2.285 0 0.005
2.29 0 0.005
2.295 0 0.005
2.3 0 0.005
2.305 0 0.005
2.31 0 0.005
2.315 0 0.005
2.32 0 0.005
2.325 0 0.005
2.33 0 0.005
2.335 0 0.005
2.34 0 0.005
2.345 0 0.005
2.35 0 0.005
2.355 0 0.005
2.36 0 0.005
2.365 0 0.005
2.37 0 0.005
2.375 0 0.005
2.38 0 0.005
2.385 0 0.005
2.39 0 0.005
2.395 0 0.005
2.4 0 0.005
2.405 0 0.005
2.41 0 0.005
2.415 0 0.005
2.42 0 0.005
2.425 0 0.005
2.43 0 0.005
2.435 0 0.005
2.44 0 0.005
2.445 0 0.005
2.45 0 0.005
2.455 0 0.005
2.46 0 0.005
2.465 0 0.005
2.47 0 0.005
2.475 0 0.005
2.48 0 0.005
2.485 0 0.005
2.49 0 0.005
2.495 0 0.005
2.5 0 0.005
2.505 0 0.005
2.51 0 0.005
2.515 0 0.005
2.52 0 0.005
2.525 0 0.005
2.53 0 0.005
2.535 0 0.005
2.54 0 0.005
2.545 0 0.005
2.55 0 0.005
2.555 0 0.005
2.56 0 0.005
2.565 0 0.005
2.57 0 0.005
2.575 0 0.005
2.58 0 0.005
2.585 0 0.005
2.59 0 0.005
2.595 0 0.005
2.6 0 0.005
2.605 0 0.005
2.61 0 0.005
2.615 0 0.005
2.62 0 0.005
2.625 0 0.005
2.63 0 0.005
2.635 0 0.005
2.64 0 0.005
2.645 0 0.005
2.65 0 0.005
2.655 0 0.005
2.66 0 0.005
2.665 0 0.005
2.67 0 0.005
2.675 0 0.005
2.68 0 0.005
2.685 0 0.005
2.69 0 0.005
2.695 0 0.005
2.7 0 0.005
2.705 0 0.005
2.71 0 0.005
2.715 0 0.005
2.72 0 0.005
2.725 0 0.005
2.73 0 0.005
2.735 0 0.005
2.74 0 0.005
2.745 0 0.005
2.75 0 0.005
2.755 0 0.005
2.76 0 0.005
2.765 0 0.005
2.77 0 0.005
2.775 0 0.005
2.78 0 0.005
2.785 0 0.005
2.79 0 0.005
2.795 0 0.005
2.8 0 0.005
2.805 0 0.005
2.81 0 0.005
2.815 0 0.005
2.82 0 0.005
2.825 0 0.005
2.83 0 0.005
2.835 0 0.005
2.84 0 0.005
2.845 0 0.005
2.85 0 0.005
2.855 0 0.005
2.86 0 0.005
2.865 0 0.005
2.87 0 0.005
2.875 0 0.005
2.88 0 0.005
2.885 0 0.005
2.89 0 0.005
2.895 0 0.005
2.9 0 0.005
2.905 0 0.005
2.91 0 0.005
2.915 0 0.005
2.92 0 0.005
2.925 0 0.005
2.93 0 0.005
2.935 0 0.005
2.94 0 0.005
2.945 0 0.005
2.95 0 0.005
2.955 0 0.005
2.96 0 0.005
2.965 0 0.005
2.97 0 0.005
2.975 0 0.005
2.98 0 0.005
2.985 0 0.005
2.99 0 0.005
2.995 0 0.005
3 0 0.005
3.005 0 0.005
3.01 0 0.005
3.015 0 0.005
3.02 0 0.005
3.025 0 0.005
3.03 0 0.005
3.035 0 0.005
3.04 0 0.005
3.045 0 0.005
3.05 0 0.005
3.055 0 0.005
3.06 0 0.005
3.065 0 0.005
3.07 0 0.005
3.075 0 0.005
3.08 0 0.005
3.085 0 0.005
3.09 0 0.005
3.095 0 0.005
3.1 0 0.005
3.105 0 0.005
3.11 0 0.005
3.115 0 0.005
3.12 0 0.005
3.125 0 0.005
3.13 0 0.005
3.135 0 0.005
3.14 0 0.005
3.145 0 0.005
3.15 0 0.005
3.155 0 0.005
3.16 0 0.005
3.165 0 0.005
3.17 0 0.005
3.175 0 0.005
3.18 0 0.005
3.185 0 0.005
3.19 0 0.005
3.195 0 0.005
3.2 0 0.005
3.205 0 0.005
3.21 0 0.005
3.215 0 0.005
3.22 0 0.005
3.225 0 0.005
3.23 0 0.005
3.235 0 0.005
3.24 0 0.005
3.245 0 0.005
3.25 0 0.005
3.255 0 0.005
3.26 0 0.005
3.265 0 0.005
3.27 0 0.005
3.275 0 0.005
3.28 0 0.005
3.285 0 0.005
3.29 0 0.005
3.295 0 0.005
3.3 0 0.005
3.305 0 0.005
3.31 0 0.005
3.315 0 0.005
3.32 0 0.005
3.325 0 0.005
3.33 0 0.005
3.335 0 0.005
3.34 0 0.005
3.345 0 0.005
3.35 0 0.005
3.355 0 0.005
3.36 0 0.005
3.365 0 0.005
3.37 0 0.005
3.375 0 0.005
3.38 0 0.005
3.385 0 0.005
3.39 0 0.005
3.395 0 0.005
3.4 0 0.005
3.405 0 0.005
3.41 0 0.005
3.415 0 0.005
3.42 0 0.005
3.425 0 0.005
3.43 0 0.005
3.435 0 0.005
3.44 0 0.005
3.445 0 0.005
3.45 0 0.005
3.455 0 0.005
3.46 0 0.005
3.465 0 0.005
3.47 0 0.005
3.475 0 0.005
3.48 0 0.005
3.485 0 0.005
3.49 0 0.005
3.495 0 0.005
3.5 0 0.005
3.505 0 0.005
3.51 0 0.005
3.515 0 0.005
3.52 0 0.005
3.525 0 0.005
3.53 0 0.005
3.535 0 0.005
3.54 0 0.005
3.545 0 0.005
3.55 0 0.005
3.555 0 0.005
3.56 0 0.005
3.565 0 0.005
3.57 0 0.005
3.575 0 0.005
3.58 0 0.005
3.585 0 0.005
3.59 0 0.005
3.595 0 0.005
3.6 0 0.005
3.605 0 0.005
3.61 0 0.005
3.615 0 0.005
3.62 0 0.005
3.625 0 0.005
3.63 0 0.005
3.635 0 0.005
3.64 0 0.005
3.645 0 0.005
3.65 0 0.005
3.655 0 0.005
3.66 0 0.005
3.665 0 0.005
3.67 0 0.005
3.675 0 0.005
3.68 0 0.005
3.685 0 0.005
3.69 0 0.005
3.695 0 0.005
3.7 0 0.005
3.705 0 0.005
3.71 0 0.005
3.715 0 0.005
3.72 0 0.005
3.725 0 0.005
3.73 0 0.005
3.735 0 0.005
3.74 0 0.005
3.745 0 0.005
3.75 0 0.005
3.755 0 0.005
3.76 0 0.005
3.765 0 0.005
3.77 0 0.005
3.775 0 0.005
3.78 0 0.005
3.785 0 0.005
3.79 0 0.005
3.795 0 0.005
3.8 0 0.005
3.805 0 0.005
3.81 0 0.005
3.815 0 0.005
3.82 0 0.005
3.825 0 0.005
3.83 0 0.005
3.835 0 0.005
3.84 0 0.005
3.845 0 0.005
3.85 0 0.005
3.855 0 0.005
3.86 0 0.005
3.865 0 0.005
3.87 0 0.005
3.875 0 0.005
3.88 0 0.005
3.885 0 0.005
3.89 0 0.005
3.895 0 0.005
3.9 0 0.005
3.905 0 0.005
3.91 0 0.005
3.915 0 0.005
3.92 0 0.005
3.925 0 0.005
3.93 0 0.005
3.935 0 0.005
3.94 0 0.005
3.945 0 0.005
3.95 0 0.005
3.955 0 0.005
3.96 0 0.005
3.965 0 0.005
3.97 0 0.005
3.975 0 0.005
3.98 0 0.005
3.985 0 0.005
3.99 0 0.005
3.995 0 0.005
