0 0 0.005
0.005 0 0.005
0.01 0 0.005
0.015 0 0.005
0.02 0 0.005
0.025 0 0.005
0.03 0 0.005
0.035 0 0.005
0.04 0 0.005
0.045 0 0.005
0.05 0 0.005
0.055 0 0.005
0.06 0 0.005
0.065 0 0.005
0.07 0 0.005
0.075 0 0.005
0.08 0 0.005
0.085 0 0.005
0.09 0 0.005
0.095 0 0.005
0.1 0 0.005
0.105 0 0.005
0.11 0 0.005
0.115 0 0.005
0.12 0 0.005
0.125 0 0.005
0.13 0 0.005
0.135 0 0.005
0.14 0 0.005
0.145 0 0.005
0.15 0 0.005
0.155 0 0.005
0.16 0 0.005
0.165 0 0.005
0.17 0 0.005
0.175 0 0.005
0.18 0 0.005
0.185 0 0.005
0.19 0 0.005
0.195 0 0.005
0.2 0 0.005
0.205 0 0.005
0.21 0 0.005
0.215 0 0.005
0.22 0 0.005
0.225 0 0.005
0.23 0 0.005
0.235 0 0.005
0.24 0 0.005
0.245 0 0.005
0.25 0 0.005
0.255 0 0.005
0.26 0 0.005
0.265 0 0.005
0.27 0 0.005
0.275 0 0.005
0.28 0 0.005
0.285 0 0.005
0.29 0 0.005
0.295 0 0.005
0.3 0 0.005
0.305 0 0.005
0.31 0 0.005
0.315 0 0.005
0.32 0 0.005
0.325 0 0.005
0.33 0 0.005
0.335 0 0.005
0.34 0 0.005
0.345 0 0.005
0.35 0 0.005
0.355 0 0.005
0.36 0 0.005
0.365 0 0.005
0.37 0 0.005
0.375 0 0.005
0.38 0 0.005
0.385 0 0.005
0.39 0 0.005
0.395 0 0.005
0.4 0 0.005
0.405 0 0.005
0.41 0 0.005
0.415 0 0.005
0.42 0 0.005
0.425 0 0.005
0.43 0 0.005
0.435 0 0.005
0.44 0 0.005
0.445 0 0.005
0.45 0 0.005
0.455 0 0.005
0.46 0 0.005
0.465 0 0.005
0.47 0 0.005
0.475 0 0.005
0.48 0 0.005
0.485 0 0.005
0.49 0 0.005
0.495 0 0.005
0.5 0 0.005
0.505 0 0.005
0.51 0 0.005
0.515 0 0.005
0.52 0 0.005
0.525 0 0.005
0.53 0 0.005
0.535 0 0.005
0.54 0 0.005
0.545 0 0.005
0.55 0 0.005
0.555 0 0.005
0.56 0 0.005
0.565 0 0.005
0.57 0 0.005
0.575 0 0.005
0.58 0 0.005
0.585 0 0.005
0.59 0 0.005
0.595 0 0.005
0.6 0 0.005
0.605 0 0.005
0.61 0 0.005
0.615 0 0.005
0.62 0 0.005
0.625 0 0.005
0.63 0 0.005
0.635 0 0.005
0.64 0 0.005
0.645 0 0.005
0.65 0 0.005
0.655 0 0.005
0.66 0 0.005
0.665 0 0.005
0.67 0 0.005
0.675 0 0.005
0.68 0 0.005
0.685 0 0.005
0.69 0 0.005
0.695 0 0.005
0.7 0 0.005
0.705 0 0.005
0.71 0 0.005
0.715 0 0.005
0.72 0 0.005
0.725 0 0.005
0.73 0 0.005
0.735 0 0.005
0.74 0 0.005
0.745 0 0.005
0.75 0 0.005
0.755 0 0.005
0.76 0 0.005
0.765 0 0.005
0.77 0 0.005
0.775 0 0.005
0.78 0 0.005
0.785 0 0.005
0.79 0 0.005
0.795 0 0.005
0.8 0 0.005
0.805 0 0.005
0.81 0 0.005
0.815 0 0.005
0.82 0 0.005
0.825 0 0.005
0.83 0 0.005
0.835 0 0.005
0.84 0 0.005
0.845 0 0.005
0.85 0 0.005
0.855 0 0.005
0.86 0 0.005
0.865 0 0.005
0.87 0 0.005
0.875 0 0.005
0.88 0 0.005
0.885 0 0.005
0.89 0 0.005
0.895 0 0.005
0.9 0 0.005
0.905 0 0.005
0.91 0 0.005
0.915 0 0.005
0.92 0 0.005
0.925 0 0.005
0.93 0 0.005
0.935 0 0.005
0.94 0 0.005
0.945 0 0.005
0.95 0 0.005
0.955 0 0.005
0.96 0 0.005
0.965 0 0.005
0.97 0 0.005
0.975 0 0.005
0.98 0 0.005
0.985 0 0.005
0.99 0 0.005
0.995 0 0.005
1 0 0.005
1.005 0 0.005
1.01 0 0.005
1.015 0 0.005
1.02 0 0.005
1.025 0 0.005
1.03 0 0.005
1.035 0 0.005
1.04 0 0.005
1.045 0 0.005
1.05 0 0.005
1.055 0 0.005
1.06 0 0.005
1.065 0 0.005
1.07 0 0.005
1.075 0 0.005
1.08 0 0.005
1.085 0 0.005
1.09 0 0.005
1.095 0 0.005
1.1 0 0.005
1.105 0 0.005
1.11 0 0.005
1.115 0 0.005
1.12 0 0.005
1.125 0 0.005
1.13 0 0.005
1.135 0 0.005
1.14 0 0.005
1.145 0 0.005
1.15 0 0.005
1.155 0 0.005
1.16 0 0.005
1.165 0 0.005
1.17 0 0.005
1.175 0 0.005
1.18 0 0.005
1.185 0 0.005
1.19 0 0.005
1.195 0 0.005
1.2 0 0.005
1.205 0 0.005
1.21 0 0.005
1.215 0 0.005
1.22 0 0.005
1.225 0 0.005
1.23 0 0.005
1.235 0 0.005
1.24 0 0.005
1.245 0 0.005
1.25 0 0.005
1.255 0 0.005
1.26 0 0.005
1.265 0 0.005
1.27 0 0.005
1.275 0 0.005
1.28 0 0.005
1.285 0 0.005
1.29 0 0.005
1.295 0 0.005
1.3 0 0.005
1.305 0 0.005
1.31 0 0.005
1.315 0 0.005
1.32 0 0.005
1.325 0 0.005
1.33 0 0.005
1.335 0 0.005
1.34 0 0.005
1.345 0 0.005
1.35 0 0.005
1.355 0 0.005
1.36 0 0.005
1.365 0 0.005
1.37 0 0.005
1.375 0 0.005
1.38 0 0.005
1.385 0 0.005
1.39 0 0.005
1.395 0 0.005
1.4 0 0.005
1.405 0 0.005
1.41 0 0.005
1.415 0 0.005
1.42 1 0.005
1.425 0 0.005
1.43 0 0.005
1.435 1 0.005
1.44 0 0.005
1.445 3 0.005
1.45 1 0.005
1.455 1 0.005
1.46 0 0.005
1.465 1 0.005
1.47 0 0.005
1.475 0 0.005
1.48 0 0.005
1.485 1 0.005
1.49 4 0.005
1.495 0 0.005
1.5 0 0.005
1.505 2 0.005
1.51 1 0.005
1.515 1 0.005
1.52 2 0.005
1.525 1 0.005
1.53 0 0.005
1.535 1 0.005
1.54 3 0.005
1.545 1 0.005
1.55 3 0.005
1.555 5 0.005
1.56 5 0.005
1.565 5 0.005
1.57 6 0.005
1.575 5 0.005
1.58 4 0.005
1.585 5 0.005
1.59 6 0.005
1.595 5 0.005
1.6 4 0.005
1.605 6 0.005
1.61 4 0.005
1.615 5 0.005
1.62 6 0.005
1.625 6 0.005
1.63 5 0.005
1.635 6 0.005
1.64 7 0.005
1.645 7 0.005
1.65 2 0.005
1.655 5 0.005
1.66 8 0.005
1.665 9 0.005
1.67 5 0.005
1.675 9 0.005
1.68 7 0.005
1.685 7 0.005
1.69 6 0.005
1.695 18 0.005
1.7 8 0.005
1.705 6 0.005
1.71 14 0.005
1.715 7 0.005
1.72 15 0.005
1.725 12 0.005
1.73 10 0.005
1.735 9 0.005
1.74 13 0.005
1.745 12 0.005
1.75 11 0.005
1.755 16 0.005
1.76 16 0.005
1.765 17 0.005
1.77 18 0.005
1.775 21 0.005
1.78 14 0.005
1.785 16 0.005
1.79 18 0.005
1.795 12 0.005
1.8 26 0.005
1.805 22 0.005
1.81 22 0.005
1.815 20 0.005
1.82 22 0.005
1.825 26 0.005
1.83 16 0.005
1.835 24 0.005
1.84 29 0.005
1.845 28 0.005
1.85 31 0.005
1.855 28 0.005
1.86 28 0.005
1.865 28 0.005
1.87 31 0.005
1.875 29 0.005
1.88 33 0.005
1.885 27 0.005
1.89 36 0.005
1.895 33 0.005
1.9 45 0.005
1.905 38 0.005
1.91 39 0.005
1.915 31 0.005
1.92 43 0.005
1.925 41 0.005
1.93 31 0.005
1.935 25 0.005
1.94 36 0.005
1.945 48 0.005
1.95 48 0.005
1.955 45 0.005
1.96 41 0.005
1.965 52 0.005
1.97 51 0.005
1.975 45 0.005
1.98 52 0.005
1.985 66 0.005
1.99 46 0.005
1.995 66 0.005
2 62 0.005
2.005 54 0.005
2.01 70 0.005
2.015 60 0.005
2.02 64 0.005
2.025 60 0.005
2.03 84 0.005
2.035 63 0.005
2.04 74 0.005
2.045 61 0.005
2.05 78 0.005
2.055 67 0.005
2.06 65 0.005
2.065 93 0.005
2.07 74 0.005
2.075 80 0.005
2.08 104 0.005
2.085 86 0.005
2.09 102 0.005
2.095 94 0.005
2.1 91 0.005
2.105 94 0.005
2.11 97 0.005
2.115 114 0.005
2.12 94 0.005
2.125 118 0.005
2.13 123 0.005
2.135 113 0.005
2.14 115 0.005
2.145 126 0.005
2.15 141 0.005
2.155 134 0.005
2.16 133 0.005
2.165 143 0.005
2.17 130 0.005
2.175 174 0.005
2.18 158 0.005
2.185 144 0.005
2.19 147 0.005
2.195 172 0.005
2.2 188 0.005
2.205 173 0.005
2.21 177 0.005
2.215 194 0.005
2.22 174 0.005
2.225 196 0.005
2.23 206 0.005
2.235 185 0.005
2.24 238 0.005
2.245 220 0.005
2.25 225 0.005
2.255 230 0.005
2.26 236 0.005
2.265 281 0.005
2.27 268 0.005
2.275 269 0.005
2.28 307 0.005
2.285 305 0.005
2.29 303 0.005
2.295 308 0.005
2.3 338 0.005
2.305 341 0.005
2.31 352 0.005
2.315 385 0.005
2.32 393 0.005
2.325 454 0.005
2.33 415 0.005
2.335 454 0.005
2.34 531 0.005
2.345 525 0.005
2.35 516 0.005
2.355 552 0.005
2.36 616 0.005
2.365 648 0.005
2.37 663 0.005
2.375 707 0.005
2.38 713 0.005
2.385 830 0.005
2.39 838 0.005
2.395 912 0.005
2.4 1086 0.005
2.405 1060 0.005
2.41 1221 0.005
2.415 1295 0.005
2.42 1443 0.005
2.425 1557 0.005
2.43 1756 0.005
2.435 1897 0.005
2.44 2259 0.005
2.445 2721 0.005
2.45 3002 0.005
2.455 3632 0.005
2.46 4141 0.005
2.465 4809 0.005
2.47 5357 0.005
2.475 5914 0.005
2.48 6193 0.005
2.485 6105 0.005
2.49 6069 0.005
2.495 5427 0.005
2.5 4741 0.005
2.505 3798 0.005
2.51 2846 0.005
2.515 2002 0.005
2.52 1385 0.005
2.525 879 0.005
2.53 608 0.005
2.535 537 0.005
2.54 508 0.005
2.545 517 0.005
2.55 507 0.005
2.555 552 0.005
2.56 566 0.005
2.565 655 0.005
2.57 682 0.005
2.575 731 0.005
2.58 773 0.005
2.585 869 0.005
2.59 902 0.005
2.595 979 0.005
2.6 1098 0.005
2.605 1200 0.005
2.61 1316 0.005
2.615 1515 0.005
2.62 1660 0.005
2.625 1881 0.005
2.63 2217 0.005
2.635 2559 0.005
2.64 2897 0.005
2.645 3296 0.005
2.65 3872 0.005
2.655 4509 0.005
2.66 4797 0.005
2.665 5462 0.005
2.67 5349 0.005
2.675 5340 0.005
2.68 5074 0.005
2.685 4409 0.005
2.69 3691 0.005
2.695 2793 0.005
2.7 1944 0.005
2.705 1259 0.005
2.71 741 0.005
2.715 406 0.005
2.72 198 0.005
2.725 96 0.005
2.73 37 0.005
2.735 13 0.005
2.74 2 0.005
2.745 3 0.005
2.75 0 0.005
2.755 0 0.005
2.76 0 0.005
2.765 0 0.005
2.77 0 0.005
2.775 0 0.005
2.78 0 0.005
2.785 0 0.005
2.79 0 0.005
2.795 0 0.005
2.8 0 0.005
2.805 0 0.005
2.81 0 0.005
2.815 0 0.005
2.82 0 0.005
2.825 0 0.005
2.83 0 0.005
2.835 0 0.005
2.84 0 0.005
2.845 0 0.005
2.85 0 0.005
2.855 0 0.005
2.86 0 0.005
2.865 0 0.005
2.87 0 0.005
2.875 0 0.005
2.88 0 0.005
2.885 0 0.005
2.89 0 0.005
2.895 0 0.005
2.9 0 0.005
2.905 0 0.005
2.91 0 0.005
2.915 0 0.005
2.92 0 0.005
2.925 0 0.005
2.93 0 0.005
2.935 0 0.005
2.94 0 0.005
2.945 0 0.005
2.95 0 0.005
2.955 0 0.005
2.96 0 0.005
2.965 0 0.005
2.97 0 0.005
2.975 0 0.005
2.98 0 0.005
2.985 0 0.005
2.99 0 0.005
2.995 0 0.005
3 0 0.005
3.005 0 0.005
3.01 0 0.005
3.015 0 0.005
3.02 0 0.005
3.025 0 0.005
3.03 0 0.005
3.035 0 0.005
3.04 0 0.005
3.045 0 0.005
3.05 0 0.005
3.055 0 0.005
3.06 0 0.005
3.065 0 0.005
3.07 0 0.005
3.075 0 0.005
3.08 0 0.005
3.085 0 0.005
3.09 0 0.005
3.095 0 0.005
3.1 0 0.005
3.105 0 0.005
3.11 0 0.005
3.115 0 0.005
3.12 0 0.005
3.125 0 0.005
3.13 0 0.005
3.135 0 0.005
3.14 0 0.005
3.145 0 0.005
3.15 0 0.005
3.155 0 0.005
3.16 0 0.005
3.165 0 0.005
3.17 0 0.005
3.175 0 0.005
3.18 0 0.005
3.185 0 0.005
3.19 0 0.005
3.195 0 0.005
3.2 0 0.005
3.205 0 0.005
3.21 0 0.005
3.215 0 0.005
3.22 0 0.005
3.225 0 0.005
3.23 0 0.005
3.235 0 0.005
3.24 0 0.005
3.245 0 0.005
3.25 0 0.005
3.255 0 0.005
3.26 0 0.005
3.265 0 0.005
3.27 0 0.005
3.275 0 0.005
3.28 0 0.005
3.285 0 0.005
3.29 0 0.005
3.295 0 0.005
3.3 0 0.005
3.305 0 0.005
3.31 0 0.005
3.315 0 0.005
3.32 0 0.005
3.325 0 0.005
3.33 0 0.005
3.335 0 0.005
3.34 0 0.005
3.345 0 0.005
3.35 0 0.005
3.355 0 0.005
3.36 0 0.005
3.365 0 0.005
3.37 0 0.005
3.375 0 0.005
3.38 0 0.005
3.385 0 0.005
3.39 0 0.005
3.395 0 0.005
3.4 0 0.005
3.405 0 0.005
3.41 0 0.005
3.415 0 0.005
3.42 0 0.005
3.425 0 0.005
3.43 0 0.005
3.435 0 0.005
3.44 0 0.005
3.445 0 0.005
3.45 0 0.005
3.455 0 0.005
3.46 0 0.005
3.465 0 0.005
3.47 0 0.005
3.475 0 0.005
3.48 0 0.005
3.485 0 0.005
3.49 0 0.005
3.495 0 0.005
3.5 0 0.005
3.505 0 0.005
3.51 0 0.005
3.515 0 0.005
3.52 0 0.005
3.525 0 0.005
3.53 0 0.005
3.535 0 0.005
3.54 0 0.005
3.545 0 0.005
3.55 0 0.005
3.555 0 0.005
3.56 0 0.005
3.565 0 0.005
3.57 0 0.005
3.575 0 0.005
3.58 0 0.005
3.585 0 0.005
3.59 0 0.005
3.595 0 0.005
3.6 0 0.005
3.605 0 0.005
3.61 0 0.005
3.615 0 0.005
3.62 0 0.005
3.625 0 0.005
3.63 0 0.005
3.635 0 0.005
3.64 0 0.005
3.645 0 0.005
3.65 0 0.005
3.655 0 0.005
3.66 0 0.005
3.665 0 0.005
3.67 0 0.005
3.675 0 0.005
3.68 0 0.005
3.685 0 0.005
3.69 0 0.005
3.695 0 0.005
3.7 0 0.005
3.705 0 0.005
3.71 0 0.005
3.715 0 0.005
3.72 0 0.005
3.725 0 0.005
3.73 0 0.005
3.735 0 0.005
3.74 0 0.005
3.745 0 0.005
3.75 0 0.005
3.755 0 0.005
3.76 0 0.005
3.765 0 0.005
3.77 0 0.005
3.775 0 0.005
3.78 0 0.005
3.785 0 0.005
3.79 0 0.005
3.795 0 0.005
3.8 0 0.005
3.805 0 0.005
3.81 0 0.005
3.815 0 0.005
3.82 0 0.005
3.825 0 0.005
3.83 0 0.005
3.835 0 0.005
3.84 0 0.005
3.845 0 0.005
3.85 0 0.005
3.855 0 0.005
3.86 0 0.005
3.865 0 0.005
3.87 0 0.005
3.875 0 0.005
3.88 0 0.005
3.885 0 0.005
3.89 0 0.005
3.895 0 0.005
3.9 0 0.005
3.905 0 0.005
3.91 0 0.005
3.915 0 0.005
3.92 0 0.005
3.925 0 0.005
3.93 0 0.005
3.935 0 0.005
3.94 0 0.005
3.945 0 0.005
3.95 0 0.005
3.955 0 0.005
3.96 0 0.005
3.965 0 0.005
3.97 0 0.005
3.975 0 0.005
3.98 0 0.005
3.985 0 0.005
3.99 0 0.005
3.995 0 0.005
