0 0 0.01 0
0.01 0 0.01 0
0.02 0 0.01 0
0.03 1 0.01 1
0.04 12 0.01 3.4641
0.05 41 0.01 6.40312
0.06 157 0.01 12.53
0.07 1085 0.01 32.9393
0.08 2373 0.01 48.7134
0.09 4729 0.01 68.7677
0.1 7310 0.01 85.4985
0.11 9305 0.01 96.4624
0.12 10563 0.01 102.776
0.13 11763 0.01 108.457
0.14 12385 0.01 111.288
0.15 12961 0.01 113.846
0.16 12601 0.01 112.254
0.17 12275 0.01 110.793
0.18 12032 0.01 109.69
0.19 11484 0.01 107.163
0.2 10756 0.01 103.711
0.21 10354 0.01 101.755
0.22 9910 0.01 99.549
0.23 9036 0.01 95.0579
0.24 8579 0.01 92.6229
0.25 8245 0.01 90.802
0.26 7755 0.01 88.0625
0.27 7320 0.01 85.557
0.28 7005 0.01 83.6959
0.29 6649 0.01 81.5414
0.3 6154 0.01 78.4474
0.31 6057 0.01 77.8267
0.32 5722 0.01 75.6439
0.33 5536 0.01 74.4043
0.34 5297 0.01 72.7805
0.35 5209 0.01 72.1734
0.36 4944 0.01 70.3136
0.37 4817 0.01 69.4046
0.38 4824 0.01 69.455
0.39 4619 0.01 67.9632
0.4 4474 0.01 66.888
0.41 4390 0.01 66.2571
0.42 4262 0.01 65.284
0.43 4112 0.01 64.1249
0.44 4028 0.01 63.4665
0.45 4043 0.01 63.5846
0.46 3767 0.01 61.3759
0.47 3656 0.01 60.4649
0.48 3547 0.01 59.5567
0.49 3526 0.01 59.3801
0.5 3368 0.01 58.0345
0.51 3355 0.01 57.9224
0.52 3319 0.01 57.6108
0.53 3195 0.01 56.5243
0.54 3143 0.01 56.0625
0.55 3044 0.01 55.1725
0.56 2894 0.01 53.7959
0.57 2876 0.01 53.6284
0.58 2835 0.01 53.2447
0.59 2620 0.01 51.1859
0.6 2402 0.01 49.0102
0.61 2280 0.01 47.7493
0.62 2034 0.01 45.0999
0.63 1988 0.01 44.587
0.64 1754 0.01 41.8808
0.65 1667 0.01 40.8289
0.66 1444 0.01 38
0.67 1269 0.01 35.623
0.68 1097 0.01 33.121
0.69 858 0.01 29.2916
0.7 752 0.01 27.4226
0.71 681 0.01 26.096
0.72 559 0.01 23.6432
0.73 428 0.01 20.6882
0.74 337 0.01 18.3576
0.75 265 0.01 16.2788
0.76 219 0.01 14.7986
0.77 193 0.01 13.8924
0.78 142 0.01 11.9164
0.79 112 0.01 10.583
0.8 108 0.01 10.3923
0.81 86 0.01 9.27362
0.82 64 0.01 8
0.83 70 0.01 8.3666
0.84 49 0.01 7
0.85 45 0.01 6.7082
0.86 46 0.01 6.78233
0.87 34 0.01 5.83095
0.88 36 0.01 6
0.89 26 0.01 5.09902
0.9 36 0.01 6
0.91 24 0.01 4.89898
0.92 28 0.01 5.2915
0.93 21 0.01 4.58258
0.94 28 0.01 5.2915
0.95 28 0.01 5.2915
0.96 28 0.01 5.2915
0.97 19 0.01 4.3589
0.98 16 0.01 4
0.99 32 0.01 5.65685
1 23 0.01 4.79583
1.01 22 0.01 4.69042
1.02 23 0.01 4.79583
1.03 24 0.01 4.89898
1.04 16 0.01 4
1.05 14 0.01 3.74166
1.06 20 0.01 4.47214
1.07 24 0.01 4.89898
1.08 20 0.01 4.47214
1.09 18 0.01 4.24264
1.1 17 0.01 4.12311
1.11 14 0.01 3.74166
1.12 18 0.01 4.24264
1.13 19 0.01 4.3589
1.14 20 0.01 4.47214
1.15 16 0.01 4
1.16 9 0.01 3
1.17 18 0.01 4.24264
1.18 11 0.01 3.31662
1.19 6 0.01 2.44949
1.2 22 0.01 4.69042
1.21 13 0.01 3.60555
1.22 21 0.01 4.58258
1.23 23 0.01 4.79583
1.24 8 0.01 2.82843
1.25 10 0.01 3.16228
1.26 12 0.01 3.4641
1.27 15 0.01 3.87298
1.28 11 0.01 3.31662
1.29 13 0.01 3.60555
1.3 11 0.01 3.31662
1.31 7 0.01 2.64575
1.32 12 0.01 3.4641
1.33 13 0.01 3.60555
1.34 11 0.01 3.31662
1.35 8 0.01 2.82843
1.36 8 0.01 2.82843
1.37 10 0.01 3.16228
1.38 8 0.01 2.82843
1.39 12 0.01 3.4641
1.4 7 0.01 2.64575
1.41 8 0.01 2.82843
1.42 7 0.01 2.64575
1.43 15 0.01 3.87298
1.44 6 0.01 2.44949
1.45 10 0.01 3.16228
1.46 10 0.01 3.16228
1.47 6 0.01 2.44949
1.48 7 0.01 2.64575
1.49 12 0.01 3.4641
1.5 4 0.01 2
1.51 7 0.01 2.64575
1.52 12 0.01 3.4641
1.53 7 0.01 2.64575
1.54 7 0.01 2.64575
1.55 5 0.01 2.23607
1.56 5 0.01 2.23607
1.57 7 0.01 2.64575
1.58 7 0.01 2.64575
1.59 6 0.01 2.44949
1.6 3 0.01 1.73205
1.61 1 0.01 1
1.62 5 0.01 2.23607
1.63 2 0.01 1.41421
1.64 3 0.01 1.73205
1.65 2 0.01 1.41421
1.66 4 0.01 2
1.67 4 0.01 2
1.68 7 0.01 2.64575
1.69 2 0.01 1.41421
1.7 2 0.01 1.41421
1.71 1 0.01 1
1.72 2 0.01 1.41421
1.73 6 0.01 2.44949
1.74 4 0.01 2
1.75 1 0.01 1
1.76 3 0.01 1.73205
1.77 2 0.01 1.41421
1.78 1 0.01 1
1.79 4 0.01 2
1.8 2 0.01 1.41421
1.81 2 0.01 1.41421
1.82 1 0.01 1
1.83 0 0.01 0
1.84 0 0.01 0
1.85 2 0.01 1.41421
1.86 1 0.01 1
1.87 0 0.01 0
1.88 1 0.01 1
1.89 1 0.01 1
1.9 0 0.01 0
1.91 3 0.01 1.73205
1.92 0 0.01 0
1.93 1 0.01 1
1.94 2 0.01 1.41421
1.95 0 0.01 0
1.96 3 0.01 1.73205
1.97 0 0.01 0
1.98 1 0.01 1
1.99 0 0.01 0
2 2 0.01 1.41421
2.01 1 0.01 1
2.02 1 0.01 1
2.03 0 0.01 0
2.04 1 0.01 1
2.05 0 0.01 0
2.06 2 0.01 1.41421
2.07 1 0.01 1
2.08 0 0.01 0
2.09 0 0.01 0
2.1 0 0.01 0
2.11 0 0.01 0
2.12 1 0.01 1
2.13 2 0.01 1.41421
2.14 0 0.01 0
2.15 0 0.01 0
2.16 0 0.01 0
2.17 0 0.01 0
2.18 0 0.01 0
2.19 0 0.01 0
2.2 1 0.01 1
2.21 0 0.01 0
2.22 0 0.01 0
2.23 0 0.01 0
2.24 0 0.01 0
2.25 0 0.01 0
2.26 0 0.01 0
2.27 0 0.01 0
2.28 0 0.01 0
2.29 0 0.01 0
2.3 0 0.01 0
2.31 0 0.01 0
2.32 0 0.01 0
2.33 0 0.01 0
2.34 0 0.01 0
2.35 0 0.01 0
2.36 0 0.01 0
2.37 0 0.01 0
2.38 0 0.01 0
2.39 0 0.01 0
2.4 0 0.01 0
2.41 0 0.01 0
2.42 0 0.01 0
2.43 0 0.01 0
2.44 0 0.01 0
2.45 0 0.01 0
2.46 0 0.01 0
2.47 0 0.01 0
2.48 0 0.01 0
2.49 0 0.01 0
2.5 0 0.01 0
2.51 0 0.01 0
2.52 0 0.01 0
2.53 0 0.01 0
2.54 0 0.01 0
2.55 0 0.01 0
2.56 0 0.01 0
2.57 0 0.01 0
2.58 0 0.01 0
2.59 0 0.01 0
2.6 0 0.01 0
2.61 0 0.01 0
2.62 0 0.01 0
2.63 0 0.01 0
2.64 0 0.01 0
2.65 0 0.01 0
2.66 0 0.01 0
2.67 0 0.01 0
2.68 0 0.01 0
2.69 0 0.01 0
2.7 0 0.01 0
2.71 0 0.01 0
2.72 0 0.01 0
2.73 0 0.01 0
2.74 0 0.01 0
2.75 0 0.01 0
2.76 0 0.01 0
2.77 0 0.01 0
2.78 0 0.01 0
2.79 0 0.01 0
2.8 0 0.01 0
2.81 0 0.01 0
2.82 0 0.01 0
2.83 0 0.01 0
2.84 1 0.01 1
2.85 0 0.01 0
2.86 0 0.01 0
2.87 0 0.01 0
2.88 0 0.01 0
2.89 0 0.01 0
2.9 0 0.01 0
2.91 0 0.01 0
2.92 0 0.01 0
2.93 0 0.01 0
2.94 0 0.01 0
2.95 0 0.01 0
2.96 0 0.01 0
2.97 0 0.01 0
2.98 0 0.01 0
2.99 0 0.01 0
3 0 0.01 0
3.01 0 0.01 0
3.02 0 0.01 0
3.03 0 0.01 0
3.04 0 0.01 0
3.05 0 0.01 0
3.06 0 0.01 0
3.07 0 0.01 0
3.08 0 0.01 0
3.09 0 0.01 0
3.1 0 0.01 0
3.11 0 0.01 0
3.12 0 0.01 0
3.13 0 0.01 0
3.14 0 0.01 0
3.15 0 0.01 0
3.16 0 0.01 0
3.17 0 0.01 0
3.18 0 0.01 0
3.19 0 0.01 0
3.2 0 0.01 0
3.21 0 0.01 0
3.22 0 0.01 0
3.23 0 0.01 0
3.24 0 0.01 0
3.25 0 0.01 0
3.26 0 0.01 0
3.27 0 0.01 0
3.28 0 0.01 0
3.29 0 0.01 0
3.3 0 0.01 0
3.31 0 0.01 0
3.32 0 0.01 0
3.33 0 0.01 0
3.34 0 0.01 0
3.35 0 0.01 0
3.36 0 0.01 0
3.37 0 0.01 0
3.38 0 0.01 0
3.39 0 0.01 0
3.4 0 0.01 0
3.41 0 0.01 0
3.42 0 0.01 0
3.43 0 0.01 0
3.44 0 0.01 0
3.45 0 0.01 0
3.46 0 0.01 0
3.47 0 0.01 0
3.48 0 0.01 0
3.49 0 0.01 0
