0 0 0.01 0
0.01 0 0.01 0
0.02 2 0.01 1.41421
0.03 95 0.01 9.74679
0.04 3252 0.01 57.0263
0.05 10985 0.01 104.809
0.06 17627 0.01 132.767
0.07 20487 0.01 143.133
0.08 22299 0.01 149.328
0.09 22144 0.01 148.809
0.1 21697 0.01 147.299
0.11 20434 0.01 142.948
0.12 19184 0.01 138.506
0.13 17459 0.01 132.133
0.14 15801 0.01 125.702
0.15 14798 0.01 121.647
0.16 13648 0.01 116.825
0.17 12379 0.01 111.261
0.18 11318 0.01 106.386
0.19 10537 0.01 102.65
0.2 10011 0.01 100.055
0.21 9253 0.01 96.1925
0.22 8515 0.01 92.2768
0.23 8066 0.01 89.8109
0.24 7761 0.01 88.0965
0.25 7357 0.01 85.773
0.26 6880 0.01 82.9458
0.27 6578 0.01 81.1049
0.28 6137 0.01 78.339
0.29 5854 0.01 76.5114
0.3 5270 0.01 72.5948
0.31 4826 0.01 69.4694
0.32 4412 0.01 66.4229
0.33 4006 0.01 63.293
0.34 3556 0.01 59.6322
0.35 3009 0.01 54.8544
0.36 2654 0.01 51.517
0.37 2272 0.01 47.6655
0.38 1824 0.01 42.7083
0.39 1552 0.01 39.3954
0.4 1311 0.01 36.2077
0.41 1026 0.01 32.0312
0.42 909 0.01 30.1496
0.43 691 0.01 26.2869
0.44 577 0.01 24.0208
0.45 468 0.01 21.6333
0.46 331 0.01 18.1934
0.47 312 0.01 17.6635
0.48 250 0.01 15.8114
0.49 212 0.01 14.5602
0.5 181 0.01 13.4536
0.51 149 0.01 12.2066
0.52 128 0.01 11.3137
0.53 84 0.01 9.16515
0.54 65 0.01 8.06226
0.55 57 0.01 7.54983
0.56 47 0.01 6.85565
0.57 43 0.01 6.55744
0.58 36 0.01 6
0.59 38 0.01 6.16441
0.6 27 0.01 5.19615
0.61 22 0.01 4.69042
0.62 25 0.01 5
0.63 17 0.01 4.12311
0.64 19 0.01 4.3589
0.65 24 0.01 4.89898
0.66 22 0.01 4.69042
0.67 15 0.01 3.87298
0.68 14 0.01 3.74166
0.69 9 0.01 3
0.7 6 0.01 2.44949
0.71 8 0.01 2.82843
0.72 5 0.01 2.23607
0.73 8 0.01 2.82843
0.74 5 0.01 2.23607
0.75 6 0.01 2.44949
0.76 4 0.01 2
0.77 4 0.01 2
0.78 7 0.01 2.64575
0.79 8 0.01 2.82843
0.8 8 0.01 2.82843
0.81 3 0.01 1.73205
0.82 4 0.01 2
0.83 2 0.01 1.41421
0.84 2 0.01 1.41421
0.85 2 0.01 1.41421
0.86 4 0.01 2
0.87 4 0.01 2
0.88 1 0.01 1
0.89 3 0.01 1.73205
0.9 3 0.01 1.73205
0.91 2 0.01 1.41421
0.92 1 0.01 1
0.93 0 0.01 0
0.94 2 0.01 1.41421
0.95 1 0.01 1
0.96 0 0.01 0
0.97 1 0.01 1
0.98 2 0.01 1.41421
0.99 2 0.01 1.41421
1 1 0.01 1
1.01 1 0.01 1
1.02 2 0.01 1.41421
1.03 1 0.01 1
1.04 1 0.01 1
1.05 2 0.01 1.41421
1.06 1 0.01 1
1.07 1 0.01 1
1.08 2 0.01 1.41421
1.09 0 0.01 0
1.1 0 0.01 0
1.11 1 0.01 1
1.12 0 0.01 0
1.13 0 0.01 0
1.14 4 0.01 2
1.15 1 0.01 1
1.16 1 0.01 1
1.17 0 0.01 0
1.18 1 0.01 1
1.19 3 0.01 1.73205
1.2 0 0.01 0
1.21 0 0.01 0
1.22 1 0.01 1
1.23 0 0.01 0
1.24 0 0.01 0
1.25 0 0.01 0
1.26 0 0.01 0
1.27 0 0.01 0
1.28 0 0.01 0
1.29 2 0.01 1.41421
1.3 0 0.01 0
1.31 1 0.01 1
1.32 2 0.01 1.41421
1.33 0 0.01 0
1.34 1 0.01 1
1.35 1 0.01 1
1.36 0 0.01 0
1.37 0 0.01 0
1.38 0 0.01 0
1.39 1 0.01 1
1.4 0 0.01 0
1.41 0 0.01 0
1.42 0 0.01 0
1.43 1 0.01 1
1.44 0 0.01 0
1.45 1 0.01 1
1.46 0 0.01 0
1.47 1 0.01 1
1.48 0 0.01 0
1.49 0 0.01 0
1.5 0 0.01 0
1.51 0 0.01 0
1.52 0 0.01 0
1.53 0 0.01 0
1.54 0 0.01 0
1.55 0 0.01 0
1.56 0 0.01 0
1.57 0 0.01 0
1.58 0 0.01 0
1.59 1 0.01 1
1.6 0 0.01 0
1.61 0 0.01 0
1.62 0 0.01 0
1.63 0 0.01 0
1.64 0 0.01 0
1.65 0 0.01 0
1.66 0 0.01 0
1.67 0 0.01 0
1.68 0 0.01 0
1.69 0 0.01 0
1.7 0 0.01 0
1.71 0 0.01 0
1.72 0 0.01 0
1.73 0 0.01 0
1.74 0 0.01 0
1.75 1 0.01 1
1.76 0 0.01 0
1.77 0 0.01 0
1.78 0 0.01 0
1.79 0 0.01 0
1.8 0 0.01 0
1.81 0 0.01 0
1.82 0 0.01 0
1.83 0 0.01 0
1.84 0 0.01 0
1.85 0 0.01 0
1.86 0 0.01 0
1.87 0 0.01 0
1.88 0 0.01 0
1.89 0 0.01 0
1.9 0 0.01 0
1.91 0 0.01 0
1.92 0 0.01 0
1.93 0 0.01 0
1.94 0 0.01 0
1.95 0 0.01 0
1.96 0 0.01 0
1.97 0 0.01 0
1.98 0 0.01 0
1.99 0 0.01 0
2 0 0.01 0
2.01 0 0.01 0
2.02 0 0.01 0
2.03 0 0.01 0
2.04 0 0.01 0
2.05 0 0.01 0
2.06 0 0.01 0
2.07 0 0.01 0
2.08 0 0.01 0
2.09 0 0.01 0
2.1 0 0.01 0
2.11 0 0.01 0
2.12 0 0.01 0
2.13 0 0.01 0
2.14 0 0.01 0
2.15 0 0.01 0
2.16 0 0.01 0
2.17 0 0.01 0
2.18 0 0.01 0
2.19 0 0.01 0
2.2 0 0.01 0
2.21 0 0.01 0
2.22 0 0.01 0
2.23 0 0.01 0
2.24 0 0.01 0
2.25 0 0.01 0
2.26 0 0.01 0
2.27 0 0.01 0
2.28 0 0.01 0
2.29 0 0.01 0
2.3 0 0.01 0
2.31 0 0.01 0
2.32 0 0.01 0
2.33 0 0.01 0
2.34 0 0.01 0
2.35 0 0.01 0
2.36 0 0.01 0
2.37 0 0.01 0
2.38 0 0.01 0
2.39 0 0.01 0
2.4 0 0.01 0
2.41 0 0.01 0
2.42 0 0.01 0
2.43 0 0.01 0
2.44 0 0.01 0
2.45 0 0.01 0
2.46 0 0.01 0
2.47 0 0.01 0
2.48 0 0.01 0
2.49 0 0.01 0
2.5 0 0.01 0
2.51 0 0.01 0
2.52 0 0.01 0
2.53 0 0.01 0
2.54 0 0.01 0
2.55 0 0.01 0
2.56 0 0.01 0
2.57 0 0.01 0
2.58 0 0.01 0
2.59 0 0.01 0
2.6 0 0.01 0
2.61 0 0.01 0
2.62 0 0.01 0
2.63 0 0.01 0
2.64 0 0.01 0
2.65 0 0.01 0
2.66 0 0.01 0
2.67 0 0.01 0
2.68 0 0.01 0
2.69 0 0.01 0
2.7 0 0.01 0
2.71 0 0.01 0
2.72 0 0.01 0
2.73 0 0.01 0
2.74 0 0.01 0
2.75 0 0.01 0
2.76 0 0.01 0
2.77 0 0.01 0
2.78 0 0.01 0
2.79 0 0.01 0
2.8 0 0.01 0
2.81 0 0.01 0
2.82 0 0.01 0
2.83 0 0.01 0
2.84 0 0.01 0
2.85 0 0.01 0
2.86 0 0.01 0
2.87 0 0.01 0
2.88 0 0.01 0
2.89 0 0.01 0
2.9 0 0.01 0
2.91 0 0.01 0
2.92 0 0.01 0
2.93 0 0.01 0
2.94 0 0.01 0
2.95 0 0.01 0
2.96 0 0.01 0
2.97 0 0.01 0
2.98 0 0.01 0
2.99 0 0.01 0
3 0 0.01 0
3.01 0 0.01 0
3.02 0 0.01 0
3.03 0 0.01 0
3.04 0 0.01 0
3.05 0 0.01 0
3.06 0 0.01 0
3.07 0 0.01 0
3.08 0 0.01 0
3.09 0 0.01 0
3.1 0 0.01 0
3.11 0 0.01 0
3.12 0 0.01 0
3.13 0 0.01 0
3.14 0 0.01 0
3.15 0 0.01 0
3.16 0 0.01 0
3.17 0 0.01 0
3.18 0 0.01 0
3.19 0 0.01 0
3.2 0 0.01 0
3.21 0 0.01 0
3.22 0 0.01 0
3.23 0 0.01 0
3.24 0 0.01 0
3.25 0 0.01 0
3.26 0 0.01 0
3.27 0 0.01 0
3.28 0 0.01 0
3.29 0 0.01 0
3.3 0 0.01 0
3.31 0 0.01 0
3.32 0 0.01 0
3.33 0 0.01 0
3.34 0 0.01 0
3.35 0 0.01 0
3.36 0 0.01 0
3.37 0 0.01 0
3.38 0 0.01 0
3.39 0 0.01 0
3.4 0 0.01 0
3.41 0 0.01 0
3.42 0 0.01 0
3.43 0 0.01 0
3.44 0 0.01 0
3.45 0 0.01 0
3.46 0 0.01 0
3.47 0 0.01 0
3.48 0 0.01 0
3.49 0 0.01 0
