0 0 0.01 0
0.01 0 0.01 0
0.02 0 0.01 0
0.03 0 0.01 0
0.04 1 0.01 1
0.05 16 0.01 4
0.06 117 0.01 10.8167
0.07 1437 0.01 37.9078
0.08 2610 0.01 51.0882
0.09 6159 0.01 78.4793
0.1 9343 0.01 96.6592
0.11 11703 0.01 108.18
0.12 13394 0.01 115.732
0.13 14424 0.01 120.1
0.14 15360 0.01 123.935
0.15 15640 0.01 125.06
0.16 15214 0.01 123.345
0.17 14792 0.01 121.622
0.18 14087 0.01 118.689
0.19 13477 0.01 116.09
0.2 12732 0.01 112.836
0.21 11925 0.01 109.202
0.22 11404 0.01 106.79
0.23 10488 0.01 102.411
0.24 9779 0.01 98.8888
0.25 9154 0.01 95.6765
0.26 8740 0.01 93.488
0.27 8218 0.01 90.6532
0.28 7762 0.01 88.1022
0.29 7410 0.01 86.0814
0.3 6899 0.01 83.0602
0.31 6571 0.01 81.0617
0.32 6210 0.01 78.8036
0.33 5991 0.01 77.4016
0.34 5606 0.01 74.8732
0.35 5549 0.01 74.4916
0.36 5271 0.01 72.6017
0.37 5049 0.01 71.0563
0.38 4826 0.01 69.4694
0.39 4791 0.01 69.217
0.4 4559 0.01 67.5204
0.41 4328 0.01 65.7875
0.42 4153 0.01 64.4438
0.43 4091 0.01 63.9609
0.44 3978 0.01 63.0714
0.45 3844 0.01 62
0.46 3838 0.01 61.9516
0.47 3771 0.01 61.4085
0.48 3677 0.01 60.6383
0.49 3599 0.01 59.9917
0.5 3387 0.01 58.1979
0.51 3343 0.01 57.8187
0.52 3276 0.01 57.2364
0.53 3265 0.01 57.1402
0.54 3080 0.01 55.4977
0.55 3076 0.01 55.4617
0.56 3013 0.01 54.8908
0.57 2946 0.01 54.2771
0.58 2896 0.01 53.8145
0.59 2814 0.01 53.0471
0.6 2715 0.01 52.1057
0.61 2600 0.01 50.9902
0.62 2445 0.01 49.4469
0.63 2310 0.01 48.0625
0.64 2078 0.01 45.5851
0.65 1927 0.01 43.8976
0.66 1744 0.01 41.7612
0.67 1502 0.01 38.7556
0.68 1391 0.01 37.2961
0.69 1164 0.01 34.1174
0.7 1057 0.01 32.5115
0.71 857 0.01 29.2746
0.72 776 0.01 27.8568
0.73 619 0.01 24.8797
0.74 534 0.01 23.1084
0.75 411 0.01 20.2731
0.76 358 0.01 18.9209
0.77 317 0.01 17.8045
0.78 290 0.01 17.0294
0.79 230 0.01 15.1658
0.8 225 0.01 15
0.81 193 0.01 13.8924
0.82 155 0.01 12.4499
0.83 115 0.01 10.7238
0.84 120 0.01 10.9545
0.85 98 0.01 9.89949
0.86 101 0.01 10.0499
0.87 74 0.01 8.60233
0.88 75 0.01 8.66025
0.89 50 0.01 7.07107
0.9 60 0.01 7.74597
0.91 55 0.01 7.4162
0.92 42 0.01 6.48074
0.93 33 0.01 5.74456
0.94 26 0.01 5.09902
0.95 34 0.01 5.83095
0.96 12 0.01 3.4641
0.97 23 0.01 4.79583
0.98 17 0.01 4.12311
0.99 12 0.01 3.4641
1 8 0.01 2.82843
1.01 10 0.01 3.16228
1.02 10 0.01 3.16228
1.03 14 0.01 3.74166
1.04 18 0.01 4.24264
1.05 8 0.01 2.82843
1.06 4 0.01 2
1.07 11 0.01 3.31662
1.08 9 0.01 3
1.09 10 0.01 3.16228
1.1 4 0.01 2
1.11 4 0.01 2
1.12 7 0.01 2.64575
1.13 11 0.01 3.31662
1.14 5 0.01 2.23607
1.15 3 0.01 1.73205
1.16 8 0.01 2.82843
1.17 4 0.01 2
1.18 2 0.01 1.41421
1.19 4 0.01 2
1.2 7 0.01 2.64575
1.21 5 0.01 2.23607
1.22 5 0.01 2.23607
1.23 2 0.01 1.41421
1.24 1 0.01 1
1.25 2 0.01 1.41421
1.26 2 0.01 1.41421
1.27 2 0.01 1.41421
1.28 2 0.01 1.41421
1.29 1 0.01 1
1.3 3 0.01 1.73205
1.31 3 0.01 1.73205
1.32 1 0.01 1
1.33 3 0.01 1.73205
1.34 5 0.01 2.23607
1.35 3 0.01 1.73205
1.36 1 0.01 1
1.37 5 0.01 2.23607
1.38 1 0.01 1
1.39 3 0.01 1.73205
1.4 2 0.01 1.41421
1.41 2 0.01 1.41421
1.42 2 0.01 1.41421
1.43 2 0.01 1.41421
1.44 2 0.01 1.41421
1.45 3 0.01 1.73205
1.46 1 0.01 1
1.47 2 0.01 1.41421
1.48 2 0.01 1.41421
1.49 0 0.01 0
1.5 2 0.01 1.41421
1.51 2 0.01 1.41421
1.52 2 0.01 1.41421
1.53 1 0.01 1
1.54 3 0.01 1.73205
1.55 2 0.01 1.41421
1.56 1 0.01 1
1.57 1 0.01 1
1.58 2 0.01 1.41421
1.59 0 0.01 0
1.6 1 0.01 1
1.61 2 0.01 1.41421
1.62 2 0.01 1.41421
1.63 1 0.01 1
1.64 0 0.01 0
1.65 0 0.01 0
1.66 3 0.01 1.73205
1.67 2 0.01 1.41421
1.68 0 0.01 0
1.69 1 0.01 1
1.7 0 0.01 0
1.71 0 0.01 0
1.72 0 0.01 0
1.73 0 0.01 0
1.74 0 0.01 0
1.75 0 0.01 0
1.76 0 0.01 0
1.77 0 0.01 0
1.78 0 0.01 0
1.79 1 0.01 1
1.8 0 0.01 0
1.81 0 0.01 0
1.82 0 0.01 0
1.83 1 0.01 1
1.84 0 0.01 0
1.85 0 0.01 0
1.86 0 0.01 0
1.87 0 0.01 0
1.88 0 0.01 0
1.89 0 0.01 0
1.9 0 0.01 0
1.91 0 0.01 0
1.92 0 0.01 0
1.93 0 0.01 0
1.94 1 0.01 1
1.95 0 0.01 0
1.96 1 0.01 1
1.97 0 0.01 0
1.98 0 0.01 0
1.99 0 0.01 0
2 0 0.01 0
2.01 0 0.01 0
2.02 1 0.01 1
2.03 0 0.01 0
2.04 0 0.01 0
2.05 0 0.01 0
2.06 0 0.01 0
2.07 0 0.01 0
2.08 0 0.01 0
2.09 0 0.01 0
2.1 0 0.01 0
2.11 0 0.01 0
2.12 0 0.01 0
2.13 0 0.01 0
2.14 0 0.01 0
2.15 0 0.01 0
2.16 0 0.01 0
2.17 0 0.01 0
2.18 0 0.01 0
2.19 0 0.01 0
2.2 0 0.01 0
2.21 0 0.01 0
2.22 0 0.01 0
2.23 0 0.01 0
2.24 0 0.01 0
2.25 0 0.01 0
2.26 0 0.01 0
2.27 0 0.01 0
2.28 0 0.01 0
2.29 0 0.01 0
2.3 0 0.01 0
2.31 0 0.01 0
2.32 0 0.01 0
2.33 0 0.01 0
2.34 0 0.01 0
2.35 0 0.01 0
2.36 0 0.01 0
2.37 0 0.01 0
2.38 0 0.01 0
2.39 0 0.01 0
2.4 0 0.01 0
2.41 0 0.01 0
2.42 0 0.01 0
2.43 0 0.01 0
2.44 0 0.01 0
2.45 0 0.01 0
2.46 0 0.01 0
2.47 0 0.01 0
2.48 0 0.01 0
2.49 0 0.01 0
2.5 0 0.01 0
2.51 0 0.01 0
2.52 0 0.01 0
2.53 0 0.01 0
2.54 0 0.01 0
2.55 0 0.01 0
2.56 0 0.01 0
2.57 0 0.01 0
2.58 0 0.01 0
2.59 0 0.01 0
2.6 0 0.01 0
2.61 0 0.01 0
2.62 0 0.01 0
2.63 0 0.01 0
2.64 0 0.01 0
2.65 0 0.01 0
2.66 0 0.01 0
2.67 0 0.01 0
2.68 0 0.01 0
2.69 0 0.01 0
2.7 0 0.01 0
2.71 0 0.01 0
2.72 0 0.01 0
2.73 0 0.01 0
2.74 0 0.01 0
2.75 0 0.01 0
2.76 0 0.01 0
2.77 0 0.01 0
2.78 0 0.01 0
2.79 0 0.01 0
2.8 0 0.01 0
2.81 0 0.01 0
2.82 0 0.01 0
2.83 0 0.01 0
2.84 0 0.01 0
2.85 0 0.01 0
2.86 0 0.01 0
2.87 0 0.01 0
2.88 0 0.01 0
2.89 0 0.01 0
2.9 0 0.01 0
2.91 0 0.01 0
2.92 0 0.01 0
2.93 0 0.01 0
2.94 0 0.01 0
2.95 0 0.01 0
2.96 0 0.01 0
2.97 0 0.01 0
2.98 0 0.01 0
2.99 0 0.01 0
3 0 0.01 0
3.01 0 0.01 0
3.02 0 0.01 0
3.03 0 0.01 0
3.04 0 0.01 0
3.05 0 0.01 0
3.06 0 0.01 0
3.07 0 0.01 0
3.08 0 0.01 0
3.09 0 0.01 0
3.1 0 0.01 0
3.11 0 0.01 0
3.12 0 0.01 0
3.13 0 0.01 0
3.14 0 0.01 0
3.15 0 0.01 0
3.16 0 0.01 0
3.17 0 0.01 0
3.18 0 0.01 0
3.19 0 0.01 0
3.2 0 0.01 0
3.21 0 0.01 0
3.22 0 0.01 0
3.23 0 0.01 0
3.24 0 0.01 0
3.25 0 0.01 0
3.26 0 0.01 0
3.27 0 0.01 0
3.28 0 0.01 0
3.29 0 0.01 0
3.3 0 0.01 0
3.31 0 0.01 0
3.32 0 0.01 0
3.33 0 0.01 0
3.34 0 0.01 0
3.35 0 0.01 0
3.36 0 0.01 0
3.37 0 0.01 0
3.38 0 0.01 0
3.39 0 0.01 0
3.4 0 0.01 0
3.41 0 0.01 0
3.42 0 0.01 0
3.43 0 0.01 0
3.44 0 0.01 0
3.45 0 0.01 0
3.46 0 0.01 0
3.47 0 0.01 0
3.48 0 0.01 0
3.49 0 0.01 0
