0 67 1 8.18535
1 895 1 29.9166
2 4315 1 65.6887
3 5281 1 72.6705
4 5107 1 71.4633
5 4452 1 66.7233
6 8472 1 92.0435
7 2974 1 54.5344
8 2421 1 49.2037
9 1760 1 41.9524
10 1512 1 38.8844
11 1276 1 35.7211
12 1143 1 33.8083
13 990 1 31.4643
14 964 1 31.0483
15 817 1 28.5832
16 764 1 27.6405
17 665 1 25.7876
18 648 1 25.4558
19 557 1 23.6008
20 471 1 21.7025
21 415 1 20.3715
22 393 1 19.8242
23 319 1 17.8606
24 314 1 17.72
25 267 1 16.3401
26 225 1 15
27 210 1 14.4914
28 230 1 15.1658
29 167 1 12.9228
30 169 1 13
31 182 1 13.4907
32 175 1 13.2288
33 162 1 12.7279
34 135 1 11.619
35 142 1 11.9164
36 118 1 10.8628
37 105 1 10.247
38 96 1 9.79796
39 98 1 9.89949
40 89 1 9.43398
41 98 1 9.89949
42 79 1 8.88819
43 76 1 8.7178
44 60 1 7.74597
45 76 1 8.7178
46 65 1 8.06226
47 53 1 7.28011
48 43 1 6.55744
49 57 1 7.54983
50 57 1 7.54983
51 59 1 7.68115
52 43 1 6.55744
53 37 1 6.08276
54 44 1 6.63325
55 41 1 6.40312
56 34 1 5.83095
57 48 1 6.9282
58 44 1 6.63325
59 34 1 5.83095
60 30 1 5.47723
61 35 1 5.91608
62 26 1 5.09902
63 29 1 5.38516
64 28 1 5.2915
65 22 1 4.69042
66 17 1 4.12311
67 20 1 4.47214
68 22 1 4.69042
69 22 1 4.69042
70 24 1 4.89898
71 21 1 4.58258
72 22 1 4.69042
73 18 1 4.24264
74 13 1 3.60555
75 23 1 4.79583
76 17 1 4.12311
77 17 1 4.12311
78 17 1 4.12311
79 17 1 4.12311
80 12 1 3.4641
81 8 1 2.82843
82 15 1 3.87298
83 6 1 2.44949
84 13 1 3.60555
85 10 1 3.16228
86 12 1 3.4641
87 13 1 3.60555
88 10 1 3.16228
89 11 1 3.31662
90 13 1 3.60555
91 12 1 3.4641
92 6 1 2.44949
93 7 1 2.64575
94 7 1 2.64575
95 8 1 2.82843
96 9 1 3
97 5 1 2.23607
98 14 1 3.74166
99 8 1 2.82843
100 11 1 3.31662
101 8 1 2.82843
102 11 1 3.31662
103 6 1 2.44949
104 7 1 2.64575
105 7 1 2.64575
106 3 1 1.73205
107 2 1 1.41421
108 6 1 2.44949
109 3 1 1.73205
110 7 1 2.64575
111 3 1 1.73205
112 2 1 1.41421
113 0 1 0
114 5 1 2.23607
115 3 1 1.73205
116 4 1 2
117 4 1 2
118 6 1 2.44949
119 0 1 0
120 5 1 2.23607
121 3 1 1.73205
122 3 1 1.73205
123 2 1 1.41421
124 1 1 1
125 1 1 1
126 1 1 1
127 3 1 1.73205
128 2 1 1.41421
129 3 1 1.73205
130 1 1 1
131 3 1 1.73205
132 2 1 1.41421
133 1 1 1
134 0 1 0
135 1 1 1
136 4 1 2
137 1 1 1
138 1 1 1
139 1 1 1
140 0 1 0
141 0 1 0
142 1 1 1
143 0 1 0
144 1 1 1
145 1 1 1
146 1 1 1
147 0 1 0
148 2 1 1.41421
149 1 1 1
150 1 1 1
151 1 1 1
152 0 1 0
153 0 1 0
154 1 1 1
155 0 1 0
156 1 1 1
157 1 1 1
158 0 1 0
159 0 1 0
160 0 1 0
161 0 1 0
162 0 1 0
163 0 1 0
164 1 1 1
165 0 1 0
166 0 1 0
167 0 1 0
168 1 1 1
169 0 1 0
170 0 1 0
171 0 1 0
172 0 1 0
173 0 1 0
174 0 1 0
175 0 1 0
176 0 1 0
177 0 1 0
178 0 1 0
179 0 1 0
180 0 1 0
181 0 1 0
182 0 1 0
183 0 1 0
184 0 1 0
185 0 1 0
186 0 1 0
187 0 1 0
188 0 1 0
189 0 1 0
190 0 1 0
191 0 1 0
192 0 1 0
193 0 1 0
194 0 1 0
195 0 1 0
196 0 1 0
197 0 1 0
198 0 1 0
199 0 1 0
200 0 1 0
201 0 1 0
202 0 1 0
203 0 1 0
204 0 1 0
205 0 1 0
206 0 1 0
207 0 1 0
208 0 1 0
209 0 1 0
210 0 1 0
211 0 1 0
212 0 1 0
213 0 1 0
214 0 1 0
215 0 1 0
216 0 1 0
217 0 1 0
218 0 1 0
219 0 1 0
220 0 1 0
221 0 1 0
222 0 1 0
223 0 1 0
224 0 1 0
225 0 1 0
226 0 1 0
227 0 1 0
228 0 1 0
229 0 1 0
230 0 1 0
231 0 1 0
232 0 1 0
233 0 1 0
234 0 1 0
235 0 1 0
236 0 1 0
237 0 1 0
238 0 1 0
239 0 1 0
240 0 1 0
241 0 1 0
242 0 1 0
243 0 1 0
244 0 1 0
245 0 1 0
246 0 1 0
247 0 1 0
248 0 1 0
249 0 1 0
250 0 1 0
251 0 1 0
252 0 1 0
253 0 1 0
254 0 1 0
255 0 1 0
256 0 1 0
257 0 1 0
258 0 1 0
259 0 1 0
260 0 1 0
261 0 1 0
262 0 1 0
263 0 1 0
264 0 1 0
265 0 1 0
266 0 1 0
267 0 1 0
268 0 1 0
269 0 1 0
