0 3 1 1.73205
1 28 1 5.2915
2 181 1 13.4536
3 747 1 27.3313
4 1554 1 39.4208
5 625 1 25
6 846 1 29.0861
7 507 1 22.5167
8 618 1 24.8596
9 468 1 21.6333
10 463 1 21.5174
11 413 1 20.3224
12 403 1 20.0749
13 331 1 18.1934
14 307 1 17.5214
15 283 1 16.8226
16 232 1 15.2315
17 223 1 14.9332
18 237 1 15.3948
19 258 1 16.0624
20 227 1 15.0665
21 249 1 15.7797
22 251 1 15.843
23 231 1 15.1987
24 240 1 15.4919
25 210 1 14.4914
26 191 1 13.8203
27 189 1 13.7477
28 206 1 14.3527
29 154 1 12.4097
30 167 1 12.9228
31 175 1 13.2288
32 176 1 13.2665
33 156 1 12.49
34 140 1 11.8322
35 148 1 12.1655
36 130 1 11.4018
37 114 1 10.6771
38 110 1 10.4881
39 106 1 10.2956
40 99 1 9.94987
41 109 1 10.4403
42 94 1 9.69536
43 90 1 9.48683
44 80 1 8.94427
45 95 1 9.74679
46 81 1 9
47 79 1 8.88819
48 64 1 8
49 80 1 8.94427
50 83 1 9.11043
51 68 1 8.24621
52 60 1 7.74597
53 68 1 8.24621
54 65 1 8.06226
55 86 1 9.27362
56 73 1 8.544
57 74 1 8.60233
58 59 1 7.68115
59 69 1 8.30662
60 58 1 7.61577
61 74 1 8.60233
62 59 1 7.68115
63 59 1 7.68115
64 67 1 8.18535
65 63 1 7.93725
66 50 1 7.07107
67 51 1 7.14143
68 62 1 7.87401
69 40 1 6.32456
70 50 1 7.07107
71 57 1 7.54983
72 55 1 7.4162
73 43 1 6.55744
74 47 1 6.85565
75 45 1 6.7082
76 31 1 5.56776
77 36 1 6
78 36 1 6
79 34 1 5.83095
80 40 1 6.32456
81 19 1 4.3589
82 28 1 5.2915
83 24 1 4.89898
84 32 1 5.65685
85 27 1 5.19615
86 24 1 4.89898
87 16 1 4
88 24 1 4.89898
89 26 1 5.09902
90 18 1 4.24264
91 19 1 4.3589
92 22 1 4.69042
93 22 1 4.69042
94 20 1 4.47214
95 17 1 4.12311
96 13 1 3.60555
97 12 1 3.4641
98 17 1 4.12311
99 11 1 3.31662
100 17 1 4.12311
101 9 1 3
102 3 1 1.73205
103 5 1 2.23607
104 7 1 2.64575
105 10 1 3.16228
106 8 1 2.82843
107 6 1 2.44949
108 12 1 3.4641
109 5 1 2.23607
110 8 1 2.82843
111 4 1 2
112 6 1 2.44949
113 2 1 1.41421
114 4 1 2
115 2 1 1.41421
116 6 1 2.44949
117 3 1 1.73205
118 5 1 2.23607
119 1 1 1
120 1 1 1
121 3 1 1.73205
122 1 1 1
123 1 1 1
124 1 1 1
125 2 1 1.41421
126 0 1 0
127 3 1 1.73205
128 1 1 1
129 0 1 0
130 0 1 0
131 1 1 1
132 1 1 1
133 0 1 0
134 0 1 0
135 0 1 0
136 0 1 0
137 0 1 0
138 0 1 0
139 0 1 0
140 0 1 0
141 0 1 0
142 0 1 0
143 0 1 0
144 0 1 0
145 0 1 0
146 0 1 0
147 0 1 0
148 0 1 0
149 0 1 0
150 0 1 0
151 0 1 0
152 0 1 0
153 0 1 0
154 0 1 0
155 0 1 0
156 0 1 0
157 0 1 0
158 0 1 0
159 0 1 0
160 0 1 0
161 0 1 0
162 0 1 0
163 0 1 0
164 0 1 0
165 0 1 0
166 0 1 0
167 0 1 0
168 0 1 0
169 0 1 0
170 0 1 0
171 0 1 0
172 0 1 0
173 0 1 0
174 0 1 0
175 0 1 0
176 0 1 0
177 0 1 0
178 0 1 0
179 0 1 0
180 0 1 0
181 0 1 0
182 0 1 0
183 0 1 0
184 0 1 0
185 0 1 0
186 0 1 0
187 0 1 0
188 0 1 0
189 0 1 0
190 0 1 0
191 0 1 0
192 0 1 0
193 0 1 0
194 0 1 0
195 0 1 0
196 0 1 0
197 0 1 0
198 0 1 0
199 0 1 0
200 0 1 0
201 0 1 0
202 0 1 0
203 0 1 0
204 0 1 0
205 0 1 0
206 0 1 0
207 0 1 0
208 0 1 0
209 0 1 0
210 0 1 0
211 0 1 0
212 0 1 0
213 0 1 0
214 0 1 0
215 0 1 0
216 0 1 0
217 0 1 0
218 0 1 0
219 0 1 0
220 0 1 0
221 0 1 0
222 0 1 0
223 0 1 0
224 0 1 0
225 0 1 0
226 0 1 0
227 0 1 0
228 0 1 0
229 0 1 0
230 0 1 0
231 0 1 0
232 0 1 0
233 0 1 0
234 0 1 0
235 0 1 0
236 0 1 0
237 0 1 0
238 0 1 0
239 0 1 0
240 0 1 0
241 0 1 0
242 0 1 0
243 0 1 0
244 0 1 0
245 0 1 0
246 0 1 0
247 0 1 0
248 0 1 0
249 0 1 0
250 0 1 0
251 0 1 0
252 0 1 0
253 0 1 0
254 0 1 0
255 0 1 0
256 0 1 0
257 0 1 0
258 0 1 0
259 0 1 0
260 0 1 0
261 0 1 0
262 0 1 0
263 0 1 0
264 0 1 0
265 0 1 0
266 0 1 0
267 0 1 0
268 0 1 0
269 0 1 0
