0 31 1 5.56776
1 630 1 25.0998
2 3820 1 61.8061
3 6244 1 79.019
4 6700 1 81.8535
5 4052 1 63.6553
6 6874 1 82.9096
7 3671 1 60.5888
8 3315 1 57.576
9 2503 1 50.03
10 2484 1 49.8397
11 1951 1 44.1701
12 1723 1 41.509
13 1501 1 38.7427
14 1485 1 38.5357
15 1271 1 35.6511
16 1218 1 34.8999
17 1113 1 33.3617
18 1021 1 31.9531
19 939 1 30.6431
20 843 1 29.0345
21 766 1 27.6767
22 687 1 26.2107
23 646 1 25.4165
24 621 1 24.9199
25 657 1 25.632
26 553 1 23.516
27 535 1 23.1301
28 545 1 23.3452
29 514 1 22.6716
30 438 1 20.9284
31 382 1 19.5448
32 393 1 19.8242
33 305 1 17.4642
34 295 1 17.1756
35 274 1 16.5529
36 276 1 16.6132
37 208 1 14.4222
38 230 1 15.1658
39 209 1 14.4568
40 182 1 13.4907
41 173 1 13.1529
42 167 1 12.9228
43 139 1 11.7898
44 125 1 11.1803
45 117 1 10.8167
46 101 1 10.0499
47 124 1 11.1355
48 88 1 9.38083
49 105 1 10.247
50 93 1 9.64365
51 89 1 9.43398
52 78 1 8.83176
53 61 1 7.81025
54 67 1 8.18535
55 48 1 6.9282
56 44 1 6.63325
57 32 1 5.65685
58 38 1 6.16441
59 29 1 5.38516
60 32 1 5.65685
61 22 1 4.69042
62 24 1 4.89898
63 13 1 3.60555
64 8 1 2.82843
65 11 1 3.31662
66 4 1 2
67 3 1 1.73205
68 1 1 1
69 3 1 1.73205
70 0 1 0
71 0 1 0
72 0 1 0
73 0 1 0
74 0 1 0
75 0 1 0
76 0 1 0
77 0 1 0
78 0 1 0
79 0 1 0
80 0 1 0
81 0 1 0
82 0 1 0
83 0 1 0
84 0 1 0
85 0 1 0
86 0 1 0
87 0 1 0
88 0 1 0
89 0 1 0
90 0 1 0
91 0 1 0
92 0 1 0
93 0 1 0
94 0 1 0
95 0 1 0
96 0 1 0
97 0 1 0
98 0 1 0
99 0 1 0
100 0 1 0
101 0 1 0
102 0 1 0
103 0 1 0
104 0 1 0
105 0 1 0
106 0 1 0
107 0 1 0
108 0 1 0
109 0 1 0
110 0 1 0
111 0 1 0
112 0 1 0
113 0 1 0
114 0 1 0
115 0 1 0
116 0 1 0
117 0 1 0
118 0 1 0
119 0 1 0
120 0 1 0
121 0 1 0
122 0 1 0
123 0 1 0
124 0 1 0
125 0 1 0
126 0 1 0
127 0 1 0
128 0 1 0
129 0 1 0
130 0 1 0
131 0 1 0
132 0 1 0
133 0 1 0
134 0 1 0
135 0 1 0
136 0 1 0
137 0 1 0
138 0 1 0
139 0 1 0
140 0 1 0
141 0 1 0
142 0 1 0
143 0 1 0
144 0 1 0
145 0 1 0
146 0 1 0
147 0 1 0
148 0 1 0
149 0 1 0
150 0 1 0
151 0 1 0
152 0 1 0
153 0 1 0
154 0 1 0
155 0 1 0
156 0 1 0
157 0 1 0
158 0 1 0
159 0 1 0
160 0 1 0
161 0 1 0
162 0 1 0
163 0 1 0
164 0 1 0
165 0 1 0
166 0 1 0
167 0 1 0
168 0 1 0
169 0 1 0
170 0 1 0
171 0 1 0
172 0 1 0
173 0 1 0
174 0 1 0
175 0 1 0
176 0 1 0
177 0 1 0
178 0 1 0
179 0 1 0
180 0 1 0
181 0 1 0
182 0 1 0
183 0 1 0
184 0 1 0
185 0 1 0
186 0 1 0
187 0 1 0
188 0 1 0
189 0 1 0
190 0 1 0
191 0 1 0
192 0 1 0
193 0 1 0
194 0 1 0
195 0 1 0
196 0 1 0
197 0 1 0
198 0 1 0
199 0 1 0
200 0 1 0
201 0 1 0
202 0 1 0
203 0 1 0
204 0 1 0
205 0 1 0
206 0 1 0
207 0 1 0
208 0 1 0
209 0 1 0
210 0 1 0
211 0 1 0
212 0 1 0
213 0 1 0
214 0 1 0
215 0 1 0
216 0 1 0
217 0 1 0
218 0 1 0
219 0 1 0
220 0 1 0
221 0 1 0
222 0 1 0
223 0 1 0
224 0 1 0
225 0 1 0
226 0 1 0
227 0 1 0
228 0 1 0
229 0 1 0
230 0 1 0
231 0 1 0
232 0 1 0
233 0 1 0
234 0 1 0
235 0 1 0
236 0 1 0
237 0 1 0
238 0 1 0
239 0 1 0
240 0 1 0
241 0 1 0
242 0 1 0
243 0 1 0
244 0 1 0
245 0 1 0
246 0 1 0
247 0 1 0
248 0 1 0
249 0 1 0
250 0 1 0
251 0 1 0
252 0 1 0
253 0 1 0
254 0 1 0
255 0 1 0
256 0 1 0
257 0 1 0
258 0 1 0
259 0 1 0
260 0 1 0
261 0 1 0
262 0 1 0
263 0 1 0
264 0 1 0
265 0 1 0
266 0 1 0
267 0 1 0
268 0 1 0
269 0 1 0
