0 5 1 2.23607
1 13 1 3.60555
2 57 1 7.54983
3 61 1 7.81025
4 148 1 12.1655
5 70 1 8.3666
6 98 1 9.89949
7 64 1 8
8 82 1 9.05539
9 49 1 7
10 42 1 6.48074
11 32 1 5.65685
12 39 1 6.245
13 22 1 4.69042
14 26 1 5.09902
15 33 1 5.74456
16 29 1 5.38516
17 25 1 5
18 24 1 4.89898
19 31 1 5.56776
20 25 1 5
21 28 1 5.2915
22 24 1 4.89898
23 33 1 5.74456
24 29 1 5.38516
25 26 1 5.09902
26 26 1 5.09902
27 28 1 5.2915
28 12 1 3.4641
29 10 1 3.16228
30 18 1 4.24264
31 15 1 3.87298
32 23 1 4.79583
33 16 1 4
34 12 1 3.4641
35 13 1 3.60555
36 15 1 3.87298
37 17 1 4.12311
38 12 1 3.4641
39 14 1 3.74166
40 21 1 4.58258
41 18 1 4.24264
42 22 1 4.69042
43 20 1 4.47214
44 15 1 3.87298
45 16 1 4
46 9 1 3
47 7 1 2.64575
48 12 1 3.4641
49 6 1 2.44949
50 9 1 3
51 16 1 4
52 15 1 3.87298
53 11 1 3.31662
54 16 1 4
55 5 1 2.23607
56 9 1 3
57 13 1 3.60555
58 14 1 3.74166
59 14 1 3.74166
60 11 1 3.31662
61 9 1 3
62 14 1 3.74166
63 14 1 3.74166
64 10 1 3.16228
65 11 1 3.31662
66 7 1 2.64575
67 8 1 2.82843
68 8 1 2.82843
69 12 1 3.4641
70 14 1 3.74166
71 14 1 3.74166
72 6 1 2.44949
73 8 1 2.82843
74 10 1 3.16228
75 14 1 3.74166
76 11 1 3.31662
77 10 1 3.16228
78 9 1 3
79 12 1 3.4641
80 9 1 3
81 5 1 2.23607
82 7 1 2.64575
83 5 1 2.23607
84 11 1 3.31662
85 9 1 3
86 7 1 2.64575
87 11 1 3.31662
88 8 1 2.82843
89 7 1 2.64575
90 14 1 3.74166
91 12 1 3.4641
92 7 1 2.64575
93 6 1 2.44949
94 5 1 2.23607
95 7 1 2.64575
96 9 1 3
97 5 1 2.23607
98 12 1 3.4641
99 6 1 2.44949
100 5 1 2.23607
101 7 1 2.64575
102 10 1 3.16228
103 6 1 2.44949
104 4 1 2
105 8 1 2.82843
106 3 1 1.73205
107 3 1 1.73205
108 4 1 2
109 3 1 1.73205
110 6 1 2.44949
111 7 1 2.64575
112 5 1 2.23607
113 1 1 1
114 8 1 2.82843
115 5 1 2.23607
116 6 1 2.44949
117 4 1 2
118 9 1 3
119 1 1 1
120 4 1 2
121 8 1 2.82843
122 3 1 1.73205
123 4 1 2
124 1 1 1
125 5 1 2.23607
126 1 1 1
127 7 1 2.64575
128 2 1 1.41421
129 8 1 2.82843
130 6 1 2.44949
131 6 1 2.44949
132 3 1 1.73205
133 2 1 1.41421
134 6 1 2.44949
135 5 1 2.23607
136 5 1 2.23607
137 5 1 2.23607
138 6 1 2.44949
139 3 1 1.73205
140 3 1 1.73205
141 3 1 1.73205
142 3 1 1.73205
143 4 1 2
144 3 1 1.73205
145 6 1 2.44949
146 2 1 1.41421
147 4 1 2
148 5 1 2.23607
149 2 1 1.41421
150 4 1 2
151 1 1 1
152 2 1 1.41421
153 2 1 1.41421
154 3 1 1.73205
155 3 1 1.73205
156 2 1 1.41421
157 3 1 1.73205
158 1 1 1
159 3 1 1.73205
160 1 1 1
161 3 1 1.73205
162 0 1 0
163 2 1 1.41421
164 0 1 0
165 3 1 1.73205
166 0 1 0
167 3 1 1.73205
168 1 1 1
169 1 1 1
170 0 1 0
171 2 1 1.41421
172 0 1 0
173 1 1 1
174 1 1 1
175 1 1 1
176 1 1 1
177 0 1 0
178 1 1 1
179 0 1 0
180 0 1 0
181 0 1 0
182 0 1 0
183 0 1 0
184 0 1 0
185 0 1 0
186 0 1 0
187 0 1 0
188 0 1 0
189 0 1 0
190 1 1 1
191 1 1 1
192 0 1 0
193 1 1 1
194 1 1 1
195 0 1 0
196 0 1 0
197 0 1 0
198 0 1 0
199 0 1 0
200 0 1 0
201 0 1 0
202 0 1 0
203 0 1 0
204 1 1 1
205 0 1 0
206 0 1 0
207 0 1 0
208 0 1 0
209 0 1 0
210 0 1 0
211 0 1 0
212 0 1 0
213 0 1 0
214 0 1 0
215 0 1 0
216 0 1 0
217 0 1 0
218 0 1 0
219 0 1 0
220 0 1 0
221 0 1 0
222 0 1 0
223 0 1 0
224 0 1 0
225 0 1 0
226 0 1 0
227 0 1 0
228 0 1 0
229 0 1 0
230 0 1 0
231 0 1 0
232 0 1 0
233 0 1 0
234 0 1 0
235 0 1 0
236 0 1 0
237 0 1 0
238 0 1 0
239 0 1 0
240 0 1 0
241 0 1 0
242 0 1 0
243 0 1 0
244 0 1 0
245 0 1 0
246 0 1 0
247 0 1 0
248 0 1 0
249 0 1 0
250 0 1 0
251 0 1 0
252 0 1 0
253 0 1 0
254 0 1 0
255 0 1 0
256 0 1 0
257 0 1 0
258 0 1 0
259 0 1 0
260 0 1 0
261 0 1 0
262 0 1 0
263 0 1 0
264 0 1 0
265 0 1 0
266 0 1 0
267 0 1 0
268 0 1 0
269 0 1 0
