0 284 1 16.8523
1 3502 1 59.1777
2 15638 1 125.052
3 18365 1 135.518
4 16741 1 129.387
5 11863 1 108.917
6 15693 1 125.272
7 7953 1 89.1796
8 7157 1 84.5991
9 5514 1 74.2563
10 5230 1 72.3187
11 4682 1 68.4251
12 3430 1 58.5662
13 2938 1 54.2033
14 2663 1 51.6043
15 2363 1 48.6107
16 2114 1 45.9783
17 1921 1 43.8292
18 1731 1 41.6053
19 1668 1 40.8412
20 1494 1 38.6523
21 1433 1 37.855
22 1251 1 35.3695
23 1171 1 34.2199
24 1068 1 32.6803
25 1002 1 31.6544
26 825 1 28.7228
27 790 1 28.1069
28 784 1 28
29 693 1 26.3249
30 633 1 25.1595
31 576 1 24
32 594 1 24.3721
33 479 1 21.8861
34 448 1 21.166
35 437 1 20.9045
36 422 1 20.5426
37 341 1 18.4662
38 354 1 18.8149
39 331 1 18.1934
40 303 1 17.4069
41 301 1 17.3494
42 284 1 16.8523
43 250 1 15.8114
44 221 1 14.8661
45 230 1 15.1658
46 191 1 13.8203
47 210 1 14.4914
48 167 1 12.9228
49 193 1 13.8924
50 187 1 13.6748
51 176 1 13.2665
52 157 1 12.53
53 140 1 11.8322
54 149 1 12.2066
55 139 1 11.7898
56 127 1 11.2694
57 120 1 10.9545
58 111 1 10.5357
59 114 1 10.6771
60 101 1 10.0499
61 106 1 10.2956
62 97 1 9.84886
63 86 1 9.27362
64 85 1 9.21954
65 88 1 9.38083
66 62 1 7.87401
67 62 1 7.87401
68 72 1 8.48528
69 55 1 7.4162
70 65 1 8.06226
71 71 1 8.42615
72 61 1 7.81025
73 52 1 7.2111
74 57 1 7.54983
75 59 1 7.68115
76 43 1 6.55744
77 46 1 6.78233
78 46 1 6.78233
79 47 1 6.85565
80 50 1 7.07107
81 24 1 4.89898
82 35 1 5.91608
83 30 1 5.47723
84 43 1 6.55744
85 36 1 6
86 33 1 5.74456
87 27 1 5.19615
88 32 1 5.65685
89 34 1 5.83095
90 32 1 5.65685
91 31 1 5.56776
92 30 1 5.47723
93 29 1 5.38516
94 26 1 5.09902
95 24 1 4.89898
96 22 1 4.69042
97 17 1 4.12311
98 31 1 5.56776
99 18 1 4.24264
100 26 1 5.09902
101 16 1 4
102 15 1 3.87298
103 12 1 3.4641
104 13 1 3.60555
105 18 1 4.24264
106 11 1 3.31662
107 9 1 3
108 19 1 4.3589
109 8 1 2.82843
110 16 1 4
111 12 1 3.4641
112 11 1 3.31662
113 3 1 1.73205
114 13 1 3.60555
115 8 1 2.82843
116 12 1 3.4641
117 9 1 3
118 15 1 3.87298
119 2 1 1.41421
120 6 1 2.44949
121 12 1 3.4641
122 5 1 2.23607
123 5 1 2.23607
124 3 1 1.73205
125 7 1 2.64575
126 2 1 1.41421
127 10 1 3.16228
128 4 1 2
129 8 1 2.82843
130 7 1 2.64575
131 7 1 2.64575
132 6 1 2.44949
133 3 1 1.73205
134 6 1 2.44949
135 6 1 2.44949
136 7 1 2.64575
137 5 1 2.23607
138 6 1 2.44949
139 4 1 2
140 3 1 1.73205
141 4 1 2
142 3 1 1.73205
143 4 1 2
144 3 1 1.73205
145 6 1 2.44949
146 2 1 1.41421
147 4 1 2
148 5 1 2.23607
149 3 1 1.73205
150 4 1 2
151 2 1 1.41421
152 3 1 1.73205
153 2 1 1.41421
154 4 1 2
155 3 1 1.73205
156 3 1 1.73205
157 4 1 2
158 1 1 1
159 3 1 1.73205
160 1 1 1
161 3 1 1.73205
162 0 1 0
163 2 1 1.41421
164 1 1 1
165 3 1 1.73205
166 0 1 0
167 4 1 2
168 2 1 1.41421
169 1 1 1
170 1 1 1
171 2 1 1.41421
172 0 1 0
173 1 1 1
174 1 1 1
175 1 1 1
176 1 1 1
177 0 1 0
178 1 1 1
179 1 1 1
180 0 1 0
181 0 1 0
182 0 1 0
183 0 1 0
184 0 1 0
185 1 1 1
186 0 1 0
187 1 1 1
188 0 1 0
189 0 1 0
190 2 1 1.41421
191 1 1 1
192 0 1 0
193 1 1 1
194 1 1 1
195 1 1 1
196 0 1 0
197 0 1 0
198 0 1 0
199 1 1 1
200 0 1 0
201 0 1 0
202 1 1 1
203 0 1 0
204 1 1 1
205 0 1 0
206 0 1 0
207 0 1 0
208 0 1 0
209 0 1 0
210 0 1 0
211 0 1 0
212 0 1 0
213 0 1 0
214 0 1 0
215 0 1 0
216 0 1 0
217 0 1 0
218 0 1 0
219 0 1 0
220 0 1 0
221 0 1 0
222 0 1 0
223 0 1 0
224 0 1 0
225 0 1 0
226 0 1 0
227 0 1 0
228 0 1 0
229 0 1 0
230 0 1 0
231 0 1 0
232 0 1 0
233 0 1 0
234 0 1 0
235 0 1 0
236 0 1 0
237 0 1 0
238 0 1 0
239 0 1 0
240 0 1 0
241 0 1 0
242 0 1 0
243 0 1 0
244 0 1 0
245 0 1 0
246 0 1 0
247 0 1 0
248 0 1 0
249 0 1 0
250 0 1 0
251 0 1 0
252 0 1 0
253 0 1 0
254 0 1 0
255 0 1 0
256 0 1 0
257 0 1 0
258 0 1 0
259 0 1 0
260 0 1 0
261 0 1 0
262 0 1 0
263 0 1 0
264 0 1 0
265 0 1 0
266 0 1 0
267 0 1 0
268 0 1 0
269 0 1 0
