0 11 1 3.31662
1 181 1 13.4536
2 1543 1 39.281
3 3704 1 60.8605
4 4928 1 70.1997
5 1702 1 41.2553
6 1927 1 43.8976
7 921 1 30.348
8 934 1 30.5614
9 530 1 23.0217
10 425 1 20.6155
11 354 1 18.8149
12 321 1 17.9165
13 243 1 15.5885
14 231 1 15.1987
15 189 1 13.7477
16 168 1 12.9615
17 123 1 11.0905
18 114 1 10.6771
19 116 1 10.7703
20 84 1 9.16515
21 81 1 9
22 72 1 8.48528
23 77 1 8.77496
24 71 1 8.42615
25 56 1 7.48331
26 50 1 7.07107
27 52 1 7.2111
28 27 1 5.19615
29 28 1 5.2915
30 32 1 5.65685
31 28 1 5.2915
32 32 1 5.65685
33 26 1 5.09902
34 21 1 4.58258
35 18 1 4.24264
36 22 1 4.69042
37 19 1 4.3589
38 15 1 3.87298
39 14 1 3.74166
40 19 1 4.3589
41 15 1 3.87298
42 16 1 4
43 15 1 3.87298
44 13 1 3.60555
45 13 1 3.60555
46 3 1 1.73205
47 3 1 1.73205
48 11 1 3.31662
49 2 1 1.41421
50 9 1 3
51 10 1 3.16228
52 12 1 3.4641
53 4 1 2
54 5 1 2.23607
55 1 1 1
56 2 1 1.41421
57 4 1 2
58 1 1 1
59 4 1 2
60 1 1 1
61 2 1 1.41421
62 3 1 1.73205
63 2 1 1.41421
64 0 1 0
65 2 1 1.41421
66 1 1 1
67 1 1 1
68 1 1 1
69 1 1 1
70 3 1 1.73205
71 1 1 1
72 1 1 1
73 1 1 1
74 0 1 0
75 0 1 0
76 1 1 1
77 0 1 0
78 1 1 1
79 0 1 0
80 1 1 1
81 0 1 0
82 0 1 0
83 0 1 0
84 0 1 0
85 0 1 0
86 1 1 1
87 0 1 0
88 0 1 0
89 1 1 1
90 0 1 0
91 0 1 0
92 1 1 1
93 0 1 0
94 0 1 0
95 0 1 0
96 0 1 0
97 0 1 0
98 0 1 0
99 0 1 0
100 0 1 0
101 0 1 0
102 0 1 0
103 0 1 0
104 0 1 0
105 0 1 0
106 0 1 0
107 0 1 0
108 0 1 0
109 0 1 0
110 0 1 0
111 0 1 0
112 0 1 0
113 0 1 0
114 0 1 0
115 0 1 0
116 0 1 0
117 0 1 0
118 0 1 0
119 0 1 0
120 0 1 0
121 0 1 0
122 0 1 0
123 0 1 0
124 0 1 0
125 0 1 0
126 0 1 0
127 0 1 0
128 0 1 0
129 0 1 0
130 0 1 0
131 0 1 0
132 0 1 0
133 0 1 0
134 0 1 0
135 0 1 0
136 0 1 0
137 0 1 0
138 0 1 0
139 0 1 0
140 0 1 0
141 0 1 0
142 0 1 0
143 0 1 0
144 0 1 0
145 0 1 0
146 0 1 0
147 0 1 0
148 0 1 0
149 0 1 0
150 0 1 0
151 0 1 0
152 0 1 0
153 0 1 0
154 0 1 0
155 0 1 0
156 0 1 0
157 0 1 0
158 0 1 0
159 0 1 0
160 0 1 0
161 0 1 0
162 0 1 0
163 0 1 0
164 0 1 0
165 0 1 0
166 0 1 0
167 0 1 0
168 0 1 0
169 0 1 0
170 0 1 0
171 0 1 0
172 0 1 0
173 0 1 0
174 0 1 0
175 0 1 0
176 0 1 0
177 0 1 0
178 0 1 0
179 0 1 0
180 0 1 0
181 0 1 0
182 0 1 0
183 0 1 0
184 0 1 0
185 0 1 0
186 0 1 0
187 0 1 0
188 0 1 0
189 0 1 0
190 0 1 0
191 0 1 0
192 0 1 0
193 0 1 0
194 0 1 0
195 0 1 0
196 0 1 0
197 0 1 0
198 0 1 0
199 0 1 0
200 0 1 0
201 0 1 0
202 0 1 0
203 0 1 0
204 0 1 0
205 0 1 0
206 0 1 0
207 0 1 0
208 0 1 0
209 0 1 0
210 0 1 0
211 0 1 0
212 0 1 0
213 0 1 0
214 0 1 0
215 0 1 0
216 0 1 0
217 0 1 0
218 0 1 0
219 0 1 0
220 0 1 0
221 0 1 0
222 0 1 0
223 0 1 0
224 0 1 0
225 0 1 0
226 0 1 0
227 0 1 0
228 0 1 0
229 0 1 0
230 0 1 0
231 0 1 0
232 0 1 0
233 0 1 0
234 0 1 0
235 0 1 0
236 0 1 0
237 0 1 0
238 0 1 0
239 0 1 0
240 0 1 0
241 0 1 0
242 0 1 0
243 0 1 0
244 0 1 0
245 0 1 0
246 0 1 0
247 0 1 0
248 0 1 0
249 0 1 0
250 0 1 0
251 0 1 0
252 0 1 0
253 0 1 0
254 0 1 0
255 0 1 0
256 0 1 0
257 0 1 0
258 0 1 0
259 0 1 0
260 0 1 0
261 0 1 0
262 0 1 0
263 0 1 0
264 0 1 0
265 0 1 0
266 0 1 0
267 0 1 0
268 0 1 0
269 0 1 0
