0 196 1 14
1 2400 1 48.9898
2 9663 1 98.3006
3 9237 1 96.1093
4 6501 1 80.6288
5 5637 1 75.08
6 5229 1 72.3118
7 4018 1 63.3877
8 3771 1 61.4085
9 3206 1 56.6216
10 3281 1 57.28
11 3042 1 55.1543
12 1954 1 44.2041
13 1699 1 41.2189
14 1467 1 38.3014
15 1353 1 36.7831
16 1182 1 34.3802
17 1132 1 33.6452
18 969 1 31.1288
19 995 1 31.5436
20 938 1 30.6268
21 935 1 30.5778
22 786 1 28.0357
23 775 1 27.8388
24 683 1 26.1343
25 679 1 26.0576
26 550 1 23.4521
27 527 1 22.9565
28 527 1 22.9565
29 498 1 22.3159
30 432 1 20.7846
31 366 1 19.1311
32 387 1 19.6723
33 291 1 17.0587
34 292 1 17.088
35 277 1 16.6433
36 282 1 16.7929
37 217 1 14.7309
38 243 1 15.5885
39 219 1 14.7986
40 195 1 13.9642
41 188 1 13.7113
42 189 1 13.7477
43 159 1 12.6095
44 148 1 12.1655
45 141 1 11.8743
46 123 1 11.0905
47 154 1 12.4097
48 113 1 10.6301
49 134 1 11.5758
50 121 1 11
51 107 1 10.3441
52 102 1 10.0995
53 99 1 9.94987
54 100 1 10
55 97 1 9.84886
56 91 1 9.53939
57 68 1 8.24621
58 66 1 8.12404
59 76 1 8.7178
60 70 1 8.3666
61 69 1 8.30662
62 68 1 8.24621
63 55 1 7.4162
64 57 1 7.54983
65 64 1 8
66 44 1 6.63325
67 41 1 6.40312
68 49 1 7
69 32 1 5.65685
70 38 1 6.16441
71 49 1 7
72 38 1 6.16441
73 33 1 5.74456
74 44 1 6.63325
75 36 1 6
76 25 1 5
77 29 1 5.38516
78 28 1 5.2915
79 30 1 5.47723
80 37 1 6.08276
81 16 1 4
82 20 1 4.47214
83 24 1 4.89898
84 30 1 5.47723
85 26 1 5.09902
86 20 1 4.47214
87 14 1 3.74166
88 22 1 4.69042
89 22 1 4.69042
90 19 1 4.3589
91 19 1 4.3589
92 23 1 4.79583
93 22 1 4.69042
94 19 1 4.3589
95 16 1 4
96 13 1 3.60555
97 12 1 3.4641
98 17 1 4.12311
99 10 1 3.16228
100 15 1 3.87298
101 8 1 2.82843
102 4 1 2
103 6 1 2.44949
104 6 1 2.44949
105 11 1 3.31662
106 8 1 2.82843
107 7 1 2.64575
108 13 1 3.60555
109 5 1 2.23607
110 9 1 3
111 9 1 3
112 9 1 3
113 3 1 1.73205
114 8 1 2.82843
115 5 1 2.23607
116 8 1 2.82843
117 5 1 2.23607
118 9 1 3
119 2 1 1.41421
120 1 1 1
121 9 1 3
122 2 1 1.41421
123 3 1 1.73205
124 2 1 1.41421
125 6 1 2.44949
126 1 1 1
127 7 1 2.64575
128 2 1 1.41421
129 5 1 2.23607
130 6 1 2.44949
131 4 1 2
132 4 1 2
133 2 1 1.41421
134 6 1 2.44949
135 5 1 2.23607
136 3 1 1.73205
137 4 1 2
138 5 1 2.23607
139 3 1 1.73205
140 3 1 1.73205
141 4 1 2
142 2 1 1.41421
143 4 1 2
144 2 1 1.41421
145 5 1 2.23607
146 1 1 1
147 4 1 2
148 3 1 1.73205
149 2 1 1.41421
150 3 1 1.73205
151 1 1 1
152 3 1 1.73205
153 2 1 1.41421
154 3 1 1.73205
155 3 1 1.73205
156 2 1 1.41421
157 3 1 1.73205
158 1 1 1
159 3 1 1.73205
160 1 1 1
161 3 1 1.73205
162 0 1 0
163 2 1 1.41421
164 0 1 0
165 3 1 1.73205
166 0 1 0
167 4 1 2
168 1 1 1
169 1 1 1
170 1 1 1
171 2 1 1.41421
172 0 1 0
173 1 1 1
174 1 1 1
175 1 1 1
176 1 1 1
177 0 1 0
178 1 1 1
179 1 1 1
180 0 1 0
181 0 1 0
182 0 1 0
183 0 1 0
184 0 1 0
185 1 1 1
186 0 1 0
187 1 1 1
188 0 1 0
189 0 1 0
190 2 1 1.41421
191 1 1 1
192 0 1 0
193 1 1 1
194 1 1 1
195 1 1 1
196 0 1 0
197 0 1 0
198 0 1 0
199 1 1 1
200 0 1 0
201 0 1 0
202 1 1 1
203 0 1 0
204 1 1 1
205 0 1 0
206 0 1 0
207 0 1 0
208 0 1 0
209 0 1 0
210 0 1 0
211 0 1 0
212 0 1 0
213 0 1 0
214 0 1 0
215 0 1 0
216 0 1 0
217 0 1 0
218 0 1 0
219 0 1 0
220 0 1 0
221 0 1 0
222 0 1 0
223 0 1 0
224 0 1 0
225 0 1 0
226 0 1 0
227 0 1 0
228 0 1 0
229 0 1 0
230 0 1 0
231 0 1 0
232 0 1 0
233 0 1 0
234 0 1 0
235 0 1 0
236 0 1 0
237 0 1 0
238 0 1 0
239 0 1 0
240 0 1 0
241 0 1 0
242 0 1 0
243 0 1 0
244 0 1 0
245 0 1 0
246 0 1 0
247 0 1 0
248 0 1 0
249 0 1 0
250 0 1 0
251 0 1 0
252 0 1 0
253 0 1 0
254 0 1 0
255 0 1 0
256 0 1 0
257 0 1 0
258 0 1 0
259 0 1 0
260 0 1 0
261 0 1 0
262 0 1 0
263 0 1 0
264 0 1 0
265 0 1 0
266 0 1 0
267 0 1 0
268 0 1 0
269 0 1 0
