0 0 1 0
1 0 1 0
2 9738 1 98.6813
3 9636 1 98.1631
4 6683 1 81.7496
5 5794 1 76.1183
6 5501 1 74.1687
7 4190 1 64.7302
8 3847 1 62.0242
9 3394 1 58.258
10 3303 1 57.4717
11 3169 1 56.2939
12 2036 1 45.1221
13 1728 1 41.5692
14 1530 1 39.1152
15 1394 1 37.3363
16 1204 1 34.6987
17 1132 1 33.6452
18 1065 1 32.6343
19 1054 1 32.4654
20 939 1 30.6431
21 964 1 31.0483
22 838 1 28.9482
23 814 1 28.5307
24 710 1 26.6458
25 704 1 26.533
26 583 1 24.1454
27 537 1 23.1733
28 532 1 23.0651
29 451 1 21.2368
30 424 1 20.5913
31 395 1 19.8746
32 381 1 19.5192
33 304 1 17.4356
34 293 1 17.1172
35 246 1 15.6844
36 252 1 15.8745
37 238 1 15.4272
38 191 1 13.8203
39 231 1 15.1987
40 211 1 14.5258
41 186 1 13.6382
42 184 1 13.5647
43 169 1 13
44 171 1 13.0767
45 138 1 11.7473
46 152 1 12.3288
47 114 1 10.6771
48 111 1 10.5357
49 136 1 11.6619
50 120 1 10.9545
51 109 1 10.4403
52 130 1 11.4018
53 97 1 9.84886
54 95 1 9.74679
55 89 1 9.43398
56 106 1 10.2956
57 70 1 8.3666
58 70 1 8.3666
59 78 1 8.83176
60 73 1 8.544
61 62 1 7.87401
62 70 1 8.3666
63 70 1 8.3666
64 65 1 8.06226
65 58 1 7.61577
66 62 1 7.87401
67 41 1 6.40312
68 50 1 7.07107
69 55 1 7.4162
70 48 1 6.9282
71 43 1 6.55744
72 40 1 6.32456
73 38 1 6.16441
74 42 1 6.48074
75 37 1 6.08276
76 39 1 6.245
77 37 1 6.08276
78 25 1 5
79 36 1 6
80 22 1 4.69042
81 25 1 5
82 32 1 5.65685
83 35 1 5.91608
84 22 1 4.69042
85 27 1 5.19615
86 22 1 4.69042
87 36 1 6
88 20 1 4.47214
89 30 1 5.47723
90 22 1 4.69042
91 22 1 4.69042
92 22 1 4.69042
93 16 1 4
94 18 1 4.24264
95 21 1 4.58258
96 14 1 3.74166
97 13 1 3.60555
98 17 1 4.12311
99 11 1 3.31662
100 21 1 4.58258
101 20 1 4.47214
102 14 1 3.74166
103 14 1 3.74166
104 15 1 3.87298
105 11 1 3.31662
106 15 1 3.87298
107 9 1 3
108 17 1 4.12311
109 17 1 4.12311
110 16 1 4
111 15 1 3.87298
112 12 1 3.4641
113 10 1 3.16228
114 10 1 3.16228
115 6 1 2.44949
116 1 1 1
117 3 1 1.73205
118 7 1 2.64575
119 5 1 2.23607
120 14 1 3.74166
121 7 1 2.64575
122 6 1 2.44949
123 5 1 2.23607
124 1 1 1
125 5 1 2.23607
126 7 1 2.64575
127 7 1 2.64575
128 4 1 2
129 5 1 2.23607
130 4 1 2
131 5 1 2.23607
132 10 1 3.16228
133 4 1 2
134 4 1 2
135 7 1 2.64575
136 2 1 1.41421
137 5 1 2.23607
138 3 1 1.73205
139 6 1 2.44949
140 2 1 1.41421
141 3 1 1.73205
142 3 1 1.73205
143 4 1 2
144 1 1 1
145 4 1 2
146 1 1 1
147 6 1 2.44949
148 4 1 2
149 1 1 1
150 3 1 1.73205
151 3 1 1.73205
152 2 1 1.41421
153 3 1 1.73205
154 4 1 2
155 4 1 2
156 2 1 1.41421
157 3 1 1.73205
158 3 1 1.73205
159 2 1 1.41421
160 2 1 1.41421
161 4 1 2
162 4 1 2
163 3 1 1.73205
164 2 1 1.41421
165 3 1 1.73205
166 1 1 1
167 3 1 1.73205
168 4 1 2
169 4 1 2
170 5 1 2.23607
171 1 1 1
172 1 1 1
173 1 1 1
174 1 1 1
175 3 1 1.73205
176 1 1 1
177 1 1 1
178 4 1 2
179 3 1 1.73205
180 3 1 1.73205
181 0 1 0
182 0 1 0
183 3 1 1.73205
184 2 1 1.41421
185 1 1 1
186 1 1 1
187 1 1 1
188 0 1 0
189 1 1 1
190 3 1 1.73205
191 3 1 1.73205
192 1 1 1
193 0 1 0
194 0 1 0
195 1 1 1
196 2 1 1.41421
197 0 1 0
198 2 1 1.41421
199 2 1 1.41421
200 3 1 1.73205
201 1 1 1
202 2 1 1.41421
203 0 1 0
204 3 1 1.73205
205 2 1 1.41421
206 4 1 2
207 0 1 0
208 1 1 1
209 0 1 0
210 1 1 1
211 0 1 0
212 1 1 1
213 0 1 0
214 0 1 0
215 1 1 1
216 1 1 1
217 2 1 1.41421
218 1 1 1
219 1 1 1
220 1 1 1
221 2 1 1.41421
222 0 1 0
223 0 1 0
224 0 1 0
225 0 1 0
226 0 1 0
227 1 1 1
228 2 1 1.41421
229 0 1 0
230 0 1 0
231 1 1 1
232 0 1 0
233 0 1 0
234 0 1 0
235 0 1 0
236 0 1 0
237 0 1 0
238 0 1 0
239 0 1 0
240 0 1 0
241 0 1 0
242 0 1 0
243 2 1 1.41421
244 0 1 0
245 0 1 0
246 1 1 1
247 0 1 0
248 0 1 0
249 0 1 0
250 1 1 1
251 1 1 1
252 0 1 0
253 0 1 0
254 2 1 1.41421
255 1 1 1
256 0 1 0
257 0 1 0
258 0 1 0
259 1 1 1
260 0 1 0
261 0 1 0
262 0 1 0
263 0 1 0
264 1 1 1
265 0 1 0
266 0 1 0
267 1 1 1
268 0 1 0
269 0 1 0
