0 0 1 0
1 0 1 0
2 3856 1 62.0967
3 5085 1 71.3092
4 4612 1 67.9117
5 4369 1 66.0984
6 8395 1 91.6242
7 3028 1 55.0273
8 2328 1 48.2494
9 1899 1 43.5775
10 1555 1 39.4335
11 1290 1 35.9166
12 1129 1 33.6006
13 1018 1 31.9061
14 944 1 30.7246
15 849 1 29.1376
16 762 1 27.6043
17 690 1 26.2679
18 687 1 26.2107
19 574 1 23.9583
20 521 1 22.8254
21 493 1 22.2036
22 446 1 21.1187
23 418 1 20.445
24 365 1 19.105
25 303 1 17.4069
26 313 1 17.6918
27 302 1 17.3781
28 236 1 15.3623
29 211 1 14.5258
30 249 1 15.7797
31 235 1 15.3297
32 191 1 13.8203
33 170 1 13.0384
34 165 1 12.8452
35 127 1 11.2694
36 163 1 12.7671
37 128 1 11.3137
38 157 1 12.53
39 120 1 10.9545
40 133 1 11.5326
41 134 1 11.5758
42 118 1 10.8628
43 113 1 10.6301
44 99 1 9.94987
45 105 1 10.247
46 87 1 9.32738
47 80 1 8.94427
48 81 1 9
49 91 1 9.53939
50 67 1 8.18535
51 72 1 8.48528
52 63 1 7.93725
53 64 1 8
54 68 1 8.24621
55 53 1 7.28011
56 52 1 7.2111
57 48 1 6.9282
58 50 1 7.07107
59 63 1 7.93725
60 52 1 7.2111
61 30 1 5.47723
62 43 1 6.55744
63 46 1 6.78233
64 29 1 5.38516
65 46 1 6.78233
66 29 1 5.38516
67 29 1 5.38516
68 34 1 5.83095
69 27 1 5.19615
70 28 1 5.2915
71 30 1 5.47723
72 35 1 5.91608
73 27 1 5.19615
74 35 1 5.91608
75 24 1 4.89898
76 31 1 5.56776
77 26 1 5.09902
78 29 1 5.38516
79 20 1 4.47214
80 14 1 3.74166
81 17 1 4.12311
82 18 1 4.24264
83 23 1 4.79583
84 14 1 3.74166
85 14 1 3.74166
86 24 1 4.89898
87 19 1 4.3589
88 11 1 3.31662
89 19 1 4.3589
90 13 1 3.60555
91 17 1 4.12311
92 11 1 3.31662
93 17 1 4.12311
94 21 1 4.58258
95 16 1 4
96 12 1 3.4641
97 12 1 3.4641
98 17 1 4.12311
99 6 1 2.44949
100 12 1 3.4641
101 12 1 3.4641
102 8 1 2.82843
103 7 1 2.64575
104 18 1 4.24264
105 8 1 2.82843
106 11 1 3.31662
107 8 1 2.82843
108 8 1 2.82843
109 16 1 4
110 8 1 2.82843
111 3 1 1.73205
112 6 1 2.44949
113 8 1 2.82843
114 5 1 2.23607
115 11 1 3.31662
116 10 1 3.16228
117 7 1 2.64575
118 4 1 2
119 4 1 2
120 5 1 2.23607
121 8 1 2.82843
122 10 1 3.16228
123 8 1 2.82843
124 6 1 2.44949
125 8 1 2.82843
126 6 1 2.44949
127 4 1 2
128 6 1 2.44949
129 10 1 3.16228
130 3 1 1.73205
131 8 1 2.82843
132 8 1 2.82843
133 5 1 2.23607
134 3 1 1.73205
135 3 1 1.73205
136 5 1 2.23607
137 4 1 2
138 8 1 2.82843
139 4 1 2
140 5 1 2.23607
141 5 1 2.23607
142 3 1 1.73205
143 4 1 2
144 2 1 1.41421
145 3 1 1.73205
146 4 1 2
147 1 1 1
148 3 1 1.73205
149 4 1 2
150 1 1 1
151 2 1 1.41421
152 2 1 1.41421
153 2 1 1.41421
154 2 1 1.41421
155 2 1 1.41421
156 2 1 1.41421
157 2 1 1.41421
158 5 1 2.23607
159 0 1 0
160 1 1 1
161 3 1 1.73205
162 3 1 1.73205
163 4 1 2
164 1 1 1
165 3 1 1.73205
166 3 1 1.73205
167 2 1 1.41421
168 0 1 0
169 3 1 1.73205
170 0 1 0
171 2 1 1.41421
172 4 1 2
173 2 1 1.41421
174 2 1 1.41421
175 1 1 1
176 2 1 1.41421
177 1 1 1
178 0 1 0
179 1 1 1
180 0 1 0
181 1 1 1
182 0 1 0
183 0 1 0
184 0 1 0
185 0 1 0
186 1 1 1
187 3 1 1.73205
188 2 1 1.41421
189 1 1 1
190 0 1 0
191 1 1 1
192 1 1 1
193 3 1 1.73205
194 2 1 1.41421
195 0 1 0
196 0 1 0
197 0 1 0
198 1 1 1
199 0 1 0
200 0 1 0
201 0 1 0
202 0 1 0
203 0 1 0
204 0 1 0
205 0 1 0
206 0 1 0
207 0 1 0
208 0 1 0
209 1 1 1
210 0 1 0
211 2 1 1.41421
212 0 1 0
213 1 1 1
214 0 1 0
215 1 1 1
216 0 1 0
217 0 1 0
218 0 1 0
219 0 1 0
220 0 1 0
221 0 1 0
222 0 1 0
223 0 1 0
224 0 1 0
225 0 1 0
226 0 1 0
227 0 1 0
228 2 1 1.41421
229 0 1 0
230 0 1 0
231 0 1 0
232 0 1 0
233 0 1 0
234 0 1 0
235 0 1 0
236 0 1 0
237 0 1 0
238 0 1 0
239 0 1 0
240 0 1 0
241 0 1 0
242 0 1 0
243 0 1 0
244 0 1 0
245 0 1 0
246 0 1 0
247 0 1 0
248 0 1 0
249 0 1 0
250 0 1 0
251 0 1 0
252 0 1 0
253 0 1 0
254 0 1 0
255 0 1 0
256 0 1 0
257 0 1 0
258 0 1 0
259 0 1 0
260 0 1 0
261 0 1 0
262 0 1 0
263 0 1 0
264 0 1 0
265 0 1 0
266 0 1 0
267 0 1 0
268 0 1 0
269 0 1 0
