0 0 1 0
1 0 1 0
2 14708 1 121.277
3 16738 1 129.375
4 14414 1 120.058
5 12825 1 113.248
6 16613 1 128.891
7 8509 1 92.2442
8 7285 1 85.3522
9 6338 1 79.6116
10 5455 1 73.858
11 5012 1 70.7955
12 3741 1 61.1637
13 3096 1 55.6417
14 2801 1 52.9245
15 2498 1 49.98
16 2198 1 46.8828
17 2023 1 44.9778
18 1939 1 44.0341
19 1806 1 42.4971
20 1633 1 40.4104
21 1589 1 39.8623
22 1383 1 37.1887
23 1332 1 36.4966
24 1173 1 34.2491
25 1093 1 33.0606
26 967 1 31.0966
27 908 1 30.133
28 842 1 29.0172
29 727 1 26.9629
30 728 1 26.9815
31 694 1 26.3439
32 624 1 24.98
33 525 1 22.9129
34 511 1 22.6053
35 409 1 20.2237
36 447 1 21.1424
37 409 1 20.2237
38 389 1 19.7231
39 385 1 19.6214
40 368 1 19.1833
41 346 1 18.6011
42 325 1 18.0278
43 314 1 17.72
44 287 1 16.9411
45 264 1 16.2481
46 260 1 16.1245
47 216 1 14.6969
48 208 1 14.4222
49 240 1 15.4919
50 202 1 14.2127
51 195 1 13.9642
52 210 1 14.4914
53 170 1 13.0384
54 178 1 13.3417
55 154 1 12.4097
56 168 1 12.9615
57 122 1 11.0454
58 129 1 11.3578
59 152 1 12.3288
60 137 1 11.7047
61 104 1 10.198
62 129 1 11.3578
63 123 1 11.0905
64 97 1 9.84886
65 114 1 10.6771
66 91 1 9.53939
67 73 1 8.544
68 89 1 9.43398
69 90 1 9.48683
70 88 1 9.38083
71 75 1 8.66025
72 78 1 8.83176
73 68 1 8.24621
74 81 1 9
75 65 1 8.06226
76 74 1 8.60233
77 68 1 8.24621
78 58 1 7.61577
79 59 1 7.68115
80 40 1 6.32456
81 47 1 6.85565
82 50 1 7.07107
83 58 1 7.61577
84 38 1 6.16441
85 45 1 6.7082
86 48 1 6.9282
87 57 1 7.54983
88 32 1 5.65685
89 51 1 7.14143
90 38 1 6.16441
91 40 1 6.32456
92 34 1 5.83095
93 33 1 5.74456
94 39 1 6.245
95 38 1 6.16441
96 27 1 5.19615
97 26 1 5.09902
98 35 1 5.91608
99 18 1 4.24264
100 33 1 5.74456
101 33 1 5.74456
102 24 1 4.89898
103 23 1 4.79583
104 34 1 5.83095
105 20 1 4.47214
106 26 1 5.09902
107 17 1 4.12311
108 25 1 5
109 33 1 5.74456
110 24 1 4.89898
111 18 1 4.24264
112 19 1 4.3589
113 18 1 4.24264
114 15 1 3.87298
115 17 1 4.12311
116 11 1 3.31662
117 11 1 3.31662
118 11 1 3.31662
119 9 1 3
120 20 1 4.47214
121 15 1 3.87298
122 16 1 4
123 13 1 3.60555
124 7 1 2.64575
125 14 1 3.74166
126 13 1 3.60555
127 11 1 3.31662
128 10 1 3.16228
129 15 1 3.87298
130 7 1 2.64575
131 14 1 3.74166
132 18 1 4.24264
133 9 1 3
134 7 1 2.64575
135 10 1 3.16228
136 7 1 2.64575
137 10 1 3.16228
138 11 1 3.31662
139 10 1 3.16228
140 7 1 2.64575
141 8 1 2.82843
142 6 1 2.44949
143 8 1 2.82843
144 3 1 1.73205
145 7 1 2.64575
146 5 1 2.23607
147 7 1 2.64575
148 7 1 2.64575
149 5 1 2.23607
150 4 1 2
151 5 1 2.23607
152 4 1 2
153 5 1 2.23607
154 6 1 2.44949
155 6 1 2.44949
156 4 1 2
157 5 1 2.23607
158 8 1 2.82843
159 2 1 1.41421
160 3 1 1.73205
161 7 1 2.64575
162 7 1 2.64575
163 7 1 2.64575
164 3 1 1.73205
165 6 1 2.44949
166 4 1 2
167 5 1 2.23607
168 4 1 2
169 7 1 2.64575
170 5 1 2.23607
171 3 1 1.73205
172 5 1 2.23607
173 3 1 1.73205
174 3 1 1.73205
175 4 1 2
176 3 1 1.73205
177 2 1 1.41421
178 4 1 2
179 4 1 2
180 3 1 1.73205
181 1 1 1
182 0 1 0
183 3 1 1.73205
184 2 1 1.41421
185 1 1 1
186 2 1 1.41421
187 4 1 2
188 2 1 1.41421
189 2 1 1.41421
190 3 1 1.73205
191 4 1 2
192 2 1 1.41421
193 3 1 1.73205
194 2 1 1.41421
195 1 1 1
196 2 1 1.41421
197 0 1 0
198 3 1 1.73205
199 2 1 1.41421
200 3 1 1.73205
201 1 1 1
202 2 1 1.41421
203 0 1 0
204 3 1 1.73205
205 2 1 1.41421
206 4 1 2
207 0 1 0
208 1 1 1
209 1 1 1
210 1 1 1
211 2 1 1.41421
212 1 1 1
213 1 1 1
214 0 1 0
215 2 1 1.41421
216 1 1 1
217 2 1 1.41421
218 1 1 1
219 1 1 1
220 1 1 1
221 2 1 1.41421
222 0 1 0
223 0 1 0
224 0 1 0
225 0 1 0
226 0 1 0
227 1 1 1
228 4 1 2
229 0 1 0
230 0 1 0
231 1 1 1
232 0 1 0
233 0 1 0
234 0 1 0
235 0 1 0
236 0 1 0
237 0 1 0
238 0 1 0
239 0 1 0
240 0 1 0
241 0 1 0
242 0 1 0
243 2 1 1.41421
244 0 1 0
245 0 1 0
246 1 1 1
247 0 1 0
248 0 1 0
249 0 1 0
250 1 1 1
251 1 1 1
252 0 1 0
253 0 1 0
254 2 1 1.41421
255 1 1 1
256 0 1 0
257 0 1 0
258 0 1 0
259 1 1 1
260 0 1 0
261 0 1 0
262 0 1 0
263 0 1 0
264 1 1 1
265 0 1 0
266 0 1 0
267 1 1 1
268 0 1 0
269 0 1 0
