0 0 1 0
1 0 1 0
2 1038 1 32.218
3 1964 1 44.317
4 3002 1 54.7905
5 2572 1 50.7149
6 2580 1 50.7937
7 1230 1 35.0714
8 1073 1 32.7567
9 994 1 31.5278
10 574 1 23.9583
11 522 1 22.8473
12 564 1 23.7487
13 330 1 18.1659
14 315 1 17.7482
15 245 1 15.6525
16 223 1 14.9332
17 196 1 14
18 178 1 13.3417
19 173 1 13.1529
20 170 1 13.0384
21 128 1 11.3137
22 97 1 9.84886
23 99 1 9.94987
24 98 1 9.89949
25 85 1 9.21954
26 69 1 8.30662
27 68 1 8.24621
28 73 1 8.544
29 65 1 8.06226
30 55 1 7.4162
31 64 1 8
32 52 1 7.2111
33 49 1 7
34 53 1 7.28011
35 35 1 5.91608
36 32 1 5.65685
37 43 1 6.55744
38 41 1 6.40312
39 34 1 5.83095
40 24 1 4.89898
41 26 1 5.09902
42 23 1 4.79583
43 31 1 5.56776
44 17 1 4.12311
45 21 1 4.58258
46 21 1 4.58258
47 22 1 4.69042
48 16 1 4
49 13 1 3.60555
50 15 1 3.87298
51 14 1 3.74166
52 17 1 4.12311
53 9 1 3
54 15 1 3.87298
55 12 1 3.4641
56 10 1 3.16228
57 4 1 2
58 9 1 3
59 11 1 3.31662
60 12 1 3.4641
61 12 1 3.4641
62 16 1 4
63 7 1 2.64575
64 3 1 1.73205
65 10 1 3.16228
66 0 1 0
67 3 1 1.73205
68 5 1 2.23607
69 8 1 2.82843
70 12 1 3.4641
71 2 1 1.41421
72 3 1 1.73205
73 3 1 1.73205
74 4 1 2
75 4 1 2
76 4 1 2
77 5 1 2.23607
78 4 1 2
79 3 1 1.73205
80 4 1 2
81 5 1 2.23607
82 0 1 0
83 0 1 0
84 2 1 1.41421
85 4 1 2
86 2 1 1.41421
87 2 1 1.41421
88 1 1 1
89 2 1 1.41421
90 3 1 1.73205
91 1 1 1
92 1 1 1
93 0 1 0
94 0 1 0
95 1 1 1
96 1 1 1
97 1 1 1
98 1 1 1
99 1 1 1
100 0 1 0
101 1 1 1
102 2 1 1.41421
103 2 1 1.41421
104 1 1 1
105 1 1 1
106 0 1 0
107 0 1 0
108 0 1 0
109 0 1 0
110 0 1 0
111 0 1 0
112 1 1 1
113 0 1 0
114 0 1 0
115 0 1 0
116 0 1 0
117 1 1 1
118 0 1 0
119 0 1 0
120 1 1 1
121 0 1 0
122 0 1 0
123 0 1 0
124 0 1 0
125 1 1 1
126 0 1 0
127 0 1 0
128 0 1 0
129 0 1 0
130 0 1 0
131 1 1 1
132 0 1 0
133 0 1 0
134 0 1 0
135 0 1 0
136 0 1 0
137 1 1 1
138 0 1 0
139 0 1 0
140 0 1 0
141 0 1 0
142 0 1 0
143 0 1 0
144 0 1 0
145 0 1 0
146 0 1 0
147 0 1 0
148 0 1 0
149 0 1 0
150 0 1 0
151 0 1 0
152 0 1 0
153 0 1 0
154 0 1 0
155 0 1 0
156 0 1 0
157 0 1 0
158 0 1 0
159 0 1 0
160 0 1 0
161 0 1 0
162 0 1 0
163 0 1 0
164 0 1 0
165 0 1 0
166 0 1 0
167 0 1 0
168 0 1 0
169 0 1 0
170 0 1 0
171 0 1 0
172 0 1 0
173 0 1 0
174 0 1 0
175 0 1 0
176 0 1 0
177 0 1 0
178 0 1 0
179 0 1 0
180 0 1 0
181 0 1 0
182 0 1 0
183 0 1 0
184 0 1 0
185 0 1 0
186 0 1 0
187 0 1 0
188 0 1 0
189 0 1 0
190 0 1 0
191 0 1 0
192 0 1 0
193 0 1 0
194 0 1 0
195 0 1 0
196 0 1 0
197 0 1 0
198 0 1 0
199 0 1 0
200 0 1 0
201 0 1 0
202 0 1 0
203 0 1 0
204 0 1 0
205 0 1 0
206 0 1 0
207 0 1 0
208 0 1 0
209 0 1 0
210 0 1 0
211 0 1 0
212 0 1 0
213 0 1 0
214 0 1 0
215 0 1 0
216 0 1 0
217 0 1 0
218 0 1 0
219 0 1 0
220 0 1 0
221 0 1 0
222 0 1 0
223 0 1 0
224 0 1 0
225 0 1 0
226 0 1 0
227 0 1 0
228 0 1 0
229 0 1 0
230 0 1 0
231 0 1 0
232 0 1 0
233 0 1 0
234 0 1 0
235 0 1 0
236 0 1 0
237 0 1 0
238 0 1 0
239 0 1 0
240 0 1 0
241 0 1 0
242 0 1 0
243 0 1 0
244 0 1 0
245 0 1 0
246 0 1 0
247 0 1 0
248 0 1 0
249 0 1 0
250 0 1 0
251 0 1 0
252 0 1 0
253 0 1 0
254 0 1 0
255 0 1 0
256 0 1 0
257 0 1 0
258 0 1 0
259 0 1 0
260 0 1 0
261 0 1 0
262 0 1 0
263 0 1 0
264 0 1 0
265 0 1 0
266 0 1 0
267 0 1 0
268 0 1 0
269 0 1 0
