0 0 1 0
1 0 1 0
2 3063 1 55.3444
3 4759 1 68.9855
4 5184 1 72
5 4817 1 69.4046
6 6835 1 82.6741
7 4013 1 63.3482
8 3513 1 59.2706
9 2998 1 54.754
10 2731 1 52.259
11 2135 1 46.2061
12 1870 1 43.2435
13 1595 1 39.9375
14 1469 1 38.3275
15 1337 1 36.565
16 1247 1 35.3129
17 1140 1 33.7639
18 1142 1 33.7935
19 1044 1 32.311
20 954 1 30.8869
21 939 1 30.6431
22 859 1 29.3087
23 824 1 28.7054
24 721 1 26.8514
25 755 1 27.4773
26 665 1 25.7876
27 648 1 25.4558
28 592 1 24.3311
29 512 1 22.6274
30 485 1 22.0227
31 440 1 20.9762
32 414 1 20.347
33 332 1 18.2209
34 316 1 17.7764
35 260 1 16.1245
36 258 1 16.0624
37 252 1 15.8745
38 203 1 14.2478
39 230 1 15.1658
40 204 1 14.2829
41 186 1 13.6382
42 177 1 13.3041
43 160 1 12.6491
44 159 1 12.6095
45 123 1 11.0905
46 132 1 11.4891
47 105 1 10.247
48 93 1 9.64365
49 113 1 10.6301
50 100 1 10
51 90 1 9.48683
52 97 1 9.84886
53 78 1 8.83176
54 75 1 8.66025
55 60 1 7.74597
56 78 1 8.83176
57 45 1 6.7082
58 44 1 6.63325
59 38 1 6.16441
60 37 1 6.08276
61 33 1 5.74456
62 32 1 5.65685
63 23 1 4.79583
64 27 1 5.19615
65 22 1 4.69042
66 22 1 4.69042
67 9 1 3
68 10 1 3.16228
69 10 1 3.16228
70 5 1 2.23607
71 3 1 1.73205
72 2 1 1.41421
73 1 1 1
74 0 1 0
75 0 1 0
76 0 1 0
77 0 1 0
78 0 1 0
79 0 1 0
80 0 1 0
81 0 1 0
82 0 1 0
83 0 1 0
84 0 1 0
85 0 1 0
86 0 1 0
87 0 1 0
88 0 1 0
89 0 1 0
90 0 1 0
91 0 1 0
92 0 1 0
93 0 1 0
94 0 1 0
95 0 1 0
96 0 1 0
97 0 1 0
98 0 1 0
99 0 1 0
100 0 1 0
101 0 1 0
102 0 1 0
103 0 1 0
104 0 1 0
105 0 1 0
106 0 1 0
107 0 1 0
108 0 1 0
109 0 1 0
110 0 1 0
111 0 1 0
112 0 1 0
113 0 1 0
114 0 1 0
115 0 1 0
116 0 1 0
117 0 1 0
118 0 1 0
119 0 1 0
120 0 1 0
121 0 1 0
122 0 1 0
123 0 1 0
124 0 1 0
125 0 1 0
126 0 1 0
127 0 1 0
128 0 1 0
129 0 1 0
130 0 1 0
131 0 1 0
132 0 1 0
133 0 1 0
134 0 1 0
135 0 1 0
136 0 1 0
137 0 1 0
138 0 1 0
139 0 1 0
140 0 1 0
141 0 1 0
142 0 1 0
143 0 1 0
144 0 1 0
145 0 1 0
146 0 1 0
147 0 1 0
148 0 1 0
149 0 1 0
150 0 1 0
151 0 1 0
152 0 1 0
153 0 1 0
154 0 1 0
155 0 1 0
156 0 1 0
157 0 1 0
158 0 1 0
159 0 1 0
160 0 1 0
161 0 1 0
162 0 1 0
163 0 1 0
164 0 1 0
165 0 1 0
166 0 1 0
167 0 1 0
168 0 1 0
169 0 1 0
170 0 1 0
171 0 1 0
172 0 1 0
173 0 1 0
174 0 1 0
175 0 1 0
176 0 1 0
177 0 1 0
178 0 1 0
179 0 1 0
180 0 1 0
181 0 1 0
182 0 1 0
183 0 1 0
184 0 1 0
185 0 1 0
186 0 1 0
187 0 1 0
188 0 1 0
189 0 1 0
190 0 1 0
191 0 1 0
192 0 1 0
193 0 1 0
194 0 1 0
195 0 1 0
196 0 1 0
197 0 1 0
198 0 1 0
199 0 1 0
200 0 1 0
201 0 1 0
202 0 1 0
203 0 1 0
204 0 1 0
205 0 1 0
206 0 1 0
207 0 1 0
208 0 1 0
209 0 1 0
210 0 1 0
211 0 1 0
212 0 1 0
213 0 1 0
214 0 1 0
215 0 1 0
216 0 1 0
217 0 1 0
218 0 1 0
219 0 1 0
220 0 1 0
221 0 1 0
222 0 1 0
223 0 1 0
224 0 1 0
225 0 1 0
226 0 1 0
227 0 1 0
228 0 1 0
229 0 1 0
230 0 1 0
231 0 1 0
232 0 1 0
233 0 1 0
234 0 1 0
235 0 1 0
236 0 1 0
237 0 1 0
238 0 1 0
239 0 1 0
240 0 1 0
241 0 1 0
242 0 1 0
243 0 1 0
244 0 1 0
245 0 1 0
246 0 1 0
247 0 1 0
248 0 1 0
249 0 1 0
250 0 1 0
251 0 1 0
252 0 1 0
253 0 1 0
254 0 1 0
255 0 1 0
256 0 1 0
257 0 1 0
258 0 1 0
259 0 1 0
260 0 1 0
261 0 1 0
262 0 1 0
263 0 1 0
264 0 1 0
265 0 1 0
266 0 1 0
267 0 1 0
268 0 1 0
269 0 1 0
