0 0 1 0
1 0 1 0
2 98 1 9.89949
3 116 1 10.7703
4 625 1 25
5 588 1 24.2487
6 1144 1 33.8231
7 481 1 21.9317
8 473 1 21.7486
9 577 1 24.0208
10 380 1 19.4936
11 365 1 19.105
12 452 1 21.2603
13 343 1 18.5203
14 342 1 18.4932
15 281 1 16.7631
16 291 1 17.0587
17 270 1 16.4317
18 255 1 15.9687
19 248 1 15.748
20 234 1 15.2971
21 221 1 14.8661
22 185 1 13.6015
23 207 1 14.3875
24 230 1 15.1658
25 174 1 13.1909
26 221 1 14.8661
27 209 1 14.4568
28 205 1 14.3178
29 184 1 13.5647
30 214 1 14.6287
31 222 1 14.8997
32 186 1 13.6382
33 169 1 13
34 173 1 13.1529
35 130 1 11.4018
36 173 1 13.1529
37 137 1 11.7047
38 164 1 12.8062
39 132 1 11.4891
40 151 1 12.2882
41 141 1 11.8743
42 137 1 11.7047
43 133 1 11.5326
44 116 1 10.7703
45 126 1 11.225
46 115 1 10.7238
47 94 1 9.69536
48 103 1 10.1489
49 114 1 10.6771
50 88 1 9.38083
51 94 1 9.69536
52 97 1 9.84886
53 81 1 9
54 86 1 9.27362
55 79 1 8.88819
56 78 1 8.83176
57 70 1 8.3666
58 73 1 8.544
59 97 1 9.84886
60 87 1 9.32738
61 59 1 7.68115
62 78 1 8.83176
63 83 1 9.11043
64 66 1 8.12404
65 79 1 8.88819
66 67 1 8.18535
67 53 1 7.28011
68 74 1 8.60233
69 69 1 8.30662
70 67 1 8.18535
71 66 1 8.12404
72 61 1 7.81025
73 60 1 7.74597
74 70 1 8.3666
75 56 1 7.48331
76 62 1 7.87401
77 55 1 7.4162
78 45 1 6.7082
79 48 1 6.9282
80 31 1 5.56776
81 37 1 6.08276
82 42 1 6.48074
83 48 1 6.9282
84 28 1 5.2915
85 38 1 6.16441
86 39 1 6.245
87 46 1 6.78233
88 26 1 5.09902
89 38 1 6.16441
90 31 1 5.56776
91 29 1 5.38516
92 27 1 5.19615
93 23 1 4.79583
94 27 1 5.19615
95 26 1 5.09902
96 18 1 4.24264
97 19 1 4.3589
98 23 1 4.79583
99 12 1 3.4641
100 22 1 4.69042
101 24 1 4.89898
102 17 1 4.12311
103 17 1 4.12311
104 18 1 4.24264
105 12 1 3.4641
106 18 1 4.24264
107 10 1 3.16228
108 17 1 4.12311
109 21 1 4.58258
110 15 1 3.87298
111 13 1 3.60555
112 14 1 3.74166
113 11 1 3.31662
114 12 1 3.4641
115 8 1 2.82843
116 1 1 1
117 3 1 1.73205
118 7 1 2.64575
119 4 1 2
120 14 1 3.74166
121 8 1 2.82843
122 7 1 2.64575
123 6 1 2.44949
124 2 1 1.41421
125 5 1 2.23607
126 6 1 2.44949
127 7 1 2.64575
128 5 1 2.23607
129 4 1 2
130 2 1 1.41421
131 4 1 2
132 9 1 3
133 2 1 1.41421
134 4 1 2
135 5 1 2.23607
136 1 1 1
137 3 1 1.73205
138 2 1 1.41421
139 3 1 1.73205
140 0 1 0
141 1 1 1
142 2 1 1.41421
143 2 1 1.41421
144 0 1 0
145 0 1 0
146 0 1 0
147 1 1 1
148 3 1 1.73205
149 1 1 1
150 0 1 0
151 0 1 0
152 0 1 0
153 0 1 0
154 1 1 1
155 0 1 0
156 0 1 0
157 0 1 0
158 0 1 0
159 0 1 0
160 0 1 0
161 0 1 0
162 0 1 0
163 0 1 0
164 0 1 0
165 0 1 0
166 0 1 0
167 0 1 0
168 0 1 0
169 0 1 0
170 0 1 0
171 0 1 0
172 0 1 0
173 0 1 0
174 0 1 0
175 0 1 0
176 0 1 0
177 0 1 0
178 0 1 0
179 0 1 0
180 0 1 0
181 0 1 0
182 0 1 0
183 0 1 0
184 0 1 0
185 0 1 0
186 0 1 0
187 0 1 0
188 0 1 0
189 0 1 0
190 0 1 0
191 0 1 0
192 0 1 0
193 0 1 0
194 0 1 0
195 0 1 0
196 0 1 0
197 0 1 0
198 0 1 0
199 0 1 0
200 0 1 0
201 0 1 0
202 0 1 0
203 0 1 0
204 0 1 0
205 0 1 0
206 0 1 0
207 0 1 0
208 0 1 0
209 0 1 0
210 0 1 0
211 0 1 0
212 0 1 0
213 0 1 0
214 0 1 0
215 0 1 0
216 0 1 0
217 0 1 0
218 0 1 0
219 0 1 0
220 0 1 0
221 0 1 0
222 0 1 0
223 0 1 0
224 0 1 0
225 0 1 0
226 0 1 0
227 0 1 0
228 0 1 0
229 0 1 0
230 0 1 0
231 0 1 0
232 0 1 0
233 0 1 0
234 0 1 0
235 0 1 0
236 0 1 0
237 0 1 0
238 0 1 0
239 0 1 0
240 0 1 0
241 0 1 0
242 0 1 0
243 0 1 0
244 0 1 0
245 0 1 0
246 0 1 0
247 0 1 0
248 0 1 0
249 0 1 0
250 0 1 0
251 0 1 0
252 0 1 0
253 0 1 0
254 0 1 0
255 0 1 0
256 0 1 0
257 0 1 0
258 0 1 0
259 0 1 0
260 0 1 0
261 0 1 0
262 0 1 0
263 0 1 0
264 0 1 0
265 0 1 0
266 0 1 0
267 0 1 0
268 0 1 0
269 0 1 0
