0 0 1 0
1 0 1 0
2 23 1 4.79583
3 26 1 5.09902
4 51 1 7.14143
5 54 1 7.34847
6 102 1 10.0995
7 64 1 8
8 49 1 7
9 73 1 8.544
10 32 1 5.65685
11 49 1 7
12 57 1 7.54983
13 35 1 5.91608
14 29 1 5.38516
15 34 1 5.83095
16 24 1 4.89898
17 21 1 4.58258
18 25 1 5
19 17 1 4.12311
20 27 1 5.19615
21 14 1 3.74166
22 16 1 4
23 20 1 4.47214
24 18 1 4.24264
25 19 1 4.3589
26 13 1 3.60555
27 14 1 3.74166
28 20 1 4.47214
29 15 1 3.87298
30 18 1 4.24264
31 27 1 5.19615
32 23 1 4.79583
33 17 1 4.12311
34 18 1 4.24264
35 16 1 4
36 15 1 3.87298
37 20 1 4.47214
38 20 1 4.47214
39 19 1 4.3589
40 12 1 3.4641
41 17 1 4.12311
42 9 1 3
43 16 1 4
44 12 1 3.4641
45 15 1 3.87298
46 13 1 3.60555
47 13 1 3.60555
48 12 1 3.4641
49 13 1 3.60555
50 13 1 3.60555
51 11 1 3.31662
52 15 1 3.87298
53 11 1 3.31662
54 16 1 4
55 14 1 3.74166
56 10 1 3.16228
57 6 1 2.44949
58 12 1 3.4641
59 15 1 3.87298
60 12 1 3.4641
61 11 1 3.31662
62 16 1 4
63 16 1 4
64 4 1 2
65 13 1 3.60555
66 2 1 1.41421
67 11 1 3.31662
68 3 1 1.73205
69 10 1 3.16228
70 14 1 3.74166
71 6 1 2.44949
72 14 1 3.74166
73 6 1 2.44949
74 10 1 3.16228
75 8 1 2.82843
76 11 1 3.31662
77 13 1 3.60555
78 12 1 3.4641
79 10 1 3.16228
80 6 1 2.44949
81 6 1 2.44949
82 8 1 2.82843
83 10 1 3.16228
84 9 1 3
85 6 1 2.44949
86 9 1 3
87 10 1 3.16228
88 6 1 2.44949
89 13 1 3.60555
90 5 1 2.23607
91 10 1 3.16228
92 7 1 2.64575
93 10 1 3.16228
94 10 1 3.16228
95 12 1 3.4641
96 8 1 2.82843
97 7 1 2.64575
98 11 1 3.31662
99 6 1 2.44949
100 11 1 3.31662
101 9 1 3
102 7 1 2.64575
103 6 1 2.44949
104 15 1 3.87298
105 7 1 2.64575
106 8 1 2.82843
107 7 1 2.64575
108 7 1 2.64575
109 12 1 3.4641
110 9 1 3
111 5 1 2.23607
112 4 1 2
113 7 1 2.64575
114 3 1 1.73205
115 9 1 3
116 9 1 3
117 7 1 2.64575
118 4 1 2
119 5 1 2.23607
120 5 1 2.23607
121 7 1 2.64575
122 9 1 3
123 7 1 2.64575
124 5 1 2.23607
125 7 1 2.64575
126 6 1 2.44949
127 4 1 2
128 5 1 2.23607
129 11 1 3.31662
130 5 1 2.23607
131 9 1 3
132 9 1 3
133 7 1 2.64575
134 3 1 1.73205
135 5 1 2.23607
136 5 1 2.23607
137 6 1 2.44949
138 7 1 2.64575
139 7 1 2.64575
140 5 1 2.23607
141 5 1 2.23607
142 4 1 2
143 5 1 2.23607
144 2 1 1.41421
145 7 1 2.64575
146 5 1 2.23607
147 6 1 2.44949
148 3 1 1.73205
149 2 1 1.41421
150 4 1 2
151 4 1 2
152 3 1 1.73205
153 4 1 2
154 5 1 2.23607
155 5 1 2.23607
156 3 1 1.73205
157 5 1 2.23607
158 6 1 2.44949
159 2 1 1.41421
160 3 1 1.73205
161 6 1 2.44949
162 7 1 2.64575
163 4 1 2
164 3 1 1.73205
165 5 1 2.23607
166 4 1 2
167 4 1 2
168 4 1 2
169 6 1 2.44949
170 5 1 2.23607
171 2 1 1.41421
172 3 1 1.73205
173 3 1 1.73205
174 2 1 1.41421
175 4 1 2
176 3 1 1.73205
177 1 1 1
178 3 1 1.73205
179 3 1 1.73205
180 3 1 1.73205
181 0 1 0
182 0 1 0
183 3 1 1.73205
184 2 1 1.41421
185 1 1 1
186 1 1 1
187 3 1 1.73205
188 1 1 1
189 1 1 1
190 3 1 1.73205
191 4 1 2
192 0 1 0
193 3 1 1.73205
194 1 1 1
195 1 1 1
196 2 1 1.41421
197 0 1 0
198 3 1 1.73205
199 2 1 1.41421
200 3 1 1.73205
201 1 1 1
202 2 1 1.41421
203 0 1 0
204 3 1 1.73205
205 2 1 1.41421
206 3 1 1.73205
207 0 1 0
208 1 1 1
209 0 1 0
210 1 1 1
211 0 1 0
212 1 1 1
213 0 1 0
214 0 1 0
215 1 1 1
216 1 1 1
217 2 1 1.41421
218 1 1 1
219 1 1 1
220 1 1 1
221 2 1 1.41421
222 0 1 0
223 0 1 0
224 0 1 0
225 0 1 0
226 0 1 0
227 1 1 1
228 2 1 1.41421
229 0 1 0
230 0 1 0
231 0 1 0
232 0 1 0
233 0 1 0
234 0 1 0
235 0 1 0
236 0 1 0
237 0 1 0
238 0 1 0
239 0 1 0
240 0 1 0
241 0 1 0
242 0 1 0
243 1 1 1
244 0 1 0
245 0 1 0
246 1 1 1
247 0 1 0
248 0 1 0
249 0 1 0
250 0 1 0
251 0 1 0
252 0 1 0
253 0 1 0
254 1 1 1
255 1 1 1
256 0 1 0
257 0 1 0
258 0 1 0
259 0 1 0
260 0 1 0
261 0 1 0
262 0 1 0
263 0 1 0
264 0 1 0
265 0 1 0
266 0 1 0
267 0 1 0
268 0 1 0
269 0 1 0
