0 0 0.08 0
0.08 0 0.08 0
0.16 0 0.08 0
0.24 0 0.08 0
0.32 0 0.08 0
0.4 0 0.08 0
0.48 0 0.08 0
0.56 0 0.08 0
0.64 1 0.08 1
0.72 0 0.08 0
0.8 1 0.08 1
0.88 13 0.08 3.60555
0.96 14 0.08 3.74166
1.04 21 0.08 4.58258
1.12 22 0.08 4.69042
1.2 37 0.08 6.08276
1.28 78 0.08 8.83176
1.36 275 0.08 16.5831
1.44 1428 0.08 37.7889
1.52 6694 0.08 81.8169
1.6 19383 0.08 139.223
1.68 30642 0.08 175.049
1.76 34885 0.08 186.775
1.84 34806 0.08 186.564
1.92 33386 0.08 182.718
2 31098 0.08 176.346
2.08 28315 0.08 168.271
2.16 25437 0.08 159.49
2.24 22532 0.08 150.107
2.32 19653 0.08 140.189
2.4 16677 0.08 129.139
2.48 14445 0.08 120.187
2.56 12432 0.08 111.499
2.64 10826 0.08 104.048
2.72 9078 0.08 95.2785
2.8 7783 0.08 88.2213
2.88 6428 0.08 80.1748
2.96 5645 0.08 75.1332
3.04 4804 0.08 69.3109
3.12 4161 0.08 64.5058
3.2 3495 0.08 59.1185
3.28 2984 0.08 54.626
3.36 2447 0.08 49.4672
3.44 2097 0.08 45.793
3.52 1610 0.08 40.1248
3.6 1354 0.08 36.7967
3.68 1165 0.08 34.1321
3.76 891 0.08 29.8496
3.84 723 0.08 26.8887
3.92 622 0.08 24.9399
4 481 0.08 21.9317
4.08 385 0.08 19.6214
4.16 275 0.08 16.5831
4.24 209 0.08 14.4568
4.32 134 0.08 11.5758
4.4 107 0.08 10.3441
4.48 63 0.08 7.93725
4.56 47 0.08 6.85565
4.64 30 0.08 5.47723
4.72 20 0.08 4.47214
4.8 23 0.08 4.79583
4.88 10 0.08 3.16228
4.96 8 0.08 2.82843
5.04 2 0.08 1.41421
5.12 2 0.08 1.41421
5.2 5 0.08 2.23607
5.28 0 0.08 0
5.36 1 0.08 1
5.44 0 0.08 0
5.52 0 0.08 0
5.6 0 0.08 0
5.68 0 0.08 0
5.76 0 0.08 0
5.84 0 0.08 0
5.92 0 0.08 0
6 0 0.08 0
6.08 0 0.08 0
6.16 0 0.08 0
6.24 0 0.08 0
6.32 0 0.08 0
6.4 0 0.08 0
6.48 0 0.08 0
6.56 0 0.08 0
6.64 0 0.08 0
6.72 0 0.08 0
6.8 0 0.08 0
6.88 0 0.08 0
6.96 0 0.08 0
7.04 0 0.08 0
7.12 0 0.08 0
7.2 0 0.08 0
7.28 0 0.08 0
7.36 0 0.08 0
7.44 0 0.08 0
7.52 0 0.08 0
7.6 0 0.08 0
7.68 0 0.08 0
7.76 0 0.08 0
7.84 0 0.08 0
7.92 0 0.08 0
