0 0 0.08 0
0.08 0 0.08 0
0.16 2 0.08 1.41421
0.24 2 0.08 1.41421
0.32 4 0.08 2
0.4 11 0.08 3.31662
0.48 14 0.08 3.74166
0.56 15 0.08 3.87298
0.64 33 0.08 5.74456
0.72 40 0.08 6.32456
0.8 52 0.08 7.2111
0.88 81 0.08 9
0.96 129 0.08 11.3578
1.04 476 0.08 21.8174
1.12 4474 0.08 66.888
1.2 12991 0.08 113.978
1.28 19016 0.08 137.899
1.36 21377 0.08 146.209
1.44 21710 0.08 147.343
1.52 20993 0.08 144.89
1.6 19752 0.08 140.542
1.68 18345 0.08 135.444
1.76 16473 0.08 128.347
1.84 14310 0.08 119.624
1.92 12243 0.08 110.648
2 10438 0.08 102.167
2.08 8915 0.08 94.4193
2.16 7400 0.08 86.0233
2.24 6702 0.08 81.8657
2.32 5443 0.08 73.7767
2.4 4658 0.08 68.2495
2.48 3961 0.08 62.9365
2.56 3200 0.08 56.5685
2.64 2794 0.08 52.8583
2.72 2325 0.08 48.2183
2.8 1888 0.08 43.4511
2.88 1604 0.08 40.05
2.96 1289 0.08 35.9026
3.04 1200 0.08 34.641
3.12 955 0.08 30.9031
3.2 743 0.08 27.258
3.28 667 0.08 25.8263
3.36 553 0.08 23.516
3.44 440 0.08 20.9762
3.52 336 0.08 18.3303
3.6 314 0.08 17.72
3.68 268 0.08 16.3707
3.76 197 0.08 14.0357
3.84 172 0.08 13.1149
3.92 148 0.08 12.1655
4 113 0.08 10.6301
4.08 81 0.08 9
4.16 68 0.08 8.24621
4.24 55 0.08 7.4162
4.32 57 0.08 7.54983
4.4 36 0.08 6
4.48 25 0.08 5
4.56 12 0.08 3.4641
4.64 10 0.08 3.16228
4.72 4 0.08 2
4.8 1 0.08 1
4.88 2 0.08 1.41421
4.96 1 0.08 1
5.04 1 0.08 1
5.12 0 0.08 0
5.2 0 0.08 0
5.28 0 0.08 0
5.36 0 0.08 0
5.44 0 0.08 0
5.52 0 0.08 0
5.6 0 0.08 0
5.68 0 0.08 0
5.76 0 0.08 0
5.84 0 0.08 0
5.92 0 0.08 0
6 0 0.08 0
6.08 0 0.08 0
6.16 0 0.08 0
6.24 0 0.08 0
6.32 0 0.08 0
6.4 0 0.08 0
6.48 0 0.08 0
6.56 0 0.08 0
6.64 0 0.08 0
6.72 0 0.08 0
6.8 0 0.08 0
6.88 0 0.08 0
6.96 0 0.08 0
7.04 0 0.08 0
7.12 0 0.08 0
7.2 0 0.08 0
7.28 0 0.08 0
7.36 0 0.08 0
7.44 0 0.08 0
7.52 0 0.08 0
7.6 0 0.08 0
7.68 0 0.08 0
7.76 0 0.08 0
7.84 0 0.08 0
7.92 0 0.08 0
