0 0 0.08 0
0.08 0 0.08 0
0.16 0 0.08 0
0.24 0 0.08 0
0.32 4 0.08 2
0.4 10 0.08 3.16228
0.48 21 0.08 4.58258
0.56 37 0.08 6.08276
0.64 69 0.08 8.30662
0.72 90 0.08 9.48683
0.8 120 0.08 10.9545
0.88 113 0.08 10.6301
0.96 127 0.08 11.2694
1.04 164 0.08 12.8062
1.12 223 0.08 14.9332
1.2 955 0.08 30.9031
1.28 7354 0.08 85.7555
1.36 19150 0.08 138.384
1.44 27456 0.08 165.699
1.52 30844 0.08 175.625
1.6 31755 0.08 178.199
1.68 30276 0.08 174
1.76 27738 0.08 166.547
1.84 25144 0.08 158.569
1.92 22079 0.08 148.59
2 18946 0.08 137.644
2.08 16601 0.08 128.845
2.16 14069 0.08 118.613
2.24 12278 0.08 110.806
2.32 10469 0.08 102.318
2.4 8888 0.08 94.2762
2.48 7616 0.08 87.2697
2.56 6140 0.08 78.3582
2.64 5448 0.08 73.8106
2.72 4471 0.08 66.8655
2.8 3894 0.08 62.4019
2.88 3190 0.08 56.4801
2.96 2753 0.08 52.469
3.04 2338 0.08 48.3529
3.12 2012 0.08 44.8553
3.2 1647 0.08 40.5832
3.28 1309 0.08 36.1801
3.36 1131 0.08 33.6303
3.44 947 0.08 30.7734
3.52 779 0.08 27.9106
3.6 630 0.08 25.0998
3.68 518 0.08 22.7596
3.76 448 0.08 21.166
3.84 400 0.08 20
3.92 322 0.08 17.9444
4 267 0.08 16.3401
4.08 231 0.08 15.1987
4.16 201 0.08 14.1774
4.24 154 0.08 12.4097
4.32 156 0.08 12.49
4.4 113 0.08 10.6301
4.48 75 0.08 8.66025
4.56 66 0.08 8.12404
4.64 68 0.08 8.24621
4.72 47 0.08 6.85565
4.8 33 0.08 5.74456
4.88 26 0.08 5.09902
4.96 26 0.08 5.09902
5.04 9 0.08 3
5.12 12 0.08 3.4641
5.2 3 0.08 1.73205
5.28 4 0.08 2
5.36 1 0.08 1
5.44 3 0.08 1.73205
5.52 2 0.08 1.41421
5.6 0 0.08 0
5.68 1 0.08 1
5.76 0 0.08 0
5.84 0 0.08 0
5.92 0 0.08 0
6 0 0.08 0
6.08 0 0.08 0
6.16 0 0.08 0
6.24 0 0.08 0
6.32 0 0.08 0
6.4 0 0.08 0
6.48 0 0.08 0
6.56 0 0.08 0
6.64 0 0.08 0
6.72 0 0.08 0
6.8 0 0.08 0
6.88 0 0.08 0
6.96 0 0.08 0
7.04 0 0.08 0
7.12 0 0.08 0
7.2 0 0.08 0
7.28 0 0.08 0
7.36 0 0.08 0
7.44 0 0.08 0
7.52 0 0.08 0
7.6 0 0.08 0
7.68 0 0.08 0
7.76 0 0.08 0
7.84 0 0.08 0
7.92 0 0.08 0
