0 1341 0.01 36.6197
0.01 4 0.01 2
0.02 52 0.01 7.2111
0.03 834 0.01 28.8791
0.04 2712 0.01 52.0769
0.05 6195 0.01 78.7083
0.06 12075 0.01 109.886
0.07 20987 0.01 144.869
0.08 28857 0.01 169.873
0.09 34123 0.01 184.724
0.1 32245 0.01 179.569
0.11 28932 0.01 170.094
0.12 23528 0.01 153.388
0.13 17881 0.01 133.72
0.14 12707 0.01 112.725
0.15 8709 0.01 93.322
0.16 5505 0.01 74.1957
0.17 3606 0.01 60.05
0.18 2421 0.01 49.2037
0.19 1558 0.01 39.4715
0.2 1110 0.01 33.3167
0.21 775 0.01 27.8388
0.22 606 0.01 24.6171
0.23 446 0.01 21.1187
0.24 345 0.01 18.5742
0.25 262 0.01 16.1864
0.26 238 0.01 15.4272
0.27 191 0.01 13.8203
0.28 155 0.01 12.4499
0.29 113 0.01 10.6301
0.3 119 0.01 10.9087
0.31 92 0.01 9.59166
0.32 87 0.01 9.32738
0.33 79 0.01 8.88819
0.34 66 0.01 8.12404
0.35 57 0.01 7.54983
0.36 59 0.01 7.68115
0.37 61 0.01 7.81025
0.38 54 0.01 7.34847
0.39 45 0.01 6.7082
0.4 35 0.01 5.91608
0.41 43 0.01 6.55744
0.42 29 0.01 5.38516
0.43 29 0.01 5.38516
0.44 25 0.01 5
0.45 18 0.01 4.24264
0.46 21 0.01 4.58258
0.47 18 0.01 4.24264
0.48 15 0.01 3.87298
0.49 17 0.01 4.12311
0.5 15 0.01 3.87298
0.51 15 0.01 3.87298
0.52 13 0.01 3.60555
0.53 10 0.01 3.16228
0.54 11 0.01 3.31662
0.55 5 0.01 2.23607
0.56 6 0.01 2.44949
0.57 7 0.01 2.64575
0.58 7 0.01 2.64575
0.59 5 0.01 2.23607
0.6 3 0.01 1.73205
0.61 7 0.01 2.64575
0.62 4 0.01 2
0.63 5 0.01 2.23607
0.64 1 0.01 1
0.65 2 0.01 1.41421
0.66 2 0.01 1.41421
0.67 2 0.01 1.41421
0.68 2 0.01 1.41421
0.69 3 0.01 1.73205
0.7 1 0.01 1
0.71 0 0.01 0
0.72 4 0.01 2
0.73 1 0.01 1
0.74 0 0.01 0
0.75 0 0.01 0
0.76 0 0.01 0
0.77 2 0.01 1.41421
0.78 0 0.01 0
0.79 0 0.01 0
0.8 0 0.01 0
0.81 0 0.01 0
0.82 0 0.01 0
0.83 2 0.01 1.41421
0.84 0 0.01 0
0.85 1 0.01 1
0.86 1 0.01 1
0.87 0 0.01 0
0.88 0 0.01 0
0.89 0 0.01 0
0.9 0 0.01 0
0.91 0 0.01 0
0.92 0 0.01 0
0.93 0 0.01 0
0.94 0 0.01 0
0.95 0 0.01 0
0.96 0 0.01 0
0.97 0 0.01 0
0.98 0 0.01 0
0.99 0 0.01 0
1 0 0.01 0
1.01 0 0.01 0
1.02 0 0.01 0
1.03 0 0.01 0
1.04 0 0.01 0
1.05 0 0.01 0
1.06 0 0.01 0
1.07 0 0.01 0
1.08 0 0.01 0
1.09 0 0.01 0
1.1 0 0.01 0
1.11 0 0.01 0
1.12 0 0.01 0
1.13 0 0.01 0
1.14 0 0.01 0
1.15 0 0.01 0
1.16 0 0.01 0
1.17 0 0.01 0
1.18 0 0.01 0
1.19 0 0.01 0
1.2 0 0.01 0
1.21 0 0.01 0
1.22 0 0.01 0
1.23 0 0.01 0
1.24 0 0.01 0
1.25 0 0.01 0
1.26 0 0.01 0
1.27 0 0.01 0
1.28 0 0.01 0
1.29 0 0.01 0
1.3 0 0.01 0
1.31 0 0.01 0
1.32 0 0.01 0
1.33 0 0.01 0
1.34 0 0.01 0
1.35 0 0.01 0
1.36 0 0.01 0
1.37 0 0.01 0
1.38 0 0.01 0
1.39 0 0.01 0
1.4 0 0.01 0
1.41 0 0.01 0
1.42 0 0.01 0
1.43 0 0.01 0
1.44 0 0.01 0
1.45 0 0.01 0
1.46 0 0.01 0
1.47 0 0.01 0
1.48 0 0.01 0
1.49 0 0.01 0
1.5 0 0.01 0
1.51 0 0.01 0
1.52 0 0.01 0
1.53 0 0.01 0
1.54 0 0.01 0
1.55 0 0.01 0
1.56 0 0.01 0
1.57 0 0.01 0
1.58 0 0.01 0
1.59 0 0.01 0
1.6 0 0.01 0
1.61 0 0.01 0
1.62 0 0.01 0
1.63 0 0.01 0
1.64 0 0.01 0
1.65 0 0.01 0
1.66 0 0.01 0
1.67 0 0.01 0
1.68 0 0.01 0
1.69 0 0.01 0
