0 0 1
1 0 1
2 98 1
3 116 1
4 625 1
5 588 1
6 1144 1
7 481 1
8 473 1
9 577 1
10 380 1
11 365 1
12 452 1
13 343 1
14 342 1
15 281 1
16 291 1
17 270 1
18 255 1
19 248 1
20 234 1
21 221 1
22 185 1
23 207 1
24 230 1
25 174 1
26 221 1
27 209 1
28 205 1
29 184 1
30 214 1
31 222 1
32 186 1
33 169 1
34 173 1
35 130 1
36 173 1
37 137 1
38 164 1
39 132 1
40 151 1
41 141 1
42 137 1
43 133 1
44 116 1
45 126 1
46 115 1
47 94 1
48 103 1
49 114 1
50 88 1
51 94 1
52 97 1
53 81 1
54 86 1
55 79 1
56 78 1
57 70 1
58 73 1
59 97 1
60 87 1
61 59 1
62 78 1
63 83 1
64 66 1
65 79 1
66 67 1
67 53 1
68 74 1
69 69 1
70 67 1
71 66 1
72 61 1
73 60 1
74 70 1
75 56 1
76 62 1
77 55 1
78 45 1
79 48 1
80 31 1
81 37 1
82 42 1
83 48 1
84 28 1
85 38 1
86 39 1
87 46 1
88 26 1
89 38 1
90 31 1
91 29 1
92 27 1
93 23 1
94 27 1
95 26 1
96 18 1
97 19 1
98 23 1
99 12 1
100 22 1
101 24 1
102 17 1
103 17 1
104 18 1
105 12 1
106 18 1
107 10 1
108 17 1
109 21 1
110 15 1
111 13 1
112 14 1
113 11 1
114 12 1
115 8 1
116 1 1
117 3 1
118 7 1
119 4 1
120 14 1
121 8 1
122 7 1
123 6 1
124 2 1
125 5 1
126 6 1
127 7 1
128 5 1
129 4 1
130 2 1
131 4 1
132 9 1
133 2 1
134 4 1
135 5 1
136 1 1
137 3 1
138 2 1
139 3 1
140 0 1
141 1 1
142 2 1
143 2 1
144 0 1
145 0 1
146 0 1
147 1 1
148 3 1
149 1 1
150 0 1
151 0 1
152 0 1
153 0 1
154 1 1
155 0 1
156 0 1
157 0 1
158 0 1
159 0 1
160 0 1
161 0 1
162 0 1
163 0 1
164 0 1
165 0 1
166 0 1
167 0 1
168 0 1
169 0 1
170 0 1
171 0 1
172 0 1
173 0 1
174 0 1
175 0 1
176 0 1
177 0 1
178 0 1
179 0 1
180 0 1
181 0 1
182 0 1
183 0 1
184 0 1
185 0 1
186 0 1
187 0 1
188 0 1
189 0 1
190 0 1
191 0 1
192 0 1
193 0 1
194 0 1
195 0 1
196 0 1
197 0 1
198 0 1
199 0 1
