0 0 1
1 0 1
2 9738 1
3 9636 1
4 6683 1
5 5794 1
6 5501 1
7 4190 1
8 3847 1
9 3394 1
10 3303 1
11 3169 1
12 2036 1
13 1728 1
14 1530 1
15 1394 1
16 1204 1
17 1132 1
18 1065 1
19 1054 1
20 939 1
21 964 1
22 838 1
23 814 1
24 710 1
25 704 1
26 583 1
27 537 1
28 532 1
29 451 1
30 424 1
31 395 1
32 381 1
33 304 1
34 293 1
35 246 1
36 252 1
37 238 1
38 191 1
39 231 1
40 211 1
41 186 1
42 184 1
43 169 1
44 171 1
45 138 1
46 152 1
47 114 1
48 111 1
49 136 1
50 120 1
51 109 1
52 130 1
53 97 1
54 95 1
55 89 1
56 106 1
57 70 1
58 70 1
59 78 1
60 73 1
61 62 1
62 70 1
63 70 1
64 65 1
65 58 1
66 62 1
67 41 1
68 50 1
69 55 1
70 48 1
71 43 1
72 40 1
73 38 1
74 42 1
75 37 1
76 39 1
77 37 1
78 25 1
79 36 1
80 22 1
81 25 1
82 32 1
83 35 1
84 22 1
85 27 1
86 22 1
87 36 1
88 20 1
89 30 1
90 22 1
91 22 1
92 22 1
93 16 1
94 18 1
95 21 1
96 14 1
97 13 1
98 17 1
99 11 1
100 21 1
101 20 1
102 14 1
103 14 1
104 15 1
105 11 1
106 15 1
107 9 1
108 17 1
109 17 1
110 16 1
111 15 1
112 12 1
113 10 1
114 10 1
115 6 1
116 1 1
117 3 1
118 7 1
119 5 1
120 14 1
121 7 1
122 6 1
123 5 1
124 1 1
125 5 1
126 7 1
127 7 1
128 4 1
129 5 1
130 4 1
131 5 1
132 10 1
133 4 1
134 4 1
135 7 1
136 2 1
137 5 1
138 3 1
139 6 1
140 2 1
141 3 1
142 3 1
143 4 1
144 1 1
145 4 1
146 1 1
147 6 1
148 4 1
149 1 1
150 3 1
151 3 1
152 2 1
153 3 1
154 4 1
155 4 1
156 2 1
157 3 1
158 3 1
159 2 1
160 2 1
161 4 1
162 4 1
163 3 1
164 2 1
165 3 1
166 1 1
167 3 1
168 4 1
169 4 1
170 5 1
171 1 1
172 1 1
173 1 1
174 1 1
175 3 1
176 1 1
177 1 1
178 4 1
179 3 1
180 3 1
181 0 1
182 0 1
183 3 1
184 2 1
185 1 1
186 1 1
187 1 1
188 0 1
189 1 1
190 3 1
191 3 1
192 1 1
193 0 1
194 0 1
195 1 1
196 2 1
197 0 1
198 2 1
199 2 1
