0 0 1
1 0 1
2 14708 1
3 16738 1
4 14414 1
5 12825 1
6 16613 1
7 8509 1
8 7285 1
9 6338 1
10 5455 1
11 5012 1
12 3741 1
13 3096 1
14 2801 1
15 2498 1
16 2198 1
17 2023 1
18 1939 1
19 1806 1
20 1633 1
21 1589 1
22 1383 1
23 1332 1
24 1173 1
25 1093 1
26 967 1
27 908 1
28 842 1
29 727 1
30 728 1
31 694 1
32 624 1
33 525 1
34 511 1
35 409 1
36 447 1
37 409 1
38 389 1
39 385 1
40 368 1
41 346 1
42 325 1
43 314 1
44 287 1
45 264 1
46 260 1
47 216 1
48 208 1
49 240 1
50 202 1
51 195 1
52 210 1
53 170 1
54 178 1
55 154 1
56 168 1
57 122 1
58 129 1
59 152 1
60 137 1
61 104 1
62 129 1
63 123 1
64 97 1
65 114 1
66 91 1
67 73 1
68 89 1
69 90 1
70 88 1
71 75 1
72 78 1
73 68 1
74 81 1
75 65 1
76 74 1
77 68 1
78 58 1
79 59 1
80 40 1
81 47 1
82 50 1
83 58 1
84 38 1
85 45 1
86 48 1
87 57 1
88 32 1
89 51 1
90 38 1
91 40 1
92 34 1
93 33 1
94 39 1
95 38 1
96 27 1
97 26 1
98 35 1
99 18 1
100 33 1
101 33 1
102 24 1
103 23 1
104 34 1
105 20 1
106 26 1
107 17 1
108 25 1
109 33 1
110 24 1
111 18 1
112 19 1
113 18 1
114 15 1
115 17 1
116 11 1
117 11 1
118 11 1
119 9 1
120 20 1
121 15 1
122 16 1
123 13 1
124 7 1
125 14 1
126 13 1
127 11 1
128 10 1
129 15 1
130 7 1
131 14 1
132 18 1
133 9 1
134 7 1
135 10 1
136 7 1
137 10 1
138 11 1
139 10 1
140 7 1
141 8 1
142 6 1
143 8 1
144 3 1
145 7 1
146 5 1
147 7 1
148 7 1
149 5 1
150 4 1
151 5 1
152 4 1
153 5 1
154 6 1
155 6 1
156 4 1
157 5 1
158 8 1
159 2 1
160 3 1
161 7 1
162 7 1
163 7 1
164 3 1
165 6 1
166 4 1
167 5 1
168 4 1
169 7 1
170 5 1
171 3 1
172 5 1
173 3 1
174 3 1
175 4 1
176 3 1
177 2 1
178 4 1
179 4 1
180 3 1
181 1 1
182 0 1
183 3 1
184 2 1
185 1 1
186 2 1
187 4 1
188 2 1
189 2 1
190 3 1
191 4 1
192 2 1
193 3 1
194 2 1
195 1 1
196 2 1
197 0 1
198 3 1
199 2 1
