0 0 1
1 0 1
2 3063 1
3 4759 1
4 5184 1
5 4817 1
6 6835 1
7 4013 1
8 3513 1
9 2998 1
10 2731 1
11 2135 1
12 1870 1
13 1595 1
14 1469 1
15 1337 1
16 1247 1
17 1140 1
18 1142 1
19 1044 1
20 954 1
21 939 1
22 859 1
23 824 1
24 721 1
25 755 1
26 665 1
27 648 1
28 592 1
29 512 1
30 485 1
31 440 1
32 414 1
33 332 1
34 316 1
35 260 1
36 258 1
37 252 1
38 203 1
39 230 1
40 204 1
41 186 1
42 177 1
43 160 1
44 159 1
45 123 1
46 132 1
47 105 1
48 93 1
49 113 1
50 100 1
51 90 1
52 97 1
53 78 1
54 75 1
55 60 1
56 78 1
57 45 1
58 44 1
59 38 1
60 37 1
61 33 1
62 32 1
63 23 1
64 27 1
65 22 1
66 22 1
67 9 1
68 10 1
69 10 1
70 5 1
71 3 1
72 2 1
73 1 1
74 0 1
75 0 1
76 0 1
77 0 1
78 0 1
79 0 1
80 0 1
81 0 1
82 0 1
83 0 1
84 0 1
85 0 1
86 0 1
87 0 1
88 0 1
89 0 1
90 0 1
91 0 1
92 0 1
93 0 1
94 0 1
95 0 1
96 0 1
97 0 1
98 0 1
99 0 1
100 0 1
101 0 1
102 0 1
103 0 1
104 0 1
105 0 1
106 0 1
107 0 1
108 0 1
109 0 1
110 0 1
111 0 1
112 0 1
113 0 1
114 0 1
115 0 1
116 0 1
117 0 1
118 0 1
119 0 1
120 0 1
121 0 1
122 0 1
123 0 1
124 0 1
125 0 1
126 0 1
127 0 1
128 0 1
129 0 1
130 0 1
131 0 1
132 0 1
133 0 1
134 0 1
135 0 1
136 0 1
137 0 1
138 0 1
139 0 1
140 0 1
141 0 1
142 0 1
143 0 1
144 0 1
145 0 1
146 0 1
147 0 1
148 0 1
149 0 1
150 0 1
151 0 1
152 0 1
153 0 1
154 0 1
155 0 1
156 0 1
157 0 1
158 0 1
159 0 1
160 0 1
161 0 1
162 0 1
163 0 1
164 0 1
165 0 1
166 0 1
167 0 1
168 0 1
169 0 1
170 0 1
171 0 1
172 0 1
173 0 1
174 0 1
175 0 1
176 0 1
177 0 1
178 0 1
179 0 1
180 0 1
181 0 1
182 0 1
183 0 1
184 0 1
185 0 1
186 0 1
187 0 1
188 0 1
189 0 1
190 0 1
191 0 1
192 0 1
193 0 1
194 0 1
195 0 1
196 0 1
197 0 1
198 0 1
199 0 1
