0 0 1
1 0 1
2 23 1
3 26 1
4 51 1
5 54 1
6 102 1
7 64 1
8 49 1
9 73 1
10 32 1
11 49 1
12 57 1
13 35 1
14 29 1
15 34 1
16 24 1
17 21 1
18 25 1
19 17 1
20 27 1
21 14 1
22 16 1
23 20 1
24 18 1
25 19 1
26 13 1
27 14 1
28 20 1
29 15 1
30 18 1
31 27 1
32 23 1
33 17 1
34 18 1
35 16 1
36 15 1
37 20 1
38 20 1
39 19 1
40 12 1
41 17 1
42 9 1
43 16 1
44 12 1
45 15 1
46 13 1
47 13 1
48 12 1
49 13 1
50 13 1
51 11 1
52 15 1
53 11 1
54 16 1
55 14 1
56 10 1
57 6 1
58 12 1
59 15 1
60 12 1
61 11 1
62 16 1
63 16 1
64 4 1
65 13 1
66 2 1
67 11 1
68 3 1
69 10 1
70 14 1
71 6 1
72 14 1
73 6 1
74 10 1
75 8 1
76 11 1
77 13 1
78 12 1
79 10 1
80 6 1
81 6 1
82 8 1
83 10 1
84 9 1
85 6 1
86 9 1
87 10 1
88 6 1
89 13 1
90 5 1
91 10 1
92 7 1
93 10 1
94 10 1
95 12 1
96 8 1
97 7 1
98 11 1
99 6 1
100 11 1
101 9 1
102 7 1
103 6 1
104 15 1
105 7 1
106 8 1
107 7 1
108 7 1
109 12 1
110 9 1
111 5 1
112 4 1
113 7 1
114 3 1
115 9 1
116 9 1
117 7 1
118 4 1
119 5 1
120 5 1
121 7 1
122 9 1
123 7 1
124 5 1
125 7 1
126 6 1
127 4 1
128 5 1
129 11 1
130 5 1
131 9 1
132 9 1
133 7 1
134 3 1
135 5 1
136 5 1
137 6 1
138 7 1
139 7 1
140 5 1
141 5 1
142 4 1
143 5 1
144 2 1
145 7 1
146 5 1
147 6 1
148 3 1
149 2 1
150 4 1
151 4 1
152 3 1
153 4 1
154 5 1
155 5 1
156 3 1
157 5 1
158 6 1
159 2 1
160 3 1
161 6 1
162 7 1
163 4 1
164 3 1
165 5 1
166 4 1
167 4 1
168 4 1
169 6 1
170 5 1
171 2 1
172 3 1
173 3 1
174 2 1
175 4 1
176 3 1
177 1 1
178 3 1
179 3 1
180 3 1
181 0 1
182 0 1
183 3 1
184 2 1
185 1 1
186 1 1
187 3 1
188 1 1
189 1 1
190 3 1
191 4 1
192 0 1
193 3 1
194 1 1
195 1 1
196 2 1
197 0 1
198 3 1
199 2 1
