0 0 4
4 0 4
8 0 4
12 0 4
16 0 4
20 0 4
24 0 4
28 0 4
32 0 4
36 0 4
40 0 4
44 0 4
48 0 4
52 0 4
56 0 4
60 0 4
64 0 4
68 0 4
72 0 4
76 0 4
80 0 4
84 0 4
88 0 4
92 0 4
96 0 4
100 0 4
104 0 4
108 0 4
112 0 4
116 0 4
120 0 4
124 0 4
128 0 4
132 0 4
136 0 4
140 0 4
144 0 4
148 0 4
152 0 4
156 0 4
160 0 4
164 0 4
168 0 4
172 0 4
176 0 4
180 0 4
184 0 4
188 0 4
192 0 4
196 0 4
200 0 4
204 0 4
208 0 4
212 0 4
216 0 4
220 0 4
224 0 4
228 0 4
232 0 4
236 0 4
240 0 4
244 0 4
248 0 4
252 0 4
256 0 4
260 0 4
264 0 4
268 0 4
272 0 4
276 0 4
280 0 4
284 0 4
288 0 4
292 0 4
296 0 4
300 0 4
304 0 4
308 0 4
312 0 4
316 0 4
320 0 4
324 0 4
328 0 4
332 0 4
336 0 4
340 0 4
344 0 4
348 0 4
352 0 4
356 0 4
360 0 4
364 0 4
368 0 4
372 0 4
376 0 4
380 0 4
384 0 4
388 0 4
392 0 4
396 0 4
400 0 4
404 0 4
408 0 4
412 0 4
416 0 4
420 0 4
424 0 4
428 0 4
432 0 4
436 0 4
440 0 4
444 0 4
448 0 4
452 0 4
456 0 4
460 0 4
464 0 4
468 0 4
472 0 4
476 0 4
480 0 4
484 0 4
488 0 4
492 0 4
496 0 4
500 0 4
504 0 4
508 0 4
512 0 4
516 0 4
520 0 4
524 0 4
528 0 4
532 0 4
536 0 4
540 0 4
544 0 4
548 0 4
552 0 4
556 0 4
560 0 4
564 0 4
568 0 4
572 0 4
576 0 4
580 0 4
584 0 4
588 0 4
592 0 4
596 0 4
600 0 4
604 0 4
608 0 4
612 0 4
616 0 4
620 0 4
624 0 4
628 0 4
632 0 4
636 0 4
640 0 4
644 0 4
648 0 4
652 0 4
656 0 4
660 0 4
664 0 4
668 0 4
672 0 4
676 0 4
680 0 4
684 0 4
688 0 4
692 0 4
696 0 4
700 0 4
704 0 4
708 0 4
712 0 4
716 0 4
720 0 4
724 0 4
728 0 4
732 0 4
736 0 4
740 0 4
744 0 4
748 0 4
752 0 4
756 0 4
760 0 4
764 0 4
768 0 4
772 0 4
776 0 4
780 0 4
784 0 4
788 0 4
792 0 4
796 0 4
