2 0 0.06
2.06 0 0.06
2.12 0 0.06
2.18 0 0.06
2.24 0 0.06
2.3 0 0.06
2.36 0 0.06
2.42 0 0.06
2.48 0 0.06
2.54 0 0.06
2.6 0 0.06
2.66 0 0.06
2.72 0 0.06
2.78 0 0.06
2.84 0 0.06
2.9 0 0.06
2.96 0 0.06
3.02 0 0.06
3.08 0 0.06
3.14 0 0.06
3.2 0 0.06
3.26 0 0.06
3.32 0 0.06
3.38 0 0.06
3.44 0 0.06
3.5 0 0.06
3.56 0 0.06
3.62 0 0.06
3.68 0 0.06
3.74 0 0.06
3.8 0 0.06
3.86 0 0.06
3.92 0 0.06
3.98 0 0.06
4.04 0 0.06
4.1 0 0.06
4.16 0 0.06
4.22 0 0.06
4.28 0 0.06
4.34 0 0.06
4.4 0 0.06
4.46 0 0.06
4.52 0 0.06
4.58 0 0.06
4.64 0 0.06
4.7 0 0.06
4.76 0 0.06
4.82 0 0.06
4.88 0 0.06
4.94 0 0.06
5 0 0.06
5.06 0 0.06
5.12 256730 0.06
5.18 72743 0.06
5.24 12913 0.06
5.3 5609 0.06
5.36 3186 0.06
5.42 1876 0.06
5.48 1340 0.06
5.54 963 0.06
5.6 691 0.06
5.66 526 0.06
5.72 444 0.06
5.78 356 0.06
5.84 299 0.06
5.9 225 0.06
5.96 207 0.06
6.02 179 0.06
6.08 143 0.06
6.14 124 0.06
6.2 121 0.06
6.26 86 0.06
6.32 64 0.06
6.38 45 0.06
6.44 61 0.06
6.5 47 0.06
6.56 34 0.06
6.62 29 0.06
6.68 17 0.06
6.74 23 0.06
6.8 21 0.06
6.86 7 0.06
6.92 7 0.06
6.98 9 0.06
7.04 2 0.06
7.1 2 0.06
7.16 2 0.06
7.22 2 0.06
7.28 1 0.06
7.34 2 0.06
7.4 0 0.06
7.46 1 0.06
7.52 0 0.06
7.58 0 0.06
7.64 0 0.06
7.7 0 0.06
7.76 0 0.06
7.82 0 0.06
7.88 0 0.06
7.94 0 0.06
