2 0 0.04
2.04 0 0.04
2.08 0 0.04
2.12 0 0.04
2.16 0 0.04
2.2 0 0.04
2.24 0 0.04
2.28 0 0.04
2.32 0 0.04
2.36 0 0.04
2.4 0 0.04
2.44 0 0.04
2.48 0 0.04
2.52 0 0.04
2.56 0 0.04
2.6 0 0.04
2.64 0 0.04
2.68 0 0.04
2.72 0 0.04
2.76 0 0.04
2.8 0 0.04
2.84 0 0.04
2.88 0 0.04
2.92 0 0.04
2.96 0 0.04
3 0 0.04
3.04 0 0.04
3.08 0 0.04
3.12 0 0.04
3.16 0 0.04
3.2 0 0.04
3.24 0 0.04
3.28 0 0.04
3.32 0 0.04
3.36 0 0.04
3.4 0 0.04
3.44 0 0.04
3.48 0 0.04
3.52 0 0.04
3.56 0 0.04
3.6 0 0.04
3.64 0 0.04
3.68 0 0.04
3.72 0 0.04
3.76 0 0.04
3.8 0 0.04
3.84 0 0.04
3.88 0 0.04
3.92 0 0.04
3.96 0 0.04
4 0 0.04
4.04 0 0.04
4.08 0 0.04
4.12 0 0.04
4.16 0 0.04
4.2 0 0.04
4.24 0 0.04
4.28 0 0.04
4.32 0 0.04
4.36 0 0.04
4.4 0 0.04
4.44 0 0.04
4.48 0 0.04
4.52 0 0.04
4.56 0 0.04
4.6 0 0.04
4.64 0 0.04
4.68 0 0.04
4.72 0 0.04
4.76 0 0.04
4.8 0 0.04
4.84 0 0.04
4.88 0 0.04
4.92 0 0.04
4.96 0 0.04
5 0 0.04
5.04 0 0.04
5.08 35 0.04
5.12 194234 0.04
5.16 49658 0.04
5.2 13079 0.04
5.24 6207 0.04
5.28 3607 0.04
5.32 2301 0.04
5.36 1639 0.04
5.4 1180 0.04
5.44 1023 0.04
5.48 735 0.04
5.52 584 0.04
5.56 490 0.04
5.6 402 0.04
5.64 330 0.04
5.68 296 0.04
5.72 220 0.04
5.76 202 0.04
5.8 210 0.04
5.84 159 0.04
5.88 138 0.04
5.92 114 0.04
5.96 96 0.04
