2 0 0.004
2.004 0 0.004
2.008 0 0.004
2.012 0 0.004
2.016 0 0.004
2.02 0 0.004
2.024 0 0.004
2.028 0 0.004
2.032 0 0.004
2.036 0 0.004
2.04 0 0.004
2.044 0 0.004
2.048 0 0.004
2.052 0 0.004
2.056 0 0.004
2.06 0 0.004
2.064 0 0.004
2.068 0 0.004
2.072 0 0.004
2.076 0 0.004
2.08 0 0.004
2.084 0 0.004
2.088 0 0.004
2.092 0 0.004
2.096 0 0.004
2.1 0 0.004
2.104 0 0.004
2.108 0 0.004
2.112 0 0.004
2.116 0 0.004
2.12 0 0.004
2.124 0 0.004
2.128 0 0.004
2.132 0 0.004
2.136 0 0.004
2.14 0 0.004
2.144 0 0.004
2.148 0 0.004
2.152 0 0.004
2.156 0 0.004
2.16 0 0.004
2.164 0 0.004
2.168 0 0.004
2.172 0 0.004
2.176 0 0.004
2.18 0 0.004
2.184 0 0.004
2.188 0 0.004
2.192 0 0.004
2.196 0 0.004
2.2 0 0.004
2.204 0 0.004
2.208 0 0.004
2.212 0 0.004
2.216 0 0.004
2.22 0 0.004
2.224 0 0.004
2.228 0 0.004
2.232 0 0.004
2.236 0 0.004
2.24 0 0.004
2.244 0 0.004
2.248 0 0.004
2.252 0 0.004
2.256 0 0.004
2.26 0 0.004
2.264 0 0.004
2.268 0 0.004
2.272 0 0.004
2.276 0 0.004
2.28 0 0.004
2.284 0 0.004
2.288 0 0.004
2.292 0 0.004
2.296 0 0.004
2.3 0 0.004
2.304 0 0.004
2.308 0 0.004
2.312 0 0.004
2.316 0 0.004
2.32 0 0.004
2.324 0 0.004
2.328 0 0.004
2.332 0 0.004
2.336 0 0.004
2.34 0 0.004
2.344 0 0.004
2.348 0 0.004
2.352 0 0.004
2.356 0 0.004
2.36 0 0.004
2.364 0 0.004
2.368 0 0.004
2.372 0 0.004
2.376 0 0.004
2.38 0 0.004
2.384 0 0.004
2.388 0 0.004
2.392 0 0.004
2.396 0 0.004
2.4 0 0.004
2.404 0 0.004
2.408 0 0.004
2.412 0 0.004
2.416 0 0.004
2.42 0 0.004
2.424 0 0.004
2.428 0 0.004
2.432 0 0.004
2.436 0 0.004
2.44 0 0.004
2.444 0 0.004
2.448 0 0.004
2.452 0 0.004
2.456 0 0.004
2.46 0 0.004
2.464 0 0.004
2.468 0 0.004
2.472 0 0.004
2.476 0 0.004
2.48 0 0.004
2.484 0 0.004
2.488 0 0.004
2.492 0 0.004
2.496 0 0.004
2.5 0 0.004
2.504 0 0.004
2.508 0 0.004
2.512 0 0.004
2.516 0 0.004
2.52 0 0.004
2.524 0 0.004
2.528 0 0.004
2.532 0 0.004
2.536 0 0.004
2.54 0 0.004
2.544 0 0.004
2.548 0 0.004
2.552 0 0.004
2.556 0 0.004
2.56 0 0.004
2.564 0 0.004
2.568 0 0.004
2.572 0 0.004
2.576 0 0.004
2.58 0 0.004
2.584 0 0.004
2.588 0 0.004
2.592 0 0.004
2.596 0 0.004
2.6 0 0.004
2.604 0 0.004
2.608 0 0.004
2.612 0 0.004
2.616 0 0.004
2.62 0 0.004
2.624 0 0.004
2.628 0 0.004
2.632 0 0.004
2.636 0 0.004
2.64 0 0.004
2.644 0 0.004
2.648 0 0.004
2.652 0 0.004
2.656 0 0.004
2.66 0 0.004
2.664 0 0.004
2.668 0 0.004
2.672 0 0.004
2.676 0 0.004
2.68 0 0.004
2.684 0 0.004
2.688 0 0.004
2.692 0 0.004
2.696 0 0.004
2.7 0 0.004
2.704 0 0.004
2.708 0 0.004
2.712 0 0.004
2.716 0 0.004
2.72 0 0.004
2.724 0 0.004
2.728 0 0.004
2.732 0 0.004
2.736 0 0.004
2.74 0 0.004
2.744 0 0.004
2.748 0 0.004
2.752 0 0.004
2.756 0 0.004
2.76 0 0.004
2.764 0 0.004
2.768 0 0.004
2.772 0 0.004
2.776 0 0.004
2.78 0 0.004
2.784 0 0.004
2.788 0 0.004
2.792 0 0.004
2.796 0 0.004
2.8 0 0.004
2.804 0 0.004
2.808 0 0.004
2.812 0 0.004
2.816 0 0.004
2.82 0 0.004
2.824 0 0.004
2.828 0 0.004
2.832 0 0.004
2.836 0 0.004
2.84 0 0.004
2.844 0 0.004
2.848 0 0.004
2.852 0 0.004
2.856 0 0.004
2.86 0 0.004
2.864 0 0.004
2.868 0 0.004
2.872 0 0.004
2.876 0 0.004
2.88 0 0.004
2.884 0 0.004
2.888 0 0.004
2.892 0 0.004
2.896 0 0.004
2.9 0 0.004
2.904 0 0.004
2.908 0 0.004
2.912 0 0.004
2.916 0 0.004
2.92 0 0.004
2.924 0 0.004
2.928 0 0.004
2.932 0 0.004
2.936 0 0.004
2.94 0 0.004
2.944 0 0.004
2.948 0 0.004
2.952 0 0.004
2.956 0 0.004
2.96 0 0.004
2.964 0 0.004
2.968 0 0.004
2.972 0 0.004
2.976 0 0.004
2.98 0 0.004
2.984 0 0.004
2.988 0 0.004
2.992 0 0.004
2.996 0 0.004
3 0 0.004
3.004 0 0.004
3.008 0 0.004
3.012 0 0.004
3.016 0 0.004
3.02 0 0.004
3.024 0 0.004
3.028 0 0.004
3.032 0 0.004
3.036 0 0.004
3.04 0 0.004
3.044 0 0.004
3.048 0 0.004
3.052 0 0.004
3.056 0 0.004
3.06 0 0.004
3.064 0 0.004
3.068 0 0.004
3.072 0 0.004
3.076 0 0.004
3.08 0 0.004
3.084 0 0.004
3.088 0 0.004
3.092 0 0.004
3.096 0 0.004
3.1 0 0.004
3.104 0 0.004
3.108 0 0.004
3.112 0 0.004
3.116 0 0.004
3.12 0 0.004
3.124 0 0.004
3.128 0 0.004
3.132 0 0.004
3.136 0 0.004
3.14 0 0.004
3.144 0 0.004
3.148 0 0.004
3.152 0 0.004
3.156 0 0.004
3.16 0 0.004
3.164 0 0.004
3.168 0 0.004
3.172 0 0.004
3.176 0 0.004
3.18 0 0.004
3.184 0 0.004
3.188 0 0.004
3.192 0 0.004
3.196 0 0.004
3.2 0 0.004
3.204 0 0.004
3.208 0 0.004
3.212 0 0.004
3.216 0 0.004
3.22 0 0.004
3.224 0 0.004
3.228 0 0.004
3.232 0 0.004
3.236 0 0.004
3.24 0 0.004
3.244 0 0.004
3.248 0 0.004
3.252 0 0.004
3.256 0 0.004
3.26 0 0.004
3.264 0 0.004
3.268 0 0.004
3.272 0 0.004
3.276 0 0.004
3.28 0 0.004
3.284 0 0.004
3.288 0 0.004
3.292 0 0.004
3.296 0 0.004
3.3 0 0.004
3.304 0 0.004
3.308 0 0.004
3.312 0 0.004
3.316 0 0.004
3.32 0 0.004
3.324 0 0.004
3.328 0 0.004
3.332 0 0.004
3.336 0 0.004
3.34 0 0.004
3.344 0 0.004
3.348 0 0.004
3.352 0 0.004
3.356 0 0.004
3.36 0 0.004
3.364 0 0.004
3.368 0 0.004
3.372 0 0.004
3.376 0 0.004
3.38 0 0.004
3.384 0 0.004
3.388 0 0.004
3.392 0 0.004
3.396 0 0.004
3.4 0 0.004
3.404 0 0.004
3.408 0 0.004
3.412 0 0.004
3.416 0 0.004
3.42 0 0.004
3.424 0 0.004
3.428 0 0.004
3.432 0 0.004
3.436 0 0.004
3.44 0 0.004
3.444 0 0.004
3.448 0 0.004
3.452 0 0.004
3.456 0 0.004
3.46 0 0.004
3.464 0 0.004
3.468 0 0.004
3.472 0 0.004
3.476 0 0.004
3.48 0 0.004
3.484 0 0.004
3.488 0 0.004
3.492 0 0.004
3.496 0 0.004
3.5 0 0.004
3.504 0 0.004
3.508 0 0.004
3.512 0 0.004
3.516 0 0.004
3.52 0 0.004
3.524 0 0.004
3.528 0 0.004
3.532 0 0.004
3.536 0 0.004
3.54 0 0.004
3.544 0 0.004
3.548 0 0.004
3.552 0 0.004
3.556 0 0.004
3.56 0 0.004
3.564 0 0.004
3.568 0 0.004
3.572 0 0.004
3.576 0 0.004
3.58 0 0.004
3.584 0 0.004
3.588 0 0.004
3.592 0 0.004
3.596 0 0.004
3.6 0 0.004
3.604 0 0.004
3.608 0 0.004
3.612 0 0.004
3.616 0 0.004
3.62 0 0.004
3.624 0 0.004
3.628 0 0.004
3.632 0 0.004
3.636 0 0.004
3.64 0 0.004
3.644 0 0.004
3.648 0 0.004
3.652 0 0.004
3.656 0 0.004
3.66 0 0.004
3.664 0 0.004
3.668 0 0.004
3.672 0 0.004
3.676 0 0.004
3.68 0 0.004
3.684 0 0.004
3.688 0 0.004
3.692 0 0.004
3.696 0 0.004
3.7 0 0.004
3.704 0 0.004
3.708 0 0.004
3.712 0 0.004
3.716 0 0.004
3.72 0 0.004
3.724 0 0.004
3.728 0 0.004
3.732 0 0.004
3.736 0 0.004
3.74 0 0.004
3.744 0 0.004
3.748 0 0.004
3.752 0 0.004
3.756 0 0.004
3.76 0 0.004
3.764 0 0.004
3.768 0 0.004
3.772 0 0.004
3.776 0 0.004
3.78 0 0.004
3.784 0 0.004
3.788 0 0.004
3.792 0 0.004
3.796 0 0.004
3.8 0 0.004
3.804 0 0.004
3.808 0 0.004
3.812 0 0.004
3.816 0 0.004
3.82 0 0.004
3.824 0 0.004
3.828 0 0.004
3.832 0 0.004
3.836 0 0.004
3.84 0 0.004
3.844 0 0.004
3.848 0 0.004
3.852 0 0.004
3.856 0 0.004
3.86 0 0.004
3.864 0 0.004
3.868 0 0.004
3.872 0 0.004
3.876 0 0.004
3.88 0 0.004
3.884 0 0.004
3.888 0 0.004
3.892 0 0.004
3.896 0 0.004
3.9 0 0.004
3.904 0 0.004
3.908 0 0.004
3.912 0 0.004
3.916 0 0.004
3.92 0 0.004
3.924 0 0.004
3.928 0 0.004
3.932 0 0.004
3.936 0 0.004
3.94 0 0.004
3.944 0 0.004
3.948 0 0.004
3.952 0 0.004
3.956 0 0.004
3.96 0 0.004
3.964 0 0.004
3.968 0 0.004
3.972 0 0.004
3.976 0 0.004
3.98 0 0.004
3.984 0 0.004
3.988 0 0.004
3.992 0 0.004
3.996 0 0.004
4 0 0.004
4.004 0 0.004
4.008 0 0.004
4.012 0 0.004
4.016 0 0.004
4.02 0 0.004
4.024 0 0.004
4.028 0 0.004
4.032 0 0.004
4.036 0 0.004
4.04 0 0.004
4.044 0 0.004
4.048 0 0.004
4.052 0 0.004
4.056 0 0.004
4.06 0 0.004
4.064 0 0.004
4.068 0 0.004
4.072 0 0.004
4.076 0 0.004
4.08 0 0.004
4.084 0 0.004
4.088 0 0.004
4.092 0 0.004
4.096 0 0.004
4.1 0 0.004
4.104 0 0.004
4.108 0 0.004
4.112 0 0.004
4.116 0 0.004
4.12 0 0.004
4.124 0 0.004
4.128 0 0.004
4.132 0 0.004
4.136 0 0.004
4.14 0 0.004
4.144 0 0.004
4.148 0 0.004
4.152 0 0.004
4.156 0 0.004
4.16 0 0.004
4.164 0 0.004
4.168 0 0.004
4.172 0 0.004
4.176 0 0.004
4.18 0 0.004
4.184 0 0.004
4.188 0 0.004
4.192 0 0.004
4.196 0 0.004
4.2 0 0.004
4.204 0 0.004
4.208 0 0.004
4.212 0 0.004
4.216 0 0.004
4.22 0 0.004
4.224 0 0.004
4.228 0 0.004
4.232 0 0.004
4.236 0 0.004
4.24 0 0.004
4.244 0 0.004
4.248 0 0.004
4.252 0 0.004
4.256 0 0.004
4.26 0 0.004
4.264 0 0.004
4.268 0 0.004
4.272 0 0.004
4.276 0 0.004
4.28 0 0.004
4.284 0 0.004
4.288 0 0.004
4.292 0 0.004
4.296 0 0.004
4.3 0 0.004
4.304 0 0.004
4.308 0 0.004
4.312 0 0.004
4.316 0 0.004
4.32 0 0.004
4.324 0 0.004
4.328 0 0.004
4.332 0 0.004
4.336 0 0.004
4.34 0 0.004
4.344 0 0.004
4.348 0 0.004
4.352 0 0.004
4.356 0 0.004
4.36 0 0.004
4.364 0 0.004
4.368 0 0.004
4.372 0 0.004
4.376 0 0.004
4.38 0 0.004
4.384 0 0.004
4.388 0 0.004
4.392 0 0.004
4.396 0 0.004
4.4 0 0.004
4.404 0 0.004
4.408 0 0.004
4.412 0 0.004
4.416 0 0.004
4.42 0 0.004
4.424 0 0.004
4.428 0 0.004
4.432 0 0.004
4.436 0 0.004
4.44 0 0.004
4.444 0 0.004
4.448 0 0.004
4.452 0 0.004
4.456 0 0.004
4.46 0 0.004
4.464 0 0.004
4.468 0 0.004
4.472 0 0.004
4.476 0 0.004
4.48 0 0.004
4.484 0 0.004
4.488 0 0.004
4.492 0 0.004
4.496 0 0.004
4.5 0 0.004
4.504 0 0.004
4.508 0 0.004
4.512 0 0.004
4.516 0 0.004
4.52 0 0.004
4.524 0 0.004
4.528 0 0.004
4.532 0 0.004
4.536 0 0.004
4.54 0 0.004
4.544 0 0.004
4.548 0 0.004
4.552 0 0.004
4.556 0 0.004
4.56 0 0.004
4.564 0 0.004
4.568 0 0.004
4.572 0 0.004
4.576 0 0.004
4.58 0 0.004
4.584 0 0.004
4.588 0 0.004
4.592 0 0.004
4.596 0 0.004
4.6 0 0.004
4.604 0 0.004
4.608 0 0.004
4.612 0 0.004
4.616 0 0.004
4.62 0 0.004
4.624 0 0.004
4.628 0 0.004
4.632 0 0.004
4.636 0 0.004
4.64 0 0.004
4.644 0 0.004
4.648 0 0.004
4.652 0 0.004
4.656 0 0.004
4.66 0 0.004
4.664 0 0.004
4.668 0 0.004
4.672 0 0.004
4.676 0 0.004
4.68 0 0.004
4.684 0 0.004
4.688 0 0.004
4.692 0 0.004
4.696 0 0.004
4.7 0 0.004
4.704 0 0.004
4.708 0 0.004
4.712 0 0.004
4.716 0 0.004
4.72 0 0.004
4.724 0 0.004
4.728 0 0.004
4.732 0 0.004
4.736 0 0.004
4.74 0 0.004
4.744 0 0.004
4.748 0 0.004
4.752 0 0.004
4.756 0 0.004
4.76 0 0.004
4.764 0 0.004
4.768 0 0.004
4.772 0 0.004
4.776 0 0.004
4.78 0 0.004
4.784 0 0.004
4.788 0 0.004
4.792 0 0.004
4.796 0 0.004
4.8 0 0.004
4.804 0 0.004
4.808 0 0.004
4.812 0 0.004
4.816 0 0.004
4.82 0 0.004
4.824 0 0.004
4.828 0 0.004
4.832 0 0.004
4.836 0 0.004
4.84 0 0.004
4.844 0 0.004
4.848 0 0.004
4.852 0 0.004
4.856 0 0.004
4.86 0 0.004
4.864 0 0.004
4.868 0 0.004
4.872 0 0.004
4.876 0 0.004
4.88 0 0.004
4.884 0 0.004
4.888 0 0.004
4.892 0 0.004
4.896 0 0.004
4.9 0 0.004
4.904 0 0.004
4.908 0 0.004
4.912 0 0.004
4.916 0 0.004
4.92 0 0.004
4.924 0 0.004
4.928 0 0.004
4.932 0 0.004
4.936 0 0.004
4.94 0 0.004
4.944 0 0.004
4.948 0 0.004
4.952 0 0.004
4.956 0 0.004
4.96 0 0.004
4.964 0 0.004
4.968 0 0.004
4.972 0 0.004
4.976 0 0.004
4.98 0 0.004
4.984 0 0.004
4.988 0 0.004
4.992 0 0.004
4.996 0 0.004
5 0 0.004
5.004 0 0.004
5.008 0 0.004
5.012 0 0.004
5.016 0 0.004
5.02 0 0.004
5.024 0 0.004
5.028 0 0.004
5.032 0 0.004
5.036 0 0.004
5.04 0 0.004
5.044 0 0.004
5.048 0 0.004
5.052 0 0.004
5.056 0 0.004
5.06 0 0.004
5.064 0 0.004
5.068 0 0.004
5.072 0 0.004
5.076 0 0.004
5.08 0 0.004
5.084 0 0.004
5.088 0 0.004
5.092 0 0.004
5.096 0 0.004
5.1 0 0.004
5.104 0 0.004
5.108 0 0.004
5.112 0 0.004
5.116 0 0.004
5.12 0 0.004
5.124 0 0.004
5.128 0 0.004
5.132 0 0.004
5.136 0 0.004
5.14 0 0.004
5.144 0 0.004
5.148 0 0.004
5.152 0 0.004
5.156 0 0.004
5.16 0 0.004
5.164 0 0.004
5.168 0 0.004
5.172 0 0.004
5.176 0 0.004
5.18 0 0.004
5.184 0 0.004
5.188 0 0.004
5.192 0 0.004
5.196 0 0.004
5.2 0 0.004
5.204 0 0.004
5.208 0 0.004
5.212 0 0.004
5.216 0 0.004
5.22 0 0.004
5.224 0 0.004
5.228 0 0.004
5.232 0 0.004
5.236 0 0.004
5.24 0 0.004
5.244 0 0.004
5.248 0 0.004
5.252 0 0.004
5.256 0 0.004
5.26 0 0.004
5.264 0 0.004
5.268 0 0.004
5.272 0 0.004
5.276 0 0.004
5.28 0 0.004
5.284 0 0.004
5.288 0 0.004
5.292 0 0.004
5.296 0 0.004
5.3 0 0.004
5.304 0 0.004
5.308 0 0.004
5.312 0 0.004
5.316 0 0.004
5.32 0 0.004
5.324 0 0.004
5.328 0 0.004
5.332 0 0.004
5.336 0 0.004
5.34 0 0.004
5.344 0 0.004
5.348 0 0.004
5.352 0 0.004
5.356 0 0.004
5.36 0 0.004
5.364 0 0.004
5.368 0 0.004
5.372 0 0.004
5.376 0 0.004
5.38 0 0.004
5.384 0 0.004
5.388 0 0.004
5.392 0 0.004
5.396 0 0.004
5.4 0 0.004
5.404 0 0.004
5.408 0 0.004
5.412 0 0.004
5.416 0 0.004
5.42 0 0.004
5.424 0 0.004
5.428 0 0.004
5.432 0 0.004
5.436 0 0.004
5.44 0 0.004
5.444 0 0.004
5.448 0 0.004
5.452 0 0.004
5.456 0 0.004
5.46 0 0.004
5.464 0 0.004
5.468 0 0.004
5.472 0 0.004
5.476 0 0.004
5.48 0 0.004
5.484 0 0.004
5.488 0 0.004
5.492 0 0.004
5.496 0 0.004
5.5 0 0.004
5.504 0 0.004
5.508 0 0.004
5.512 0 0.004
5.516 0 0.004
5.52 0 0.004
5.524 0 0.004
5.528 0 0.004
5.532 0 0.004
5.536 0 0.004
5.54 0 0.004
5.544 0 0.004
5.548 0 0.004
5.552 0 0.004
5.556 0 0.004
5.56 0 0.004
5.564 0 0.004
5.568 0 0.004
5.572 0 0.004
5.576 0 0.004
5.58 0 0.004
5.584 0 0.004
5.588 0 0.004
5.592 0 0.004
5.596 0 0.004
5.6 0 0.004
5.604 0 0.004
5.608 0 0.004
5.612 0 0.004
5.616 10 0.004
5.62 82 0.004
5.624 551 0.004
5.628 2434 0.004
5.632 8215 0.004
5.636 20227 0.004
5.64 36781 0.004
5.644 50001 0.004
5.648 52475 0.004
5.652 44815 0.004
5.656 33195 0.004
5.66 23227 0.004
5.664 16025 0.004
5.668 11712 0.004
5.672 9167 0.004
5.676 7403 0.004
5.68 6093 0.004
5.684 4966 0.004
5.688 4396 0.004
5.692 3782 0.004
5.696 3326 0.004
5.7 2923 0.004
5.704 2608 0.004
5.708 2370 0.004
5.712 1987 0.004
5.716 1951 0.004
5.72 1682 0.004
5.724 1697 0.004
5.728 1407 0.004
5.732 1356 0.004
5.736 1273 0.004
5.74 1195 0.004
5.744 1037 0.004
5.748 997 0.004
5.752 883 0.004
5.756 872 0.004
5.76 832 0.004
5.764 866 0.004
5.768 778 0.004
5.772 689 0.004
5.776 683 0.004
5.78 605 0.004
5.784 625 0.004
5.788 542 0.004
5.792 597 0.004
5.796 534 0.004
5.8 502 0.004
5.804 485 0.004
5.808 443 0.004
5.812 415 0.004
5.816 432 0.004
5.82 394 0.004
5.824 444 0.004
5.828 403 0.004
5.832 384 0.004
5.836 342 0.004
5.84 332 0.004
5.844 336 0.004
5.848 316 0.004
5.852 279 0.004
5.856 288 0.004
5.86 292 0.004
5.864 272 0.004
5.868 265 0.004
5.872 235 0.004
5.876 214 0.004
5.88 231 0.004
5.884 248 0.004
5.888 222 0.004
5.892 180 0.004
5.896 198 0.004
5.9 197 0.004
5.904 186 0.004
5.908 193 0.004
5.912 180 0.004
5.916 178 0.004
5.92 194 0.004
5.924 171 0.004
5.928 174 0.004
5.932 192 0.004
5.936 158 0.004
5.94 151 0.004
5.944 171 0.004
5.948 144 0.004
5.952 170 0.004
5.956 139 0.004
5.96 140 0.004
5.964 128 0.004
5.968 132 0.004
5.972 114 0.004
5.976 127 0.004
5.98 117 0.004
5.984 105 0.004
5.988 109 0.004
5.992 122 0.004
5.996 90 0.004
