2 0 0.04
2.04 0 0.04
2.08 0 0.04
2.12 0 0.04
2.16 0 0.04
2.2 0 0.04
2.24 0 0.04
2.28 0 0.04
2.32 0 0.04
2.36 0 0.04
2.4 0 0.04
2.44 0 0.04
2.48 0 0.04
2.52 0 0.04
2.56 0 0.04
2.6 0 0.04
2.64 0 0.04
2.68 0 0.04
2.72 0 0.04
2.76 0 0.04
2.8 0 0.04
2.84 0 0.04
2.88 0 0.04
2.92 0 0.04
2.96 0 0.04
3 0 0.04
3.04 0 0.04
3.08 0 0.04
3.12 0 0.04
3.16 0 0.04
3.2 0 0.04
3.24 0 0.04
3.28 0 0.04
3.32 0 0.04
3.36 0 0.04
3.4 0 0.04
3.44 0 0.04
3.48 0 0.04
3.52 0 0.04
3.56 0 0.04
3.6 0 0.04
3.64 58358 0.04
3.68 32939 0.04
3.72 78016 0.04
3.76 9365 0.04
3.8 3276 0.04
3.84 1491 0.04
3.88 836 0.04
3.92 455 0.04
3.96 287 0.04
4 158 0.04
4.04 103 0.04
4.08 67 0.04
4.12 47 0.04
4.16 30 0.04
4.2 32 0.04
4.24 23 0.04
4.28 10 0.04
4.32 9 0.04
4.36 7 0.04
4.4 3 0.04
4.44 0 0.04
4.48 1 0.04
4.52 2 0.04
4.56 1 0.04
4.6 1 0.04
4.64 0 0.04
4.68 0 0.04
4.72 0 0.04
4.76 0 0.04
4.8 0 0.04
4.84 0 0.04
4.88 0 0.04
4.92 0 0.04
4.96 0 0.04
5 0 0.04
5.04 0 0.04
5.08 0 0.04
5.12 0 0.04
5.16 0 0.04
5.2 0 0.04
5.24 0 0.04
5.28 0 0.04
5.32 0 0.04
5.36 0 0.04
5.4 0 0.04
5.44 0 0.04
5.48 0 0.04
5.52 0 0.04
5.56 0 0.04
5.6 0 0.04
5.64 0 0.04
5.68 0 0.04
5.72 0 0.04
5.76 0 0.04
5.8 0 0.04
5.84 0 0.04
5.88 0 0.04
5.92 0 0.04
5.96 0 0.04
