0 0 0.005
0.005 0 0.005
0.01 0 0.005
0.015 0 0.005
0.02 0 0.005
0.025 0 0.005
0.03 0 0.005
0.035 0 0.005
0.04 0 0.005
0.045 0 0.005
0.05 0 0.005
0.055 0 0.005
0.06 0 0.005
0.065 0 0.005
0.07 0 0.005
0.075 0 0.005
0.08 0 0.005
0.085 0 0.005
0.09 0 0.005
0.095 0 0.005
0.1 0 0.005
0.105 0 0.005
0.11 0 0.005
0.115 0 0.005
0.12 0 0.005
0.125 0 0.005
0.13 0 0.005
0.135 0 0.005
0.14 0 0.005
0.145 0 0.005
0.15 0 0.005
0.155 0 0.005
0.16 0 0.005
0.165 0 0.005
0.17 0 0.005
0.175 0 0.005
0.18 0 0.005
0.185 0 0.005
0.19 0 0.005
0.195 0 0.005
0.2 0 0.005
0.205 0 0.005
0.21 0 0.005
0.215 0 0.005
0.22 0 0.005
0.225 0 0.005
0.23 0 0.005
0.235 0 0.005
0.24 0 0.005
0.245 0 0.005
0.25 0 0.005
0.255 0 0.005
0.26 0 0.005
0.265 0 0.005
0.27 0 0.005
0.275 0 0.005
0.28 0 0.005
0.285 0 0.005
0.29 0 0.005
0.295 0 0.005
0.3 0 0.005
0.305 0 0.005
0.31 0 0.005
0.315 0 0.005
0.32 0 0.005
0.325 0 0.005
0.33 0 0.005
0.335 0 0.005
0.34 0 0.005
0.345 0 0.005
0.35 0 0.005
0.355 0 0.005
0.36 0 0.005
0.365 0 0.005
0.37 0 0.005
0.375 0 0.005
0.38 0 0.005
0.385 0 0.005
0.39 0 0.005
0.395 0 0.005
0.4 0 0.005
0.405 0 0.005
0.41 0 0.005
0.415 0 0.005
0.42 0 0.005
0.425 0 0.005
0.43 0 0.005
0.435 0 0.005
0.44 0 0.005
0.445 0 0.005
0.45 0 0.005
0.455 0 0.005
0.46 0 0.005
0.465 0 0.005
0.47 0 0.005
0.475 0 0.005
0.48 0 0.005
0.485 0 0.005
0.49 0 0.005
0.495 0 0.005
0.5 0 0.005
0.505 0 0.005
0.51 0 0.005
0.515 0 0.005
0.52 0 0.005
0.525 0 0.005
0.53 0 0.005
0.535 0 0.005
0.54 0 0.005
0.545 0 0.005
0.55 0 0.005
0.555 0 0.005
0.56 0 0.005
0.565 0 0.005
0.57 0 0.005
0.575 0 0.005
0.58 0 0.005
0.585 0 0.005
0.59 0 0.005
0.595 0 0.005
0.6 0 0.005
0.605 0 0.005
0.61 0 0.005
0.615 0 0.005
0.62 0 0.005
0.625 0 0.005
0.63 0 0.005
0.635 0 0.005
0.64 0 0.005
0.645 0 0.005
0.65 0 0.005
0.655 0 0.005
0.66 0 0.005
0.665 0 0.005
0.67 0 0.005
0.675 0 0.005
0.68 0 0.005
0.685 0 0.005
0.69 0 0.005
0.695 0 0.005
0.7 0 0.005
0.705 0 0.005
0.71 0 0.005
0.715 0 0.005
0.72 0 0.005
0.725 0 0.005
0.73 0 0.005
0.735 0 0.005
0.74 0 0.005
0.745 0 0.005
0.75 0 0.005
0.755 0 0.005
0.76 0 0.005
0.765 0 0.005
0.77 5 0.005
0.775 3 0.005
0.78 8 0.005
0.785 16 0.005
0.79 12 0.005
0.795 17 0.005
0.8 14 0.005
0.805 26 0.005
0.81 18 0.005
0.815 19 0.005
0.82 17 0.005
0.825 26 0.005
0.83 19 0.005
0.835 21 0.005
0.84 20 0.005
0.845 19 0.005
0.85 20 0.005
0.855 18 0.005
0.86 25 0.005
0.865 16 0.005
0.87 19 0.005
0.875 14 0.005
0.88 18 0.005
0.885 36 0.005
0.89 21 0.005
0.895 18 0.005
0.9 29 0.005
0.905 22 0.005
0.91 31 0.005
0.915 29 0.005
0.92 25 0.005
0.925 28 0.005
0.93 31 0.005
0.935 20 0.005
0.94 23 0.005
0.945 31 0.005
0.95 34 0.005
0.955 32 0.005
0.96 29 0.005
0.965 34 0.005
0.97 34 0.005
0.975 36 0.005
0.98 34 0.005
0.985 42 0.005
0.99 43 0.005
0.995 46 0.005
1 41 0.005
1.005 34 0.005
1.01 31 0.005
1.015 44 0.005
1.02 34 0.005
1.025 42 0.005
1.03 33 0.005
1.035 36 0.005
1.04 37 0.005
1.045 27 0.005
1.05 37 0.005
1.055 40 0.005
1.06 35 0.005
1.065 45 0.005
1.07 33 0.005
1.075 39 0.005
1.08 29 0.005
1.085 45 0.005
1.09 45 0.005
1.095 50 0.005
1.1 57 0.005
1.105 54 0.005
1.11 53 0.005
1.115 50 0.005
1.12 48 0.005
1.125 39 0.005
1.13 53 0.005
1.135 51 0.005
1.14 56 0.005
1.145 60 0.005
1.15 48 0.005
1.155 48 0.005
1.16 61 0.005
1.165 62 0.005
1.17 50 0.005
1.175 47 0.005
1.18 55 0.005
1.185 41 0.005
1.19 56 0.005
1.195 50 0.005
1.2 56 0.005
1.205 59 0.005
1.21 54 0.005
1.215 81 0.005
1.22 68 0.005
1.225 59 0.005
1.23 69 0.005
1.235 58 0.005
1.24 88 0.005
1.245 61 0.005
1.25 64 0.005
1.255 71 0.005
1.26 72 0.005
1.265 60 0.005
1.27 76 0.005
1.275 61 0.005
1.28 79 0.005
1.285 70 0.005
1.29 76 0.005
1.295 87 0.005
1.3 68 0.005
1.305 106 0.005
1.31 95 0.005
1.315 87 0.005
1.32 86 0.005
1.325 62 0.005
1.33 95 0.005
1.335 116 0.005
1.34 80 0.005
1.345 116 0.005
1.35 111 0.005
1.355 99 0.005
1.36 102 0.005
1.365 121 0.005
1.37 105 0.005
1.375 113 0.005
1.38 88 0.005
1.385 91 0.005
1.39 113 0.005
1.395 115 0.005
1.4 115 0.005
1.405 118 0.005
1.41 117 0.005
1.415 128 0.005
1.42 110 0.005
1.425 108 0.005
1.43 132 0.005
1.435 128 0.005
1.44 124 0.005
1.445 161 0.005
1.45 137 0.005
1.455 150 0.005
1.46 127 0.005
1.465 160 0.005
1.47 168 0.005
1.475 155 0.005
1.48 157 0.005
1.485 169 0.005
1.49 147 0.005
1.495 188 0.005
1.5 191 0.005
1.505 186 0.005
1.51 187 0.005
1.515 190 0.005
1.52 203 0.005
1.525 209 0.005
1.53 216 0.005
1.535 219 0.005
1.54 220 0.005
1.545 222 0.005
1.55 200 0.005
1.555 210 0.005
1.56 247 0.005
1.565 259 0.005
1.57 243 0.005
1.575 235 0.005
1.58 254 0.005
1.585 280 0.005
1.59 272 0.005
1.595 285 0.005
1.6 287 0.005
1.605 271 0.005
1.61 291 0.005
1.615 335 0.005
1.62 340 0.005
1.625 325 0.005
1.63 374 0.005
1.635 352 0.005
1.64 368 0.005
1.645 338 0.005
1.65 364 0.005
1.655 403 0.005
1.66 399 0.005
1.665 401 0.005
1.67 411 0.005
1.675 424 0.005
1.68 475 0.005
1.685 448 0.005
1.69 491 0.005
1.695 534 0.005
1.7 497 0.005
1.705 555 0.005
1.71 605 0.005
1.715 598 0.005
1.72 577 0.005
1.725 610 0.005
1.73 652 0.005
1.735 680 0.005
1.74 685 0.005
1.745 727 0.005
1.75 732 0.005
1.755 784 0.005
1.76 802 0.005
1.765 867 0.005
1.77 928 0.005
1.775 990 0.005
1.78 1026 0.005
1.785 1042 0.005
1.79 1007 0.005
1.795 1158 0.005
1.8 1254 0.005
1.805 1245 0.005
1.81 1336 0.005
1.815 1411 0.005
1.82 1508 0.005
1.825 1700 0.005
1.83 1823 0.005
1.835 2029 0.005
1.84 2145 0.005
1.845 2298 0.005
1.85 2401 0.005
1.855 2714 0.005
1.86 2926 0.005
1.865 3221 0.005
1.87 3524 0.005
1.875 4032 0.005
1.88 4418 0.005
1.885 4986 0.005
1.89 5777 0.005
1.895 6725 0.005
1.9 7803 0.005
1.905 9322 0.005
1.91 11439 0.005
1.915 14511 0.005
1.92 18689 0.005
1.925 24513 0.005
1.93 32015 0.005
1.935 39513 0.005
1.94 44142 0.005
1.945 42962 0.005
1.95 33647 0.005
1.955 20888 0.005
1.96 9745 0.005
1.965 3273 0.005
1.97 849 0.005
1.975 162 0.005
1.98 24 0.005
1.985 9 0.005
1.99 0 0.005
1.995 0 0.005
2 0 0.005
2.005 0 0.005
2.01 0 0.005
2.015 0 0.005
2.02 0 0.005
2.025 0 0.005
2.03 0 0.005
2.035 0 0.005
2.04 0 0.005
2.045 0 0.005
2.05 0 0.005
2.055 0 0.005
2.06 0 0.005
2.065 0 0.005
2.07 0 0.005
2.075 0 0.005
2.08 0 0.005
2.085 0 0.005
2.09 0 0.005
2.095 0 0.005
2.1 0 0.005
2.105 0 0.005
2.11 0 0.005
2.115 0 0.005
2.12 0 0.005
2.125 0 0.005
2.13 0 0.005
2.135 0 0.005
2.14 0 0.005
2.145 0 0.005
2.15 0 0.005
2.155 0 0.005
2.16 0 0.005
2.165 0 0.005
2.17 0 0.005
2.175 0 0.005
2.18 0 0.005
2.185 0 0.005
2.19 0 0.005
2.195 0 0.005
2.2 0 0.005
2.205 0 0.005
2.21 0 0.005
2.215 0 0.005
2.22 0 0.005
2.225 0 0.005
2.23 0 0.005
2.235 0 0.005
2.24 0 0.005
2.245 0 0.005
2.25 0 0.005
2.255 0 0.005
2.26 0 0.005
2.265 0 0.005
2.27 0 0.005
2.275 0 0.005
2.28 0 0.005
2.285 0 0.005
2.29 0 0.005
2.295 0 0.005
2.3 0 0.005
2.305 0 0.005
2.31 0 0.005
2.315 0 0.005
2.32 0 0.005
2.325 0 0.005
2.33 0 0.005
2.335 0 0.005
2.34 0 0.005
2.345 0 0.005
2.35 0 0.005
2.355 0 0.005
2.36 0 0.005
2.365 0 0.005
2.37 0 0.005
2.375 0 0.005
2.38 0 0.005
2.385 0 0.005
2.39 0 0.005
2.395 0 0.005
2.4 0 0.005
2.405 0 0.005
2.41 0 0.005
2.415 0 0.005
2.42 0 0.005
2.425 0 0.005
2.43 0 0.005
2.435 0 0.005
2.44 0 0.005
2.445 0 0.005
2.45 0 0.005
2.455 0 0.005
2.46 0 0.005
2.465 0 0.005
2.47 0 0.005
2.475 0 0.005
2.48 0 0.005
2.485 0 0.005
2.49 0 0.005
2.495 0 0.005
2.5 0 0.005
2.505 0 0.005
2.51 0 0.005
2.515 0 0.005
2.52 0 0.005
2.525 0 0.005
2.53 0 0.005
2.535 0 0.005
2.54 0 0.005
2.545 0 0.005
2.55 0 0.005
2.555 0 0.005
2.56 0 0.005
2.565 0 0.005
2.57 0 0.005
2.575 0 0.005
2.58 0 0.005
2.585 0 0.005
2.59 0 0.005
2.595 0 0.005
2.6 0 0.005
2.605 0 0.005
2.61 0 0.005
2.615 0 0.005
2.62 0 0.005
2.625 0 0.005
2.63 0 0.005
2.635 0 0.005
2.64 0 0.005
2.645 0 0.005
2.65 0 0.005
2.655 0 0.005
2.66 0 0.005
2.665 0 0.005
2.67 0 0.005
2.675 0 0.005
2.68 0 0.005
2.685 0 0.005
2.69 0 0.005
2.695 0 0.005
2.7 0 0.005
2.705 0 0.005
2.71 0 0.005
2.715 0 0.005
2.72 0 0.005
2.725 0 0.005
2.73 0 0.005
2.735 0 0.005
2.74 0 0.005
2.745 0 0.005
2.75 0 0.005
2.755 0 0.005
2.76 0 0.005
2.765 0 0.005
2.77 0 0.005
2.775 0 0.005
2.78 0 0.005
2.785 0 0.005
2.79 0 0.005
2.795 0 0.005
2.8 0 0.005
2.805 0 0.005
2.81 0 0.005
2.815 0 0.005
2.82 0 0.005
2.825 0 0.005
2.83 0 0.005
2.835 0 0.005
2.84 0 0.005
2.845 0 0.005
2.85 0 0.005
2.855 0 0.005
2.86 0 0.005
2.865 0 0.005
2.87 0 0.005
2.875 0 0.005
2.88 0 0.005
2.885 0 0.005
2.89 0 0.005
2.895 0 0.005
2.9 0 0.005
2.905 0 0.005
2.91 0 0.005
2.915 0 0.005
2.92 0 0.005
2.925 0 0.005
2.93 0 0.005
2.935 0 0.005
2.94 0 0.005
2.945 0 0.005
2.95 0 0.005
2.955 0 0.005
2.96 0 0.005
2.965 0 0.005
2.97 0 0.005
2.975 0 0.005
2.98 0 0.005
2.985 0 0.005
2.99 0 0.005
2.995 0 0.005
3 0 0.005
3.005 0 0.005
3.01 0 0.005
3.015 0 0.005
3.02 0 0.005
3.025 0 0.005
3.03 0 0.005
3.035 0 0.005
3.04 0 0.005
3.045 0 0.005
3.05 0 0.005
3.055 0 0.005
3.06 0 0.005
3.065 0 0.005
3.07 0 0.005
3.075 0 0.005
3.08 0 0.005
3.085 0 0.005
3.09 0 0.005
3.095 0 0.005
3.1 0 0.005
3.105 0 0.005
3.11 0 0.005
3.115 0 0.005
3.12 0 0.005
3.125 0 0.005
3.13 0 0.005
3.135 0 0.005
3.14 0 0.005
3.145 0 0.005
3.15 0 0.005
3.155 0 0.005
3.16 0 0.005
3.165 0 0.005
3.17 0 0.005
3.175 0 0.005
3.18 0 0.005
3.185 0 0.005
3.19 0 0.005
3.195 0 0.005
3.2 0 0.005
3.205 0 0.005
3.21 0 0.005
3.215 0 0.005
3.22 0 0.005
3.225 0 0.005
3.23 0 0.005
3.235 0 0.005
3.24 0 0.005
3.245 0 0.005
3.25 0 0.005
3.255 0 0.005
3.26 0 0.005
3.265 0 0.005
3.27 0 0.005
3.275 0 0.005
3.28 0 0.005
3.285 0 0.005
3.29 0 0.005
3.295 0 0.005
3.3 0 0.005
3.305 0 0.005
3.31 0 0.005
3.315 0 0.005
3.32 0 0.005
3.325 0 0.005
3.33 0 0.005
3.335 0 0.005
3.34 0 0.005
3.345 0 0.005
3.35 0 0.005
3.355 0 0.005
3.36 0 0.005
3.365 0 0.005
3.37 0 0.005
3.375 0 0.005
3.38 0 0.005
3.385 0 0.005
3.39 0 0.005
3.395 0 0.005
3.4 0 0.005
3.405 0 0.005
3.41 0 0.005
3.415 0 0.005
3.42 0 0.005
3.425 0 0.005
3.43 0 0.005
3.435 0 0.005
3.44 0 0.005
3.445 0 0.005
3.45 0 0.005
3.455 0 0.005
3.46 0 0.005
3.465 0 0.005
3.47 0 0.005
3.475 0 0.005
3.48 0 0.005
3.485 0 0.005
3.49 0 0.005
3.495 0 0.005
3.5 0 0.005
3.505 0 0.005
3.51 0 0.005
3.515 0 0.005
3.52 0 0.005
3.525 0 0.005
3.53 0 0.005
3.535 0 0.005
3.54 0 0.005
3.545 0 0.005
3.55 0 0.005
3.555 0 0.005
3.56 0 0.005
3.565 0 0.005
3.57 0 0.005
3.575 0 0.005
3.58 0 0.005
3.585 0 0.005
3.59 0 0.005
3.595 0 0.005
3.6 0 0.005
3.605 0 0.005
3.61 0 0.005
3.615 0 0.005
3.62 0 0.005
3.625 0 0.005
3.63 0 0.005
3.635 0 0.005
3.64 0 0.005
3.645 0 0.005
3.65 0 0.005
3.655 0 0.005
3.66 0 0.005
3.665 0 0.005
3.67 0 0.005
3.675 0 0.005
3.68 0 0.005
3.685 0 0.005
3.69 0 0.005
3.695 0 0.005
3.7 0 0.005
3.705 0 0.005
3.71 0 0.005
3.715 0 0.005
3.72 0 0.005
3.725 0 0.005
3.73 0 0.005
3.735 0 0.005
3.74 0 0.005
3.745 0 0.005
3.75 0 0.005
3.755 0 0.005
3.76 0 0.005
3.765 0 0.005
3.77 0 0.005
3.775 0 0.005
3.78 0 0.005
3.785 0 0.005
3.79 0 0.005
3.795 0 0.005
3.8 0 0.005
3.805 0 0.005
3.81 0 0.005
3.815 0 0.005
3.82 0 0.005
3.825 0 0.005
3.83 0 0.005
3.835 0 0.005
3.84 0 0.005
3.845 0 0.005
3.85 0 0.005
3.855 0 0.005
3.86 0 0.005
3.865 0 0.005
3.87 0 0.005
3.875 0 0.005
3.88 0 0.005
3.885 0 0.005
3.89 0 0.005
3.895 0 0.005
3.9 0 0.005
3.905 0 0.005
3.91 0 0.005
3.915 0 0.005
3.92 0 0.005
3.925 0 0.005
3.93 0 0.005
3.935 0 0.005
3.94 0 0.005
3.945 0 0.005
3.95 0 0.005
3.955 0 0.005
3.96 0 0.005
3.965 0 0.005
3.97 0 0.005
3.975 0 0.005
3.98 0 0.005
3.985 0 0.005
3.99 0 0.005
3.995 0 0.005
