0 0 0.005
0.005 0 0.005
0.01 0 0.005
0.015 0 0.005
0.02 0 0.005
0.025 0 0.005
0.03 0 0.005
0.035 0 0.005
0.04 0 0.005
0.045 0 0.005
0.05 0 0.005
0.055 0 0.005
0.06 0 0.005
0.065 0 0.005
0.07 0 0.005
0.075 0 0.005
0.08 0 0.005
0.085 0 0.005
0.09 0 0.005
0.095 0 0.005
0.1 0 0.005
0.105 0 0.005
0.11 0 0.005
0.115 0 0.005
0.12 0 0.005
0.125 0 0.005
0.13 0 0.005
0.135 0 0.005
0.14 0 0.005
0.145 0 0.005
0.15 0 0.005
0.155 0 0.005
0.16 0 0.005
0.165 0 0.005
0.17 0 0.005
0.175 0 0.005
0.18 0 0.005
0.185 0 0.005
0.19 0 0.005
0.195 0 0.005
0.2 0 0.005
0.205 0 0.005
0.21 0 0.005
0.215 0 0.005
0.22 0 0.005
0.225 0 0.005
0.23 0 0.005
0.235 0 0.005
0.24 0 0.005
0.245 0 0.005
0.25 0 0.005
0.255 0 0.005
0.26 0 0.005
0.265 0 0.005
0.27 0 0.005
0.275 0 0.005
0.28 0 0.005
0.285 0 0.005
0.29 0 0.005
0.295 0 0.005
0.3 0 0.005
0.305 0 0.005
0.31 0 0.005
0.315 0 0.005
0.32 0 0.005
0.325 0 0.005
0.33 0 0.005
0.335 0 0.005
0.34 0 0.005
0.345 0 0.005
0.35 0 0.005
0.355 0 0.005
0.36 0 0.005
0.365 0 0.005
0.37 0 0.005
0.375 0 0.005
0.38 0 0.005
0.385 0 0.005
0.39 0 0.005
0.395 0 0.005
0.4 0 0.005
0.405 0 0.005
0.41 0 0.005
0.415 0 0.005
0.42 0 0.005
0.425 0 0.005
0.43 0 0.005
0.435 0 0.005
0.44 0 0.005
0.445 0 0.005
0.45 0 0.005
0.455 0 0.005
0.46 0 0.005
0.465 0 0.005
0.47 0 0.005
0.475 0 0.005
0.48 0 0.005
0.485 0 0.005
0.49 0 0.005
0.495 0 0.005
0.5 0 0.005
0.505 0 0.005
0.51 0 0.005
0.515 0 0.005
0.52 0 0.005
0.525 0 0.005
0.53 0 0.005
0.535 0 0.005
0.54 0 0.005
0.545 0 0.005
0.55 0 0.005
0.555 0 0.005
0.56 0 0.005
0.565 0 0.005
0.57 0 0.005
0.575 0 0.005
0.58 0 0.005
0.585 0 0.005
0.59 0 0.005
0.595 0 0.005
0.6 0 0.005
0.605 0 0.005
0.61 0 0.005
0.615 0 0.005
0.62 0 0.005
0.625 0 0.005
0.63 0 0.005
0.635 0 0.005
0.64 0 0.005
0.645 0 0.005
0.65 0 0.005
0.655 0 0.005
0.66 0 0.005
0.665 0 0.005
0.67 0 0.005
0.675 0 0.005
0.68 0 0.005
0.685 0 0.005
0.69 0 0.005
0.695 0 0.005
0.7 0 0.005
0.705 0 0.005
0.71 0 0.005
0.715 0 0.005
0.72 0 0.005
0.725 0 0.005
0.73 0 0.005
0.735 0 0.005
0.74 0 0.005
0.745 0 0.005
0.75 0 0.005
0.755 0 0.005
0.76 0 0.005
0.765 0 0.005
0.77 0 0.005
0.775 0 0.005
0.78 0 0.005
0.785 0 0.005
0.79 0 0.005
0.795 0 0.005
0.8 0 0.005
0.805 0 0.005
0.81 0 0.005
0.815 0 0.005
0.82 0 0.005
0.825 0 0.005
0.83 0 0.005
0.835 0 0.005
0.84 0 0.005
0.845 0 0.005
0.85 0 0.005
0.855 0 0.005
0.86 0 0.005
0.865 0 0.005
0.87 0 0.005
0.875 0 0.005
0.88 0 0.005
0.885 0 0.005
0.89 0 0.005
0.895 0 0.005
0.9 0 0.005
0.905 0 0.005
0.91 0 0.005
0.915 0 0.005
0.92 0 0.005
0.925 0 0.005
0.93 0 0.005
0.935 0 0.005
0.94 0 0.005
0.945 0 0.005
0.95 0 0.005
0.955 0 0.005
0.96 0 0.005
0.965 0 0.005
0.97 0 0.005
0.975 0 0.005
0.98 0 0.005
0.985 0 0.005
0.99 0 0.005
0.995 0 0.005
1 0 0.005
1.005 0 0.005
1.01 0 0.005
1.015 0 0.005
1.02 0 0.005
1.025 0 0.005
1.03 0 0.005
1.035 0 0.005
1.04 0 0.005
1.045 0 0.005
1.05 0 0.005
1.055 0 0.005
1.06 0 0.005
1.065 0 0.005
1.07 0 0.005
1.075 0 0.005
1.08 0 0.005
1.085 0 0.005
1.09 0 0.005
1.095 0 0.005
1.1 0 0.005
1.105 0 0.005
1.11 0 0.005
1.115 0 0.005
1.12 0 0.005
1.125 0 0.005
1.13 0 0.005
1.135 0 0.005
1.14 0 0.005
1.145 0 0.005
1.15 0 0.005
1.155 0 0.005
1.16 0 0.005
1.165 0 0.005
1.17 0 0.005
1.175 0 0.005
1.18 0 0.005
1.185 0 0.005
1.19 0 0.005
1.195 0 0.005
1.2 0 0.005
1.205 0 0.005
1.21 0 0.005
1.215 0 0.005
1.22 0 0.005
1.225 0 0.005
1.23 0 0.005
1.235 0 0.005
1.24 0 0.005
1.245 0 0.005
1.25 0 0.005
1.255 0 0.005
1.26 0 0.005
1.265 0 0.005
1.27 0 0.005
1.275 0 0.005
1.28 0 0.005
1.285 0 0.005
1.29 0 0.005
1.295 0 0.005
1.3 0 0.005
1.305 0 0.005
1.31 0 0.005
1.315 0 0.005
1.32 0 0.005
1.325 0 0.005
1.33 0 0.005
1.335 0 0.005
1.34 0 0.005
1.345 0 0.005
1.35 0 0.005
1.355 0 0.005
1.36 0 0.005
1.365 0 0.005
1.37 0 0.005
1.375 0 0.005
1.38 0 0.005
1.385 0 0.005
1.39 0 0.005
1.395 0 0.005
1.4 0 0.005
1.405 0 0.005
1.41 0 0.005
1.415 0 0.005
1.42 0 0.005
1.425 0 0.005
1.43 0 0.005
1.435 0 0.005
1.44 0 0.005
1.445 0 0.005
1.45 0 0.005
1.455 0 0.005
1.46 0 0.005
1.465 0 0.005
1.47 0 0.005
1.475 0 0.005
1.48 0 0.005
1.485 0 0.005
1.49 0 0.005
1.495 1 0.005
1.5 0 0.005
1.505 0 0.005
1.51 1 0.005
1.515 2 0.005
1.52 0 0.005
1.525 4 0.005
1.53 0 0.005
1.535 2 0.005
1.54 3 0.005
1.545 4 0.005
1.55 4 0.005
1.555 2 0.005
1.56 1 0.005
1.565 3 0.005
1.57 7 0.005
1.575 1 0.005
1.58 2 0.005
1.585 3 0.005
1.59 8 0.005
1.595 5 0.005
1.6 2 0.005
1.605 3 0.005
1.61 5 0.005
1.615 2 0.005
1.62 3 0.005
1.625 4 0.005
1.63 8 0.005
1.635 3 0.005
1.64 3 0.005
1.645 6 0.005
1.65 2 0.005
1.655 15 0.005
1.66 5 0.005
1.665 7 0.005
1.67 11 0.005
1.675 7 0.005
1.68 7 0.005
1.685 6 0.005
1.69 4 0.005
1.695 5 0.005
1.7 10 0.005
1.705 9 0.005
1.71 9 0.005
1.715 4 0.005
1.72 6 0.005
1.725 7 0.005
1.73 8 0.005
1.735 8 0.005
1.74 7 0.005
1.745 11 0.005
1.75 9 0.005
1.755 13 0.005
1.76 8 0.005
1.765 8 0.005
1.77 12 0.005
1.775 12 0.005
1.78 11 0.005
1.785 13 0.005
1.79 16 0.005
1.795 13 0.005
1.8 8 0.005
1.805 6 0.005
1.81 12 0.005
1.815 14 0.005
1.82 14 0.005
1.825 12 0.005
1.83 14 0.005
1.835 21 0.005
1.84 15 0.005
1.845 18 0.005
1.85 13 0.005
1.855 16 0.005
1.86 12 0.005
1.865 13 0.005
1.87 10 0.005
1.875 17 0.005
1.88 24 0.005
1.885 19 0.005
1.89 19 0.005
1.895 17 0.005
1.9 14 0.005
1.905 14 0.005
1.91 16 0.005
1.915 19 0.005
1.92 22 0.005
1.925 22 0.005
1.93 25 0.005
1.935 22 0.005
1.94 30 0.005
1.945 27 0.005
1.95 31 0.005
1.955 35 0.005
1.96 19 0.005
1.965 26 0.005
1.97 22 0.005
1.975 28 0.005
1.98 28 0.005
1.985 24 0.005
1.99 34 0.005
1.995 29 0.005
2 42 0.005
2.005 38 0.005
2.01 40 0.005
2.015 36 0.005
2.02 35 0.005
2.025 42 0.005
2.03 36 0.005
2.035 35 0.005
2.04 30 0.005
2.045 37 0.005
2.05 39 0.005
2.055 43 0.005
2.06 52 0.005
2.065 53 0.005
2.07 53 0.005
2.075 50 0.005
2.08 51 0.005
2.085 58 0.005
2.09 46 0.005
2.095 63 0.005
2.1 57 0.005
2.105 57 0.005
2.11 75 0.005
2.115 63 0.005
2.12 54 0.005
2.125 67 0.005
2.13 81 0.005
2.135 65 0.005
2.14 76 0.005
2.145 86 0.005
2.15 83 0.005
2.155 86 0.005
2.16 100 0.005
2.165 82 0.005
2.17 83 0.005
2.175 96 0.005
2.18 89 0.005
2.185 95 0.005
2.19 101 0.005
2.195 111 0.005
2.2 131 0.005
2.205 122 0.005
2.21 118 0.005
2.215 99 0.005
2.22 122 0.005
2.225 148 0.005
2.23 133 0.005
2.235 153 0.005
2.24 154 0.005
2.245 146 0.005
2.25 143 0.005
2.255 157 0.005
2.26 190 0.005
2.265 186 0.005
2.27 203 0.005
2.275 188 0.005
2.28 202 0.005
2.285 220 0.005
2.29 228 0.005
2.295 221 0.005
2.3 248 0.005
2.305 260 0.005
2.31 272 0.005
2.315 270 0.005
2.32 307 0.005
2.325 332 0.005
2.33 336 0.005
2.335 350 0.005
2.34 385 0.005
2.345 423 0.005
2.35 434 0.005
2.355 436 0.005
2.36 533 0.005
2.365 531 0.005
2.37 564 0.005
2.375 585 0.005
2.38 667 0.005
2.385 722 0.005
2.39 776 0.005
2.395 909 0.005
2.4 933 0.005
2.405 1049 0.005
2.41 1132 0.005
2.415 1314 0.005
2.42 1505 0.005
2.425 1669 0.005
2.43 1947 0.005
2.435 2300 0.005
2.44 2605 0.005
2.445 3225 0.005
2.45 3761 0.005
2.455 4489 0.005
2.46 5170 0.005
2.465 5979 0.005
2.47 6684 0.005
2.475 7000 0.005
2.48 7046 0.005
2.485 6543 0.005
2.49 5616 0.005
2.495 4420 0.005
2.5 3040 0.005
2.505 2176 0.005
2.51 1317 0.005
2.515 795 0.005
2.52 558 0.005
2.525 364 0.005
2.53 362 0.005
2.535 363 0.005
2.54 358 0.005
2.545 398 0.005
2.55 417 0.005
2.555 456 0.005
2.56 496 0.005
2.565 577 0.005
2.57 576 0.005
2.575 666 0.005
2.58 760 0.005
2.585 787 0.005
2.59 911 0.005
2.595 970 0.005
2.6 1103 0.005
2.605 1273 0.005
2.61 1413 0.005
2.615 1616 0.005
2.62 1792 0.005
2.625 2195 0.005
2.63 2500 0.005
2.635 2927 0.005
2.64 3560 0.005
2.645 4282 0.005
2.65 4931 0.005
2.655 5735 0.005
2.66 6536 0.005
2.665 6743 0.005
2.67 6861 0.005
2.675 6461 0.005
2.68 5713 0.005
2.685 4726 0.005
2.69 3326 0.005
2.695 2278 0.005
2.7 1373 0.005
2.705 704 0.005
2.71 315 0.005
2.715 131 0.005
2.72 38 0.005
2.725 19 0.005
2.73 4 0.005
2.735 2 0.005
2.74 0 0.005
2.745 0 0.005
2.75 0 0.005
2.755 0 0.005
2.76 0 0.005
2.765 0 0.005
2.77 0 0.005
2.775 0 0.005
2.78 0 0.005
2.785 0 0.005
2.79 0 0.005
2.795 0 0.005
2.8 0 0.005
2.805 0 0.005
2.81 0 0.005
2.815 0 0.005
2.82 0 0.005
2.825 0 0.005
2.83 0 0.005
2.835 0 0.005
2.84 0 0.005
2.845 0 0.005
2.85 0 0.005
2.855 0 0.005
2.86 0 0.005
2.865 0 0.005
2.87 0 0.005
2.875 0 0.005
2.88 0 0.005
2.885 0 0.005
2.89 0 0.005
2.895 0 0.005
2.9 0 0.005
2.905 0 0.005
2.91 0 0.005
2.915 0 0.005
2.92 0 0.005
2.925 0 0.005
2.93 0 0.005
2.935 0 0.005
2.94 0 0.005
2.945 0 0.005
2.95 0 0.005
2.955 0 0.005
2.96 0 0.005
2.965 0 0.005
2.97 0 0.005
2.975 0 0.005
2.98 0 0.005
2.985 0 0.005
2.99 0 0.005
2.995 0 0.005
3 0 0.005
3.005 0 0.005
3.01 0 0.005
3.015 0 0.005
3.02 0 0.005
3.025 0 0.005
3.03 0 0.005
3.035 0 0.005
3.04 0 0.005
3.045 0 0.005
3.05 0 0.005
3.055 0 0.005
3.06 0 0.005
3.065 0 0.005
3.07 0 0.005
3.075 0 0.005
3.08 0 0.005
3.085 0 0.005
3.09 0 0.005
3.095 0 0.005
3.1 0 0.005
3.105 0 0.005
3.11 0 0.005
3.115 0 0.005
3.12 0 0.005
3.125 0 0.005
3.13 0 0.005
3.135 0 0.005
3.14 0 0.005
3.145 0 0.005
3.15 0 0.005
3.155 0 0.005
3.16 0 0.005
3.165 0 0.005
3.17 0 0.005
3.175 0 0.005
3.18 0 0.005
3.185 0 0.005
3.19 0 0.005
3.195 0 0.005
3.2 0 0.005
3.205 0 0.005
3.21 0 0.005
3.215 0 0.005
3.22 0 0.005
3.225 0 0.005
3.23 0 0.005
3.235 0 0.005
3.24 0 0.005
3.245 0 0.005
3.25 0 0.005
3.255 0 0.005
3.26 0 0.005
3.265 0 0.005
3.27 0 0.005
3.275 0 0.005
3.28 0 0.005
3.285 0 0.005
3.29 0 0.005
3.295 0 0.005
3.3 0 0.005
3.305 0 0.005
3.31 0 0.005
3.315 0 0.005
3.32 0 0.005
3.325 0 0.005
3.33 0 0.005
3.335 0 0.005
3.34 0 0.005
3.345 0 0.005
3.35 0 0.005
3.355 0 0.005
3.36 0 0.005
3.365 0 0.005
3.37 0 0.005
3.375 0 0.005
3.38 0 0.005
3.385 0 0.005
3.39 0 0.005
3.395 0 0.005
3.4 0 0.005
3.405 0 0.005
3.41 0 0.005
3.415 0 0.005
3.42 0 0.005
3.425 0 0.005
3.43 0 0.005
3.435 0 0.005
3.44 0 0.005
3.445 0 0.005
3.45 0 0.005
3.455 0 0.005
3.46 0 0.005
3.465 0 0.005
3.47 0 0.005
3.475 0 0.005
3.48 0 0.005
3.485 0 0.005
3.49 0 0.005
3.495 0 0.005
3.5 0 0.005
3.505 0 0.005
3.51 0 0.005
3.515 0 0.005
3.52 0 0.005
3.525 0 0.005
3.53 0 0.005
3.535 0 0.005
3.54 0 0.005
3.545 0 0.005
3.55 0 0.005
3.555 0 0.005
3.56 0 0.005
3.565 0 0.005
3.57 0 0.005
3.575 0 0.005
3.58 0 0.005
3.585 0 0.005
3.59 0 0.005
3.595 0 0.005
3.6 0 0.005
3.605 0 0.005
3.61 0 0.005
3.615 0 0.005
3.62 0 0.005
3.625 0 0.005
3.63 0 0.005
3.635 0 0.005
3.64 0 0.005
3.645 0 0.005
3.65 0 0.005
3.655 0 0.005
3.66 0 0.005
3.665 0 0.005
3.67 0 0.005
3.675 0 0.005
3.68 0 0.005
3.685 0 0.005
3.69 0 0.005
3.695 0 0.005
3.7 0 0.005
3.705 0 0.005
3.71 0 0.005
3.715 0 0.005
3.72 0 0.005
3.725 0 0.005
3.73 0 0.005
3.735 0 0.005
3.74 0 0.005
3.745 0 0.005
3.75 0 0.005
3.755 0 0.005
3.76 0 0.005
3.765 0 0.005
3.77 0 0.005
3.775 0 0.005
3.78 0 0.005
3.785 0 0.005
3.79 0 0.005
3.795 0 0.005
3.8 0 0.005
3.805 0 0.005
3.81 0 0.005
3.815 0 0.005
3.82 0 0.005
3.825 0 0.005
3.83 0 0.005
3.835 0 0.005
3.84 0 0.005
3.845 0 0.005
3.85 0 0.005
3.855 0 0.005
3.86 0 0.005
3.865 0 0.005
3.87 0 0.005
3.875 0 0.005
3.88 0 0.005
3.885 0 0.005
3.89 0 0.005
3.895 0 0.005
3.9 0 0.005
3.905 0 0.005
3.91 0 0.005
3.915 0 0.005
3.92 0 0.005
3.925 0 0.005
3.93 0 0.005
3.935 0 0.005
3.94 0 0.005
3.945 0 0.005
3.95 0 0.005
3.955 0 0.005
3.96 0 0.005
3.965 0 0.005
3.97 0 0.005
3.975 0 0.005
3.98 0 0.005
3.985 0 0.005
3.99 0 0.005
3.995 0 0.005
