0 0 0.005
0.005 0 0.005
0.01 0 0.005
0.015 0 0.005
0.02 0 0.005
0.025 0 0.005
0.03 0 0.005
0.035 1 0.005
0.04 1 0.005
0.045 4 0.005
0.05 10 0.005
0.055 11 0.005
0.06 28 0.005
0.065 67 0.005
0.07 225 0.005
0.075 462 0.005
0.08 545 0.005
0.085 887 0.005
0.09 1214 0.005
0.095 1669 0.005
0.1 2096 0.005
0.105 2386 0.005
0.11 2713 0.005
0.115 2971 0.005
0.12 3081 0.005
0.125 3366 0.005
0.13 3551 0.005
0.135 3577 0.005
0.14 3780 0.005
0.145 3729 0.005
0.15 3858 0.005
0.155 3989 0.005
0.16 3853 0.005
0.165 3877 0.005
0.17 3831 0.005
0.175 3679 0.005
0.18 3713 0.005
0.185 3646 0.005
0.19 3521 0.005
0.195 3483 0.005
0.2 3432 0.005
0.205 3142 0.005
0.21 3211 0.005
0.215 3160 0.005
0.22 3132 0.005
0.225 2910 0.005
0.23 2821 0.005
0.235 2668 0.005
0.24 2702 0.005
0.245 2540 0.005
0.25 2570 0.005
0.255 2465 0.005
0.26 2423 0.005
0.265 2375 0.005
0.27 2237 0.005
0.275 2287 0.005
0.28 2180 0.005
0.285 2099 0.005
0.29 2075 0.005
0.295 2016 0.005
0.3 1932 0.005
0.305 1946 0.005
0.31 1878 0.005
0.315 1885 0.005
0.32 1788 0.005
0.325 1736 0.005
0.33 1721 0.005
0.335 1676 0.005
0.34 1692 0.005
0.345 1592 0.005
0.35 1627 0.005
0.355 1591 0.005
0.36 1513 0.005
0.365 1539 0.005
0.37 1461 0.005
0.375 1461 0.005
0.38 1487 0.005
0.385 1454 0.005
0.39 1438 0.005
0.395 1399 0.005
0.4 1388 0.005
0.405 1392 0.005
0.41 1399 0.005
0.415 1339 0.005
0.42 1361 0.005
0.425 1257 0.005
0.43 1240 0.005
0.435 1287 0.005
0.44 1197 0.005
0.445 1289 0.005
0.45 1283 0.005
0.455 1169 0.005
0.46 1124 0.005
0.465 1158 0.005
0.47 1181 0.005
0.475 1113 0.005
0.48 1077 0.005
0.485 1118 0.005
0.49 1095 0.005
0.495 1095 0.005
0.5 1038 0.005
0.505 1046 0.005
0.51 1048 0.005
0.515 1039 0.005
0.52 1023 0.005
0.525 1034 0.005
0.53 967 0.005
0.535 979 0.005
0.54 991 0.005
0.545 943 0.005
0.55 990 0.005
0.555 919 0.005
0.56 922 0.005
0.565 895 0.005
0.57 888 0.005
0.575 875 0.005
0.58 885 0.005
0.585 856 0.005
0.59 823 0.005
0.595 814 0.005
0.6 758 0.005
0.605 741 0.005
0.61 679 0.005
0.615 674 0.005
0.62 638 0.005
0.625 592 0.005
0.63 632 0.005
0.635 634 0.005
0.64 547 0.005
0.645 488 0.005
0.65 511 0.005
0.655 513 0.005
0.66 466 0.005
0.665 434 0.005
0.67 401 0.005
0.675 364 0.005
0.68 374 0.005
0.685 330 0.005
0.69 293 0.005
0.695 235 0.005
0.7 250 0.005
0.705 216 0.005
0.71 227 0.005
0.715 203 0.005
0.72 189 0.005
0.725 184 0.005
0.73 140 0.005
0.735 115 0.005
0.74 112 0.005
0.745 100 0.005
0.75 94 0.005
0.755 66 0.005
0.76 79 0.005
0.765 63 0.005
0.77 72 0.005
0.775 70 0.005
0.78 45 0.005
0.785 46 0.005
0.79 30 0.005
0.795 28 0.005
0.8 41 0.005
0.805 30 0.005
0.81 31 0.005
0.815 22 0.005
0.82 19 0.005
0.825 15 0.005
0.83 30 0.005
0.835 17 0.005
0.84 8 0.005
0.845 12 0.005
0.85 16 0.005
0.855 11 0.005
0.86 6 0.005
0.865 17 0.005
0.87 7 0.005
0.875 9 0.005
0.88 11 0.005
0.885 11 0.005
0.89 9 0.005
0.895 8 0.005
0.9 7 0.005
0.905 7 0.005
0.91 12 0.005
0.915 5 0.005
0.92 3 0.005
0.925 11 0.005
0.93 8 0.005
0.935 4 0.005
0.94 12 0.005
0.945 6 0.005
0.95 9 0.005
0.955 8 0.005
0.96 5 0.005
0.965 12 0.005
0.97 5 0.005
0.975 5 0.005
0.98 3 0.005
0.985 5 0.005
0.99 7 0.005
0.995 12 0.005
