0 0 0.005
0.005 0 0.005
0.01 0 0.005
0.015 0 0.005
0.02 0 0.005
0.025 0 0.005
0.03 0 0.005
0.035 0 0.005
0.04 0 0.005
0.045 0 0.005
0.05 0 0.005
0.055 0 0.005
0.06 1 0.005
0.065 1 0.005
0.07 1 0.005
0.075 3 0.005
0.08 3 0.005
0.085 9 0.005
0.09 10 0.005
0.095 42 0.005
0.1 121 0.005
0.105 119 0.005
0.11 157 0.005
0.115 242 0.005
0.12 349 0.005
0.125 462 0.005
0.13 544 0.005
0.135 641 0.005
0.14 754 0.005
0.145 957 0.005
0.15 991 0.005
0.155 1086 0.005
0.16 1173 0.005
0.165 1185 0.005
0.17 1334 0.005
0.175 1324 0.005
0.18 1445 0.005
0.185 1488 0.005
0.19 1516 0.005
0.195 1474 0.005
0.2 1541 0.005
0.205 1569 0.005
0.21 1624 0.005
0.215 1612 0.005
0.22 1506 0.005
0.225 1545 0.005
0.23 1513 0.005
0.235 1544 0.005
0.24 1470 0.005
0.245 1450 0.005
0.25 1383 0.005
0.255 1427 0.005
0.26 1389 0.005
0.265 1392 0.005
0.27 1331 0.005
0.275 1320 0.005
0.28 1255 0.005
0.285 1232 0.005
0.29 1161 0.005
0.295 1175 0.005
0.3 1149 0.005
0.305 1075 0.005
0.31 1095 0.005
0.315 1071 0.005
0.32 1015 0.005
0.325 1006 0.005
0.33 959 0.005
0.335 1005 0.005
0.34 949 0.005
0.345 969 0.005
0.35 898 0.005
0.355 929 0.005
0.36 902 0.005
0.365 834 0.005
0.37 847 0.005
0.375 840 0.005
0.38 818 0.005
0.385 804 0.005
0.39 845 0.005
0.395 804 0.005
0.4 797 0.005
0.405 721 0.005
0.41 698 0.005
0.415 720 0.005
0.42 703 0.005
0.425 715 0.005
0.43 697 0.005
0.435 661 0.005
0.44 676 0.005
0.445 653 0.005
0.45 670 0.005
0.455 657 0.005
0.46 656 0.005
0.465 611 0.005
0.47 664 0.005
0.475 569 0.005
0.48 578 0.005
0.485 588 0.005
0.49 581 0.005
0.495 627 0.005
0.5 585 0.005
0.505 528 0.005
0.51 576 0.005
0.515 555 0.005
0.52 518 0.005
0.525 561 0.005
0.53 568 0.005
0.535 553 0.005
0.54 525 0.005
0.545 565 0.005
0.55 533 0.005
0.555 496 0.005
0.56 486 0.005
0.565 494 0.005
0.57 481 0.005
0.575 520 0.005
0.58 514 0.005
0.585 518 0.005
0.59 456 0.005
0.595 514 0.005
0.6 497 0.005
0.605 488 0.005
0.61 496 0.005
0.615 445 0.005
0.62 486 0.005
0.625 477 0.005
0.63 458 0.005
0.635 475 0.005
0.64 476 0.005
0.645 421 0.005
0.65 474 0.005
0.655 450 0.005
0.66 463 0.005
0.665 453 0.005
0.67 461 0.005
0.675 467 0.005
0.68 400 0.005
0.685 430 0.005
0.69 435 0.005
0.695 405 0.005
0.7 429 0.005
0.705 414 0.005
0.71 446 0.005
0.715 398 0.005
0.72 418 0.005
0.725 408 0.005
0.73 411 0.005
0.735 385 0.005
0.74 428 0.005
0.745 398 0.005
0.75 352 0.005
0.755 356 0.005
0.76 341 0.005
0.765 350 0.005
0.77 350 0.005
0.775 312 0.005
0.78 322 0.005
0.785 294 0.005
0.79 280 0.005
0.795 240 0.005
0.8 233 0.005
0.805 211 0.005
0.81 204 0.005
0.815 211 0.005
0.82 207 0.005
0.825 189 0.005
0.83 179 0.005
0.835 157 0.005
0.84 150 0.005
0.845 127 0.005
0.85 124 0.005
0.855 112 0.005
0.86 93 0.005
0.865 94 0.005
0.87 92 0.005
0.875 71 0.005
0.88 75 0.005
0.885 53 0.005
0.89 51 0.005
0.895 41 0.005
0.9 41 0.005
0.905 32 0.005
0.91 26 0.005
0.915 30 0.005
0.92 21 0.005
0.925 28 0.005
0.93 19 0.005
0.935 16 0.005
0.94 14 0.005
0.945 20 0.005
0.95 9 0.005
0.955 18 0.005
0.96 14 0.005
0.965 12 0.005
0.97 11 0.005
0.975 6 0.005
0.98 7 0.005
0.985 8 0.005
0.99 6 0.005
0.995 7 0.005
