0 0 0.005
0.005 0 0.005
0.01 0 0.005
0.015 0 0.005
0.02 0 0.005
0.025 0 0.005
0.03 2 0.005
0.035 32 0.005
0.04 577 0.005
0.045 654 0.005
0.05 1511 0.005
0.055 2428 0.005
0.06 3076 0.005
0.065 3327 0.005
0.07 3646 0.005
0.075 3894 0.005
0.08 3956 0.005
0.085 4093 0.005
0.09 4151 0.005
0.095 4017 0.005
0.1 4043 0.005
0.105 3937 0.005
0.11 3809 0.005
0.115 3575 0.005
0.12 3696 0.005
0.125 3402 0.005
0.13 3175 0.005
0.135 3184 0.005
0.14 3001 0.005
0.145 2851 0.005
0.15 2787 0.005
0.155 2691 0.005
0.16 2597 0.005
0.165 2459 0.005
0.17 2325 0.005
0.175 2300 0.005
0.18 2104 0.005
0.185 2001 0.005
0.19 2072 0.005
0.195 1905 0.005
0.2 1869 0.005
0.205 1809 0.005
0.21 1693 0.005
0.215 1690 0.005
0.22 1642 0.005
0.225 1577 0.005
0.23 1500 0.005
0.235 1537 0.005
0.24 1460 0.005
0.245 1433 0.005
0.25 1394 0.005
0.255 1304 0.005
0.26 1256 0.005
0.265 1280 0.005
0.27 1250 0.005
0.275 1157 0.005
0.28 1123 0.005
0.285 1141 0.005
0.29 1137 0.005
0.295 1078 0.005
0.3 1045 0.005
0.305 967 0.005
0.31 921 0.005
0.315 901 0.005
0.32 884 0.005
0.325 880 0.005
0.33 778 0.005
0.335 748 0.005
0.34 729 0.005
0.345 670 0.005
0.35 576 0.005
0.355 541 0.005
0.36 543 0.005
0.365 485 0.005
0.37 453 0.005
0.375 365 0.005
0.38 338 0.005
0.385 300 0.005
0.39 303 0.005
0.395 215 0.005
0.4 196 0.005
0.405 178 0.005
0.41 161 0.005
0.415 163 0.005
0.42 125 0.005
0.425 118 0.005
0.43 89 0.005
0.435 68 0.005
0.44 62 0.005
0.445 64 0.005
0.45 56 0.005
0.455 40 0.005
0.46 39 0.005
0.465 40 0.005
0.47 25 0.005
0.475 40 0.005
0.48 37 0.005
0.485 25 0.005
0.49 25 0.005
0.495 21 0.005
0.5 22 0.005
0.505 28 0.005
0.51 14 0.005
0.515 22 0.005
0.52 18 0.005
0.525 12 0.005
0.53 8 0.005
0.535 14 0.005
0.54 13 0.005
0.545 6 0.005
0.55 7 0.005
0.555 9 0.005
0.56 13 0.005
0.565 13 0.005
0.57 4 0.005
0.575 4 0.005
0.58 3 0.005
0.585 10 0.005
0.59 5 0.005
0.595 4 0.005
0.6 5 0.005
0.605 5 0.005
0.61 2 0.005
0.615 3 0.005
0.62 3 0.005
0.625 1 0.005
0.63 2 0.005
0.635 7 0.005
0.64 0 0.005
0.645 1 0.005
0.65 6 0.005
0.655 2 0.005
0.66 3 0.005
0.665 4 0.005
0.67 0 0.005
0.675 3 0.005
0.68 0 0.005
0.685 0 0.005
0.69 3 0.005
0.695 1 0.005
0.7 0 0.005
0.705 2 0.005
0.71 0 0.005
0.715 1 0.005
0.72 1 0.005
0.725 1 0.005
0.73 0 0.005
0.735 0 0.005
0.74 1 0.005
0.745 0 0.005
0.75 1 0.005
0.755 2 0.005
0.76 1 0.005
0.765 1 0.005
0.77 0 0.005
0.775 1 0.005
0.78 0 0.005
0.785 0 0.005
0.79 0 0.005
0.795 3 0.005
0.8 0 0.005
0.805 0 0.005
0.81 0 0.005
0.815 0 0.005
0.82 0 0.005
0.825 1 0.005
0.83 0 0.005
0.835 0 0.005
0.84 1 0.005
0.845 0 0.005
0.85 0 0.005
0.855 2 0.005
0.86 0 0.005
0.865 0 0.005
0.87 0 0.005
0.875 1 0.005
0.88 0 0.005
0.885 0 0.005
0.89 1 0.005
0.895 0 0.005
0.9 0 0.005
0.905 1 0.005
0.91 0 0.005
0.915 2 0.005
0.92 0 0.005
0.925 0 0.005
0.93 0 0.005
0.935 0 0.005
0.94 1 0.005
0.945 0 0.005
0.95 0 0.005
0.955 0 0.005
0.96 0 0.005
0.965 0 0.005
0.97 0 0.005
0.975 0 0.005
0.98 1 0.005
0.985 0 0.005
0.99 1 0.005
0.995 0 0.005
