0 0 1
1 0 1
2 54 1
3 124 1
4 1786 1
5 3592 1
6 5078 1
7 5784 1
8 5763 1
9 5641 1
10 4908 1
11 4229 1
12 3693 1
13 3009 1
14 2474 1
15 2132 1
16 1703 1
17 1381 1
18 1244 1
19 937 1
20 867 1
21 644 1
22 566 1
23 459 1
24 385 1
25 359 1
26 272 1
27 230 1
28 201 1
29 188 1
30 183 1
31 108 1
32 122 1
33 84 1
34 97 1
35 56 1
36 78 1
37 58 1
38 59 1
39 45 1
40 40 1
41 30 1
42 33 1
43 24 1
44 37 1
45 22 1
46 19 1
47 18 1
48 18 1
49 10 1
50 10 1
51 9 1
52 6 1
53 2 1
54 3 1
55 8 1
56 4 1
57 9 1
58 4 1
59 6 1
60 0 1
61 6 1
62 6 1
63 0 1
64 0 1
65 1 1
66 2 1
67 3 1
68 2 1
69 1 1
70 2 1
71 2 1
72 0 1
73 0 1
74 1 1
75 0 1
76 1 1
77 0 1
78 0 1
79 0 1
80 1 1
81 0 1
82 0 1
83 0 1
84 0 1
85 0 1
86 1 1
87 0 1
88 1 1
89 1 1
90 0 1
91 1 1
92 0 1
93 0 1
94 1 1
95 1 1
96 2 1
97 0 1
98 0 1
99 1 1
100 0 1
101 0 1
102 1 1
103 0 1
104 0 1
105 0 1
106 0 1
107 0 1
108 0 1
109 0 1
110 0 1
111 0 1
112 0 1
113 0 1
114 0 1
115 0 1
116 0 1
117 0 1
118 0 1
119 0 1
120 0 1
121 0 1
122 0 1
123 0 1
124 0 1
125 0 1
126 0 1
127 0 1
128 0 1
129 0 1
130 0 1
131 0 1
132 1 1
133 0 1
134 0 1
135 0 1
136 0 1
137 0 1
138 0 1
139 0 1
140 0 1
141 0 1
142 0 1
143 0 1
144 0 1
145 0 1
146 0 1
147 0 1
148 0 1
149 0 1
150 0 1
151 0 1
152 0 1
153 0 1
154 0 1
155 0 1
156 0 1
157 0 1
158 0 1
159 0 1
160 0 1
161 0 1
162 0 1
163 0 1
164 0 1
165 0 1
166 0 1
167 0 1
168 0 1
169 0 1
170 0 1
171 0 1
172 0 1
173 0 1
174 0 1
175 0 1
176 0 1
177 0 1
178 0 1
179 0 1
180 0 1
181 0 1
182 0 1
183 0 1
184 0 1
185 0 1
186 0 1
187 0 1
188 0 1
189 0 1
190 0 1
191 0 1
192 0 1
193 0 1
194 0 1
195 0 1
196 0 1
197 0 1
198 0 1
199 0 1
