0 0 1
1 0 1
2 0 1
3 0 1
4 0 1
5 1 1
6 0 1
7 0 1
8 1 1
9 2 1
10 5 1
11 4 1
12 9 1
13 3 1
14 10 1
15 15 1
16 20 1
17 11 1
18 17 1
19 26 1
20 18 1
21 34 1
22 25 1
23 37 1
24 45 1
25 25 1
26 29 1
27 33 1
28 49 1
29 33 1
30 38 1
31 55 1
32 55 1
33 54 1
34 59 1
35 58 1
36 58 1
37 61 1
38 70 1
39 70 1
40 58 1
41 73 1
42 64 1
43 74 1
44 62 1
45 58 1
46 65 1
47 62 1
48 35 1
49 46 1
50 37 1
51 44 1
52 30 1
53 34 1
54 29 1
55 34 1
56 27 1
57 23 1
58 21 1
59 12 1
60 19 1
61 15 1
62 11 1
63 15 1
64 12 1
65 12 1
66 13 1
67 12 1
68 12 1
69 4 1
70 7 1
71 5 1
72 8 1
73 4 1
74 9 1
75 4 1
76 3 1
77 3 1
78 6 1
79 0 1
80 3 1
81 3 1
82 6 1
83 1 1
84 1 1
85 3 1
86 4 1
87 2 1
88 5 1
89 6 1
90 3 1
91 4 1
92 3 1
93 4 1
94 1 1
95 5 1
96 4 1
97 1 1
98 2 1
99 0 1
100 2 1
101 0 1
102 5 1
103 2 1
104 2 1
105 1 1
106 0 1
107 2 1
108 2 1
109 3 1
110 1 1
111 3 1
112 1 1
113 2 1
114 2 1
115 2 1
116 1 1
117 0 1
118 2 1
119 1 1
120 0 1
121 0 1
122 2 1
123 0 1
124 2 1
125 0 1
126 1 1
127 1 1
128 1 1
129 2 1
130 1 1
131 0 1
132 1 1
133 1 1
134 0 1
135 0 1
136 1 1
137 1 1
138 0 1
139 0 1
140 0 1
141 0 1
142 0 1
143 0 1
144 1 1
145 2 1
146 1 1
147 1 1
148 0 1
149 0 1
150 0 1
151 0 1
152 0 1
153 1 1
154 2 1
155 0 1
156 1 1
157 2 1
158 0 1
159 1 1
160 0 1
161 0 1
162 0 1
163 0 1
164 0 1
165 0 1
166 0 1
167 0 1
168 0 1
169 0 1
170 1 1
171 0 1
172 0 1
173 0 1
174 1 1
175 0 1
176 0 1
177 0 1
178 1 1
179 0 1
180 0 1
181 0 1
182 0 1
183 0 1
184 0 1
185 0 1
186 0 1
187 1 1
188 1 1
189 0 1
190 0 1
191 0 1
192 0 1
193 0 1
194 0 1
195 0 1
196 0 1
197 0 1
198 0 1
199 0 1
