0 0 1
1 0 1
2 134 1
3 541 1
4 6314 1
5 12047 1
6 14829 1
7 15012 1
8 13247 1
9 11544 1
10 9670 1
11 7953 1
12 6571 1
13 5312 1
14 4233 1
15 3662 1
16 2871 1
17 2409 1
18 2154 1
19 1749 1
20 1667 1
21 1337 1
22 1187 1
23 1054 1
24 933 1
25 835 1
26 736 1
27 666 1
28 612 1
29 535 1
30 534 1
31 448 1
32 439 1
33 370 1
34 354 1
35 333 1
36 313 1
37 282 1
38 270 1
39 228 1
40 221 1
41 217 1
42 185 1
43 182 1
44 183 1
45 140 1
46 146 1
47 141 1
48 103 1
49 97 1
50 103 1
51 96 1
52 78 1
53 78 1
54 83 1
55 71 1
56 67 1
57 70 1
58 52 1
59 47 1
60 45 1
61 44 1
62 29 1
63 29 1
64 26 1
65 35 1
66 28 1
67 37 1
68 27 1
69 13 1
70 19 1
71 20 1
72 24 1
73 14 1
74 23 1
75 19 1
76 21 1
77 11 1
78 10 1
79 3 1
80 10 1
81 11 1
82 12 1
83 9 1
84 10 1
85 12 1
86 9 1
87 6 1
88 8 1
89 12 1
90 5 1
91 8 1
92 13 1
93 6 1
94 2 1
95 11 1
96 6 1
97 2 1
98 5 1
99 5 1
100 4 1
101 2 1
102 6 1
103 3 1
104 3 1
105 1 1
106 1 1
107 4 1
108 4 1
109 4 1
110 3 1
111 4 1
112 4 1
113 2 1
114 3 1
115 2 1
116 3 1
117 4 1
118 2 1
119 2 1
120 1 1
121 1 1
122 2 1
123 1 1
124 3 1
125 2 1
126 2 1
127 1 1
128 3 1
129 2 1
130 1 1
131 0 1
132 4 1
133 1 1
134 2 1
135 0 1
136 2 1
137 1 1
138 0 1
139 0 1
140 0 1
141 1 1
142 0 1
143 2 1
144 2 1
145 2 1
146 1 1
147 1 1
148 0 1
149 1 1
150 0 1
151 0 1
152 1 1
153 1 1
154 2 1
155 0 1
156 1 1
157 2 1
158 0 1
159 1 1
160 0 1
161 0 1
162 0 1
163 0 1
164 0 1
165 0 1
166 0 1
167 0 1
168 0 1
169 0 1
170 1 1
171 0 1
172 0 1
173 0 1
174 1 1
175 0 1
176 0 1
177 0 1
178 1 1
179 0 1
180 0 1
181 0 1
182 0 1
183 0 1
184 1 1
185 0 1
186 0 1
187 1 1
188 1 1
189 0 1
190 0 1
191 0 1
192 0 1
193 0 1
194 0 1
195 0 1
196 0 1
197 0 1
198 0 1
199 0 1
