0 0 1
1 0 1
2 0 1
3 0 1
4 0 1
5 15 1
6 29 1
7 84 1
8 152 1
9 268 1
10 453 1
11 565 1
12 683 1
13 685 1
14 688 1
15 765 1
16 715 1
17 675 1
18 662 1
19 644 1
20 674 1
21 591 1
22 539 1
23 525 1
24 479 1
25 432 1
26 412 1
27 388 1
28 348 1
29 306 1
30 304 1
31 277 1
32 246 1
33 228 1
34 193 1
35 214 1
36 171 1
37 160 1
38 134 1
39 108 1
40 120 1
41 111 1
42 84 1
43 78 1
44 82 1
45 57 1
46 62 1
47 59 1
48 47 1
49 38 1
50 52 1
51 39 1
52 39 1
53 37 1
54 45 1
55 24 1
56 28 1
57 37 1
58 23 1
59 25 1
60 20 1
61 22 1
62 11 1
63 11 1
64 10 1
65 18 1
66 8 1
67 17 1
68 11 1
69 6 1
70 8 1
71 11 1
72 13 1
73 9 1
74 9 1
75 12 1
76 14 1
77 7 1
78 3 1
79 3 1
80 4 1
81 8 1
82 6 1
83 7 1
84 4 1
85 8 1
86 2 1
87 3 1
88 2 1
89 5 1
90 2 1
91 2 1
92 8 1
93 2 1
94 0 1
95 4 1
96 0 1
97 0 1
98 2 1
99 3 1
100 2 1
101 2 1
102 0 1
103 1 1
104 0 1
105 0 1
106 1 1
107 1 1
108 2 1
109 0 1
110 2 1
111 1 1
112 3 1
113 0 1
114 1 1
115 0 1
116 2 1
117 4 1
118 0 1
119 1 1
120 1 1
121 1 1
122 0 1
123 1 1
124 1 1
125 2 1
126 1 1
127 0 1
128 1 1
129 0 1
130 0 1
131 0 1
132 0 1
133 0 1
134 2 1
135 0 1
136 1 1
137 0 1
138 0 1
139 0 1
140 0 1
141 1 1
142 0 1
143 2 1
144 1 1
145 0 1
146 0 1
147 0 1
148 0 1
149 0 1
150 0 1
151 0 1
152 1 1
153 0 1
154 0 1
155 0 1
156 0 1
157 0 1
158 0 1
159 0 1
160 0 1
161 0 1
162 0 1
163 0 1
164 0 1
165 0 1
166 0 1
167 0 1
168 0 1
169 0 1
170 0 1
171 0 1
172 0 1
173 0 1
174 0 1
175 0 1
176 0 1
177 0 1
178 0 1
179 0 1
180 0 1
181 0 1
182 0 1
183 0 1
184 0 1
185 0 1
186 0 1
187 0 1
188 0 1
189 0 1
190 0 1
191 0 1
192 0 1
193 0 1
194 0 1
195 0 1
196 0 1
197 0 1
198 0 1
199 0 1
