2 0 0.004
2.004 0 0.004
2.008 0 0.004
2.012 0 0.004
2.016 0 0.004
2.02 0 0.004
2.024 0 0.004
2.028 0 0.004
2.032 0 0.004
2.036 0 0.004
2.04 0 0.004
2.044 0 0.004
2.048 0 0.004
2.052 0 0.004
2.056 0 0.004
2.06 0 0.004
2.064 0 0.004
2.068 0 0.004
2.072 0 0.004
2.076 0 0.004
2.08 0 0.004
2.084 0 0.004
2.088 0 0.004
2.092 0 0.004
2.096 0 0.004
2.1 0 0.004
2.104 0 0.004
2.108 0 0.004
2.112 0 0.004
2.116 0 0.004
2.12 0 0.004
2.124 0 0.004
2.128 0 0.004
2.132 0 0.004
2.136 0 0.004
2.14 0 0.004
2.144 0 0.004
2.148 0 0.004
2.152 0 0.004
2.156 0 0.004
2.16 0 0.004
2.164 0 0.004
2.168 0 0.004
2.172 0 0.004
2.176 0 0.004
2.18 0 0.004
2.184 0 0.004
2.188 0 0.004
2.192 0 0.004
2.196 0 0.004
2.2 0 0.004
2.204 0 0.004
2.208 0 0.004
2.212 0 0.004
2.216 0 0.004
2.22 0 0.004
2.224 0 0.004
2.228 0 0.004
2.232 0 0.004
2.236 0 0.004
2.24 0 0.004
2.244 0 0.004
2.248 0 0.004
2.252 0 0.004
2.256 0 0.004
2.26 0 0.004
2.264 0 0.004
2.268 0 0.004
2.272 0 0.004
2.276 0 0.004
2.28 0 0.004
2.284 0 0.004
2.288 0 0.004
2.292 0 0.004
2.296 0 0.004
2.3 0 0.004
2.304 0 0.004
2.308 0 0.004
2.312 0 0.004
2.316 0 0.004
2.32 0 0.004
2.324 0 0.004
2.328 0 0.004
2.332 0 0.004
2.336 0 0.004
2.34 0 0.004
2.344 0 0.004
2.348 0 0.004
2.352 0 0.004
2.356 0 0.004
2.36 0 0.004
2.364 0 0.004
2.368 0 0.004
2.372 0 0.004
2.376 0 0.004
2.38 0 0.004
2.384 0 0.004
2.388 0 0.004
2.392 0 0.004
2.396 0 0.004
2.4 0 0.004
2.404 0 0.004
2.408 0 0.004
2.412 0 0.004
2.416 0 0.004
2.42 0 0.004
2.424 0 0.004
2.428 0 0.004
2.432 0 0.004
2.436 0 0.004
2.44 0 0.004
2.444 0 0.004
2.448 0 0.004
2.452 0 0.004
2.456 0 0.004
2.46 0 0.004
2.464 0 0.004
2.468 0 0.004
2.472 0 0.004
2.476 0 0.004
2.48 0 0.004
2.484 0 0.004
2.488 0 0.004
2.492 0 0.004
2.496 0 0.004
2.5 0 0.004
2.504 0 0.004
2.508 0 0.004
2.512 0 0.004
2.516 0 0.004
2.52 0 0.004
2.524 0 0.004
2.528 0 0.004
2.532 0 0.004
2.536 0 0.004
2.54 0 0.004
2.544 0 0.004
2.548 0 0.004
2.552 0 0.004
2.556 0 0.004
2.56 0 0.004
2.564 0 0.004
2.568 0 0.004
2.572 0 0.004
2.576 0 0.004
2.58 0 0.004
2.584 0 0.004
2.588 0 0.004
2.592 0 0.004
2.596 0 0.004
2.6 0 0.004
2.604 0 0.004
2.608 0 0.004
2.612 0 0.004
2.616 0 0.004
2.62 0 0.004
2.624 0 0.004
2.628 0 0.004
2.632 0 0.004
2.636 0 0.004
2.64 0 0.004
2.644 0 0.004
2.648 0 0.004
2.652 0 0.004
2.656 0 0.004
2.66 0 0.004
2.664 0 0.004
2.668 0 0.004
2.672 0 0.004
2.676 0 0.004
2.68 0 0.004
2.684 0 0.004
2.688 0 0.004
2.692 0 0.004
2.696 0 0.004
2.7 0 0.004
2.704 0 0.004
2.708 0 0.004
2.712 0 0.004
2.716 0 0.004
2.72 0 0.004
2.724 0 0.004
2.728 0 0.004
2.732 0 0.004
2.736 0 0.004
2.74 0 0.004
2.744 0 0.004
2.748 0 0.004
2.752 0 0.004
2.756 0 0.004
2.76 0 0.004
2.764 0 0.004
2.768 0 0.004
2.772 0 0.004
2.776 0 0.004
2.78 0 0.004
2.784 0 0.004
2.788 0 0.004
2.792 0 0.004
2.796 0 0.004
2.8 0 0.004
2.804 0 0.004
2.808 0 0.004
2.812 0 0.004
2.816 0 0.004
2.82 0 0.004
2.824 0 0.004
2.828 0 0.004
2.832 0 0.004
2.836 0 0.004
2.84 0 0.004
2.844 0 0.004
2.848 1 0.004
2.852 0 0.004
2.856 0 0.004
2.86 0 0.004
2.864 0 0.004
2.868 0 0.004
2.872 0 0.004
2.876 0 0.004
2.88 0 0.004
2.884 0 0.004
2.888 0 0.004
2.892 0 0.004
2.896 0 0.004
2.9 0 0.004
2.904 0 0.004
2.908 0 0.004
2.912 0 0.004
2.916 0 0.004
2.92 0 0.004
2.924 0 0.004
2.928 0 0.004
2.932 0 0.004
2.936 0 0.004
2.94 0 0.004
2.944 0 0.004
2.948 0 0.004
2.952 0 0.004
2.956 0 0.004
2.96 0 0.004
2.964 0 0.004
2.968 0 0.004
2.972 0 0.004
2.976 0 0.004
2.98 0 0.004
2.984 0 0.004
2.988 0 0.004
2.992 0 0.004
2.996 0 0.004
3 0 0.004
3.004 0 0.004
3.008 1 0.004
3.012 0 0.004
3.016 0 0.004
3.02 1 0.004
3.024 0 0.004
3.028 0 0.004
3.032 0 0.004
3.036 1 0.004
3.04 0 0.004
3.044 1 0.004
3.048 0 0.004
3.052 0 0.004
3.056 0 0.004
3.06 0 0.004
3.064 0 0.004
3.068 1 0.004
3.072 0 0.004
3.076 1 0.004
3.08 0 0.004
3.084 0 0.004
3.088 0 0.004
3.092 3 0.004
3.096 0 0.004
3.1 0 0.004
3.104 0 0.004
3.108 0 0.004
3.112 3 0.004
3.116 0 0.004
3.12 2 0.004
3.124 0 0.004
3.128 0 0.004
3.132 2 0.004
3.136 0 0.004
3.14 1 0.004
3.144 0 0.004
3.148 1 0.004
3.152 1 0.004
3.156 0 0.004
3.16 2 0.004
3.164 2 0.004
3.168 3 0.004
3.172 2 0.004
3.176 1 0.004
3.18 0 0.004
3.184 0 0.004
3.188 1 0.004
3.192 1 0.004
3.196 2 0.004
3.2 1 0.004
3.204 1 0.004
3.208 1 0.004
3.212 0 0.004
3.216 0 0.004
3.22 1 0.004
3.224 0 0.004
3.228 1 0.004
3.232 0 0.004
3.236 1 0.004
3.24 1 0.004
3.244 1 0.004
3.248 2 0.004
3.252 1 0.004
3.256 1 0.004
3.26 0 0.004
3.264 1 0.004
3.268 1 0.004
3.272 0 0.004
3.276 2 0.004
3.28 4 0.004
3.284 0 0.004
3.288 1 0.004
3.292 1 0.004
3.296 0 0.004
3.3 2 0.004
3.304 2 0.004
3.308 2 0.004
3.312 1 0.004
3.316 1 0.004
3.32 2 0.004
3.324 1 0.004
3.328 1 0.004
3.332 1 0.004
3.336 2 0.004
3.34 0 0.004
3.344 2 0.004
3.348 1 0.004
3.352 0 0.004
3.356 1 0.004
3.36 3 0.004
3.364 2 0.004
3.368 6 0.004
3.372 1 0.004
3.376 3 0.004
3.38 2 0.004
3.384 4 0.004
3.388 8 0.004
3.392 2 0.004
3.396 5 0.004
3.4 3 0.004
3.404 5 0.004
3.408 4 0.004
3.412 2 0.004
3.416 3 0.004
3.42 2 0.004
3.424 8 0.004
3.428 4 0.004
3.432 1 0.004
3.436 3 0.004
3.44 5 0.004
3.444 6 0.004
3.448 5 0.004
3.452 11 0.004
3.456 8 0.004
3.46 7 0.004
3.464 10 0.004
3.468 6 0.004
3.472 11 0.004
3.476 5 0.004
3.48 17 0.004
3.484 12 0.004
3.488 13 0.004
3.492 13 0.004
3.496 10 0.004
3.5 10 0.004
3.504 11 0.004
3.508 11 0.004
3.512 24 0.004
3.516 18 0.004
3.52 11 0.004
3.524 21 0.004
3.528 19 0.004
3.532 24 0.004
3.536 22 0.004
3.54 33 0.004
3.544 44 0.004
3.548 36 0.004
3.552 36 0.004
3.556 43 0.004
3.56 43 0.004
3.564 46 0.004
3.568 51 0.004
3.572 40 0.004
3.576 56 0.004
3.58 52 0.004
3.584 51 0.004
3.588 59 0.004
3.592 78 0.004
3.596 75 0.004
3.6 62 0.004
3.604 108 0.004
3.608 115 0.004
3.612 84 0.004
3.616 99 0.004
3.62 110 0.004
3.624 119 0.004
3.628 110 0.004
3.632 115 0.004
3.636 123 0.004
3.64 133 0.004
3.644 142 0.004
3.648 159 0.004
3.652 133 0.004
3.656 158 0.004
3.66 165 0.004
3.664 203 0.004
3.668 188 0.004
3.672 197 0.004
3.676 203 0.004
3.68 205 0.004
3.684 221 0.004
3.688 241 0.004
3.692 267 0.004
3.696 258 0.004
3.7 271 0.004
3.704 297 0.004
3.708 318 0.004
3.712 293 0.004
3.716 333 0.004
3.72 327 0.004
3.724 344 0.004
3.728 350 0.004
3.732 356 0.004
3.736 371 0.004
3.74 399 0.004
3.744 352 0.004
3.748 408 0.004
3.752 414 0.004
3.756 448 0.004
3.76 480 0.004
3.764 468 0.004
3.768 446 0.004
3.772 512 0.004
3.776 527 0.004
3.78 493 0.004
3.784 506 0.004
3.788 513 0.004
3.792 552 0.004
3.796 529 0.004
3.8 568 0.004
3.804 502 0.004
3.808 532 0.004
3.812 585 0.004
3.816 567 0.004
3.82 639 0.004
3.824 597 0.004
3.828 568 0.004
3.832 610 0.004
3.836 587 0.004
3.84 623 0.004
3.844 587 0.004
3.848 594 0.004
3.852 626 0.004
3.856 620 0.004
3.86 584 0.004
3.864 628 0.004
3.868 623 0.004
3.872 619 0.004
3.876 638 0.004
3.88 663 0.004
3.884 610 0.004
3.888 589 0.004
3.892 627 0.004
3.896 599 0.004
3.9 647 0.004
3.904 599 0.004
3.908 566 0.004
3.912 632 0.004
3.916 696 0.004
3.92 600 0.004
3.924 660 0.004
3.928 642 0.004
3.932 608 0.004
3.936 636 0.004
3.94 658 0.004
3.944 648 0.004
3.948 687 0.004
3.952 641 0.004
3.956 588 0.004
3.96 622 0.004
3.964 627 0.004
3.968 611 0.004
3.972 589 0.004
3.976 548 0.004
3.98 598 0.004
3.984 632 0.004
3.988 634 0.004
3.992 657 0.004
3.996 623 0.004
4 599 0.004
4.004 588 0.004
4.008 622 0.004
4.012 605 0.004
4.016 624 0.004
4.02 622 0.004
4.024 615 0.004
4.028 617 0.004
4.032 613 0.004
4.036 553 0.004
4.04 592 0.004
4.044 588 0.004
4.048 585 0.004
4.052 571 0.004
4.056 578 0.004
4.06 598 0.004
4.064 602 0.004
4.068 591 0.004
4.072 583 0.004
4.076 539 0.004
4.08 551 0.004
4.084 582 0.004
4.088 532 0.004
4.092 547 0.004
4.096 534 0.004
4.1 608 0.004
4.104 520 0.004
4.108 544 0.004
4.112 528 0.004
4.116 552 0.004
4.12 562 0.004
4.124 528 0.004
4.128 531 0.004
4.132 561 0.004
4.136 489 0.004
4.14 500 0.004
4.144 512 0.004
4.148 463 0.004
4.152 479 0.004
4.156 494 0.004
4.16 505 0.004
4.164 494 0.004
4.168 496 0.004
4.172 474 0.004
4.176 509 0.004
4.18 465 0.004
4.184 464 0.004
4.188 469 0.004
4.192 475 0.004
4.196 452 0.004
4.2 460 0.004
4.204 445 0.004
4.208 425 0.004
4.212 443 0.004
4.216 450 0.004
4.22 479 0.004
4.224 456 0.004
4.228 482 0.004
4.232 422 0.004
4.236 431 0.004
4.24 448 0.004
4.244 446 0.004
4.248 426 0.004
4.252 448 0.004
4.256 409 0.004
4.26 402 0.004
4.264 453 0.004
4.268 418 0.004
4.272 432 0.004
4.276 395 0.004
4.28 406 0.004
4.284 392 0.004
4.288 400 0.004
4.292 422 0.004
4.296 379 0.004
4.3 385 0.004
4.304 403 0.004
4.308 380 0.004
4.312 396 0.004
4.316 395 0.004
4.32 418 0.004
4.324 383 0.004
4.328 378 0.004
4.332 429 0.004
4.336 352 0.004
4.34 372 0.004
4.344 363 0.004
4.348 372 0.004
4.352 359 0.004
4.356 334 0.004
4.36 370 0.004
4.364 347 0.004
4.368 358 0.004
4.372 380 0.004
4.376 378 0.004
4.38 377 0.004
4.384 337 0.004
4.388 324 0.004
4.392 359 0.004
4.396 359 0.004
4.4 327 0.004
4.404 343 0.004
4.408 311 0.004
4.412 356 0.004
4.416 335 0.004
4.42 312 0.004
4.424 290 0.004
4.428 320 0.004
4.432 320 0.004
4.436 319 0.004
4.44 282 0.004
4.444 290 0.004
4.448 289 0.004
4.452 303 0.004
4.456 307 0.004
4.46 295 0.004
4.464 282 0.004
4.468 287 0.004
4.472 324 0.004
4.476 275 0.004
4.48 319 0.004
4.484 255 0.004
4.488 310 0.004
4.492 272 0.004
4.496 322 0.004
4.5 252 0.004
4.504 335 0.004
4.508 280 0.004
4.512 276 0.004
4.516 279 0.004
4.52 255 0.004
4.524 281 0.004
4.528 264 0.004
4.532 265 0.004
4.536 272 0.004
4.54 233 0.004
4.544 281 0.004
4.548 274 0.004
4.552 235 0.004
4.556 235 0.004
4.56 235 0.004
4.564 272 0.004
4.568 238 0.004
4.572 262 0.004
4.576 246 0.004
4.58 260 0.004
4.584 272 0.004
4.588 201 0.004
4.592 252 0.004
4.596 240 0.004
4.6 248 0.004
4.604 228 0.004
4.608 242 0.004
4.612 229 0.004
4.616 230 0.004
4.62 195 0.004
4.624 204 0.004
4.628 233 0.004
4.632 216 0.004
4.636 216 0.004
4.64 260 0.004
4.644 194 0.004
4.648 225 0.004
4.652 202 0.004
4.656 210 0.004
4.66 192 0.004
4.664 214 0.004
4.668 196 0.004
4.672 188 0.004
4.676 202 0.004
4.68 218 0.004
4.684 200 0.004
4.688 183 0.004
4.692 224 0.004
4.696 196 0.004
4.7 187 0.004
4.704 192 0.004
4.708 171 0.004
4.712 165 0.004
4.716 184 0.004
4.72 148 0.004
4.724 189 0.004
4.728 193 0.004
4.732 200 0.004
4.736 202 0.004
4.74 166 0.004
4.744 188 0.004
4.748 177 0.004
4.752 173 0.004
4.756 183 0.004
4.76 157 0.004
4.764 137 0.004
4.768 167 0.004
4.772 160 0.004
4.776 173 0.004
4.78 162 0.004
4.784 152 0.004
4.788 162 0.004
4.792 167 0.004
4.796 161 0.004
4.8 185 0.004
4.804 145 0.004
4.808 149 0.004
4.812 153 0.004
4.816 168 0.004
4.82 165 0.004
4.824 138 0.004
4.828 153 0.004
4.832 149 0.004
4.836 132 0.004
4.84 141 0.004
4.844 167 0.004
4.848 144 0.004
4.852 144 0.004
4.856 117 0.004
4.86 152 0.004
4.864 129 0.004
4.868 133 0.004
4.872 139 0.004
4.876 125 0.004
4.88 130 0.004
4.884 126 0.004
4.888 149 0.004
4.892 125 0.004
4.896 141 0.004
4.9 120 0.004
4.904 158 0.004
4.908 126 0.004
4.912 102 0.004
4.916 127 0.004
4.92 126 0.004
4.924 131 0.004
4.928 128 0.004
4.932 127 0.004
4.936 118 0.004
4.94 117 0.004
4.944 114 0.004
4.948 138 0.004
4.952 117 0.004
4.956 110 0.004
4.96 122 0.004
4.964 127 0.004
4.968 129 0.004
4.972 102 0.004
4.976 113 0.004
4.98 112 0.004
4.984 118 0.004
4.988 101 0.004
4.992 115 0.004
4.996 107 0.004
5 91 0.004
5.004 104 0.004
5.008 107 0.004
5.012 96 0.004
5.016 102 0.004
5.02 87 0.004
5.024 118 0.004
5.028 85 0.004
5.032 119 0.004
5.036 100 0.004
5.04 93 0.004
5.044 78 0.004
5.048 65 0.004
5.052 114 0.004
5.056 84 0.004
5.06 105 0.004
5.064 101 0.004
5.068 94 0.004
5.072 93 0.004
5.076 67 0.004
5.08 81 0.004
5.084 92 0.004
5.088 82 0.004
5.092 81 0.004
5.096 88 0.004
5.1 79 0.004
5.104 91 0.004
5.108 78 0.004
5.112 82 0.004
5.116 90 0.004
5.12 76 0.004
5.124 78 0.004
5.128 94 0.004
5.132 67 0.004
5.136 100 0.004
5.14 79 0.004
5.144 68 0.004
5.148 76 0.004
5.152 60 0.004
5.156 74 0.004
5.16 60 0.004
5.164 64 0.004
5.168 75 0.004
5.172 88 0.004
5.176 78 0.004
5.18 53 0.004
5.184 78 0.004
5.188 77 0.004
5.192 75 0.004
5.196 75 0.004
5.2 76 0.004
5.204 57 0.004
5.208 72 0.004
5.212 72 0.004
5.216 79 0.004
5.22 68 0.004
5.224 59 0.004
5.228 70 0.004
5.232 73 0.004
5.236 53 0.004
5.24 52 0.004
5.244 69 0.004
5.248 52 0.004
5.252 61 0.004
5.256 55 0.004
5.26 60 0.004
5.264 64 0.004
5.268 64 0.004
5.272 65 0.004
5.276 64 0.004
5.28 62 0.004
5.284 53 0.004
5.288 62 0.004
5.292 49 0.004
5.296 37 0.004
5.3 47 0.004
5.304 68 0.004
5.308 50 0.004
5.312 50 0.004
5.316 56 0.004
5.32 49 0.004
5.324 56 0.004
5.328 57 0.004
5.332 47 0.004
5.336 39 0.004
5.34 57 0.004
5.344 62 0.004
5.348 59 0.004
5.352 71 0.004
5.356 44 0.004
5.36 39 0.004
5.364 59 0.004
5.368 44 0.004
5.372 47 0.004
5.376 43 0.004
5.38 49 0.004
5.384 53 0.004
5.388 37 0.004
5.392 43 0.004
5.396 53 0.004
5.4 46 0.004
5.404 38 0.004
5.408 45 0.004
5.412 47 0.004
5.416 44 0.004
5.42 42 0.004
5.424 32 0.004
5.428 37 0.004
5.432 50 0.004
5.436 36 0.004
5.44 48 0.004
5.444 34 0.004
5.448 50 0.004
5.452 43 0.004
5.456 42 0.004
5.46 44 0.004
5.464 33 0.004
5.468 35 0.004
5.472 35 0.004
5.476 47 0.004
5.48 47 0.004
5.484 52 0.004
5.488 38 0.004
5.492 36 0.004
5.496 28 0.004
5.5 29 0.004
5.504 43 0.004
5.508 35 0.004
5.512 33 0.004
5.516 34 0.004
5.52 29 0.004
5.524 38 0.004
5.528 32 0.004
5.532 27 0.004
5.536 34 0.004
5.54 35 0.004
5.544 41 0.004
5.548 36 0.004
5.552 23 0.004
5.556 31 0.004
5.56 30 0.004
5.564 30 0.004
5.568 35 0.004
5.572 39 0.004
5.576 28 0.004
5.58 23 0.004
5.584 32 0.004
5.588 38 0.004
5.592 24 0.004
5.596 26 0.004
5.6 26 0.004
5.604 29 0.004
5.608 26 0.004
5.612 27 0.004
5.616 29 0.004
5.62 32 0.004
5.624 30 0.004
5.628 27 0.004
5.632 34 0.004
5.636 22 0.004
5.64 28 0.004
5.644 20 0.004
5.648 29 0.004
5.652 25 0.004
5.656 21 0.004
5.66 26 0.004
5.664 22 0.004
5.668 26 0.004
5.672 27 0.004
5.676 25 0.004
5.68 35 0.004
5.684 19 0.004
5.688 31 0.004
5.692 27 0.004
5.696 32 0.004
5.7 24 0.004
5.704 25 0.004
5.708 26 0.004
5.712 26 0.004
5.716 26 0.004
5.72 18 0.004
5.724 19 0.004
5.728 13 0.004
5.732 25 0.004
5.736 23 0.004
5.74 16 0.004
5.744 25 0.004
5.748 10 0.004
5.752 16 0.004
5.756 22 0.004
5.76 14 0.004
5.764 21 0.004
5.768 26 0.004
5.772 25 0.004
5.776 18 0.004
5.78 18 0.004
5.784 20 0.004
5.788 19 0.004
5.792 19 0.004
5.796 22 0.004
5.8 20 0.004
5.804 14 0.004
5.808 26 0.004
5.812 19 0.004
5.816 18 0.004
5.82 16 0.004
5.824 21 0.004
5.828 30 0.004
5.832 19 0.004
5.836 16 0.004
5.84 18 0.004
5.844 28 0.004
5.848 18 0.004
5.852 17 0.004
5.856 20 0.004
5.86 16 0.004
5.864 18 0.004
5.868 23 0.004
5.872 20 0.004
5.876 13 0.004
5.88 24 0.004
5.884 15 0.004
5.888 21 0.004
5.892 13 0.004
5.896 12 0.004
5.9 22 0.004
5.904 16 0.004
5.908 20 0.004
5.912 11 0.004
5.916 19 0.004
5.92 11 0.004
5.924 14 0.004
5.928 16 0.004
5.932 12 0.004
5.936 10 0.004
5.94 16 0.004
5.944 14 0.004
5.948 10 0.004
5.952 11 0.004
5.956 11 0.004
5.96 13 0.004
5.964 6 0.004
5.968 3 0.004
5.972 11 0.004
5.976 14 0.004
5.98 14 0.004
5.984 8 0.004
5.988 14 0.004
5.992 13 0.004
5.996 10 0.004
