2 0 0.06
2.06 0 0.06
2.12 1 0.06
2.18 2 0.06
2.24 4 0.06
2.3 10 0.06
2.36 17 0.06
2.42 29 0.06
2.48 29 0.06
2.54 28 0.06
2.6 44 0.06
2.66 46 0.06
2.72 61 0.06
2.78 54 0.06
2.84 70 0.06
2.9 73 0.06
2.96 125 0.06
3.02 378 0.06
3.08 2025 0.06
3.14 5930 0.06
3.2 9695 0.06
3.26 12486 0.06
3.32 13929 0.06
3.38 14426 0.06
3.44 14466 0.06
3.5 13970 0.06
3.56 13083 0.06
3.62 12243 0.06
3.68 11255 0.06
3.74 10305 0.06
3.8 9107 0.06
3.86 8219 0.06
3.92 7407 0.06
3.98 6401 0.06
4.04 5990 0.06
4.1 5262 0.06
4.16 4702 0.06
4.22 4124 0.06
4.28 3650 0.06
4.34 3209 0.06
4.4 2741 0.06
4.46 2619 0.06
4.52 2145 0.06
4.58 1980 0.06
4.64 1714 0.06
4.7 1541 0.06
4.76 1327 0.06
4.82 1184 0.06
4.88 1050 0.06
4.94 966 0.06
5 796 0.06
5.06 705 0.06
5.12 561 0.06
5.18 522 0.06
5.24 429 0.06
5.3 429 0.06
5.36 346 0.06
5.42 288 0.06
5.48 264 0.06
5.54 228 0.06
5.6 210 0.06
5.66 178 0.06
5.72 151 0.06
5.78 148 0.06
5.84 99 0.06
5.9 103 0.06
5.96 107 0.06
6.02 73 0.06
6.08 74 0.06
6.14 71 0.06
6.2 60 0.06
6.26 40 0.06
6.32 31 0.06
6.38 32 0.06
6.44 37 0.06
6.5 29 0.06
6.56 27 0.06
6.62 13 0.06
6.68 11 0.06
6.74 14 0.06
6.8 13 0.06
6.86 3 0.06
6.92 5 0.06
6.98 4 0.06
7.04 1 0.06
7.1 3 0.06
7.16 1 0.06
7.22 1 0.06
7.28 1 0.06
7.34 1 0.06
7.4 0 0.06
7.46 1 0.06
7.52 0 0.06
7.58 0 0.06
7.64 0 0.06
7.7 0 0.06
7.76 0 0.06
7.82 0 0.06
7.88 0 0.06
7.94 0 0.06
