2 0 0.04
2.04 0 0.04
2.08 0 0.04
2.12 1 0.04
2.16 1 0.04
2.2 0 0.04
2.24 0 0.04
2.28 1 0.04
2.32 4 0.04
2.36 1 0.04
2.4 0 0.04
2.44 3 0.04
2.48 4 0.04
2.52 4 0.04
2.56 3 0.04
2.6 8 0.04
2.64 6 0.04
2.68 7 0.04
2.72 10 0.04
2.76 16 0.04
2.8 10 0.04
2.84 21 0.04
2.88 33 0.04
2.92 32 0.04
2.96 49 0.04
3 107 0.04
3.04 382 0.04
3.08 1126 0.04
3.12 2033 0.04
3.16 2926 0.04
3.2 3680 0.04
3.24 4018 0.04
3.28 4424 0.04
3.32 4561 0.04
3.36 4604 0.04
3.4 4597 0.04
3.44 4640 0.04
3.48 4420 0.04
3.52 4297 0.04
3.56 4317 0.04
3.6 4211 0.04
3.64 3871 0.04
3.68 3856 0.04
3.72 3636 0.04
3.76 3248 0.04
3.8 3070 0.04
3.84 2950 0.04
3.88 2639 0.04
3.92 2490 0.04
3.96 2222 0.04
4 2167 0.04
4.04 1926 0.04
4.08 1801 0.04
4.12 1572 0.04
4.16 1581 0.04
4.2 1443 0.04
4.24 1298 0.04
4.28 1189 0.04
4.32 1083 0.04
4.36 1068 0.04
4.4 943 0.04
4.44 849 0.04
4.48 751 0.04
4.52 686 0.04
4.56 663 0.04
4.6 629 0.04
4.64 578 0.04
4.68 513 0.04
4.72 423 0.04
4.76 446 0.04
4.8 355 0.04
4.84 378 0.04
4.88 336 0.04
4.92 258 0.04
4.96 281 0.04
5 254 0.04
5.04 251 0.04
5.08 209 0.04
5.12 203 0.04
5.16 162 0.04
5.2 140 0.04
5.24 145 0.04
5.28 131 0.04
5.32 115 0.04
5.36 109 0.04
5.4 106 0.04
5.44 75 0.04
5.48 83 0.04
5.52 82 0.04
5.56 84 0.04
5.6 53 0.04
5.64 56 0.04
5.68 61 0.04
5.72 43 0.04
5.76 41 0.04
5.8 36 0.04
5.84 42 0.04
5.88 32 0.04
5.92 32 0.04
5.96 19 0.04
