0 361 0.005
0.005 0 0.005
0.01 18 0.005
0.015 394 0.005
0.02 1796 0.005
0.025 3955 0.005
0.03 8402 0.005
0.035 13218 0.005
0.04 13549 0.005
0.045 13568 0.005
0.05 13019 0.005
0.055 11583 0.005
0.06 10186 0.005
0.065 8993 0.005
0.07 7628 0.005
0.075 6424 0.005
0.08 5170 0.005
0.085 4117 0.005
0.09 3227 0.005
0.095 2441 0.005
0.1 1859 0.005
0.105 1478 0.005
0.11 1057 0.005
0.115 800 0.005
0.12 543 0.005
0.125 432 0.005
0.13 308 0.005
0.135 250 0.005
0.14 193 0.005
0.145 146 0.005
0.15 140 0.005
0.155 120 0.005
0.16 97 0.005
0.165 82 0.005
0.17 81 0.005
0.175 57 0.005
0.18 52 0.005
0.185 44 0.005
0.19 38 0.005
0.195 33 0.005
0.2 32 0.005
0.205 23 0.005
0.21 27 0.005
0.215 13 0.005
0.22 20 0.005
0.225 17 0.005
0.23 22 0.005
0.235 11 0.005
0.24 4 0.005
0.245 8 0.005
0.25 6 0.005
0.255 4 0.005
0.26 7 0.005
0.265 6 0.005
0.27 10 0.005
0.275 5 0.005
0.28 4 0.005
0.285 7 0.005
0.29 3 0.005
0.295 4 0.005
0.3 2 0.005
0.305 0 0.005
0.31 3 0.005
0.315 3 0.005
0.32 4 0.005
0.325 1 0.005
0.33 3 0.005
0.335 1 0.005
0.34 2 0.005
0.345 0 0.005
0.35 3 0.005
0.355 2 0.005
0.36 2 0.005
0.365 3 0.005
0.37 1 0.005
0.375 1 0.005
0.38 2 0.005
0.385 0 0.005
0.39 0 0.005
0.395 1 0.005
0.4 1 0.005
0.405 2 0.005
0.41 0 0.005
0.415 1 0.005
0.42 2 0.005
0.425 0 0.005
0.43 2 0.005
0.435 0 0.005
0.44 0 0.005
0.445 0 0.005
0.45 1 0.005
0.455 0 0.005
0.46 1 0.005
0.465 0 0.005
0.47 0 0.005
0.475 0 0.005
0.48 0 0.005
0.485 0 0.005
0.49 2 0.005
0.495 0 0.005
