0 1157 0.005
0.005 1 0.005
0.01 0 0.005
0.015 7 0.005
0.02 106 0.005
0.025 498 0.005
0.03 1156 0.005
0.035 2099 0.005
0.04 3330 0.005
0.045 4940 0.005
0.05 7789 0.005
0.055 10169 0.005
0.06 12792 0.005
0.065 14615 0.005
0.07 16828 0.005
0.075 15131 0.005
0.08 16106 0.005
0.085 15313 0.005
0.09 14423 0.005
0.095 13223 0.005
0.1 11600 0.005
0.105 10211 0.005
0.11 8523 0.005
0.115 7229 0.005
0.12 5807 0.005
0.125 4523 0.005
0.13 3697 0.005
0.135 2799 0.005
0.14 2172 0.005
0.145 1759 0.005
0.15 1383 0.005
0.155 1113 0.005
0.16 868 0.005
0.165 694 0.005
0.17 587 0.005
0.175 482 0.005
0.18 430 0.005
0.185 307 0.005
0.19 289 0.005
0.195 214 0.005
0.2 188 0.005
0.205 158 0.005
0.21 132 0.005
0.215 130 0.005
0.22 116 0.005
0.225 90 0.005
0.23 76 0.005
0.235 74 0.005
0.24 66 0.005
0.245 54 0.005
0.25 63 0.005
0.255 57 0.005
0.26 52 0.005
0.265 36 0.005
0.27 38 0.005
0.275 39 0.005
0.28 36 0.005
0.285 30 0.005
0.29 20 0.005
0.295 29 0.005
0.3 30 0.005
0.305 26 0.005
0.31 15 0.005
0.315 15 0.005
0.32 12 0.005
0.325 20 0.005
0.33 12 0.005
0.335 14 0.005
0.34 17 0.005
0.345 9 0.005
0.35 12 0.005
0.355 2 0.005
0.36 13 0.005
0.365 6 0.005
0.37 6 0.005
0.375 9 0.005
0.38 4 0.005
0.385 2 0.005
0.39 3 0.005
0.395 12 0.005
0.4 4 0.005
0.405 7 0.005
0.41 6 0.005
0.415 6 0.005
0.42 6 0.005
0.425 6 0.005
0.43 6 0.005
0.435 3 0.005
0.44 5 0.005
0.445 4 0.005
0.45 2 0.005
0.455 3 0.005
0.46 5 0.005
0.465 0 0.005
0.47 5 0.005
0.475 6 0.005
0.48 1 0.005
0.485 5 0.005
0.49 3 0.005
0.495 2 0.005
