0 562 0.005
0.005 0 0.005
0.01 1 0.005
0.015 0 0.005
0.02 2 0.005
0.025 17 0.005
0.03 85 0.005
0.035 228 0.005
0.04 460 0.005
0.045 646 0.005
0.05 1003 0.005
0.055 1597 0.005
0.06 2090 0.005
0.065 2993 0.005
0.07 3966 0.005
0.075 4961 0.005
0.08 5703 0.005
0.085 6410 0.005
0.09 7056 0.005
0.095 7593 0.005
0.1 7227 0.005
0.105 6786 0.005
0.11 6479 0.005
0.115 6103 0.005
0.12 5463 0.005
0.125 4938 0.005
0.13 4282 0.005
0.135 3757 0.005
0.14 3145 0.005
0.145 2531 0.005
0.15 2221 0.005
0.155 1731 0.005
0.16 1360 0.005
0.165 1171 0.005
0.17 885 0.005
0.175 724 0.005
0.18 631 0.005
0.185 475 0.005
0.19 404 0.005
0.195 314 0.005
0.2 269 0.005
0.205 239 0.005
0.21 200 0.005
0.215 173 0.005
0.22 166 0.005
0.225 98 0.005
0.23 111 0.005
0.235 104 0.005
0.24 79 0.005
0.245 85 0.005
0.25 59 0.005
0.255 61 0.005
0.26 60 0.005
0.265 57 0.005
0.27 53 0.005
0.275 36 0.005
0.28 32 0.005
0.285 32 0.005
0.29 21 0.005
0.295 29 0.005
0.3 25 0.005
0.305 29 0.005
0.31 22 0.005
0.315 17 0.005
0.32 17 0.005
0.325 22 0.005
0.33 19 0.005
0.335 21 0.005
0.34 16 0.005
0.345 11 0.005
0.35 13 0.005
0.355 13 0.005
0.36 12 0.005
0.365 14 0.005
0.37 18 0.005
0.375 8 0.005
0.38 8 0.005
0.385 15 0.005
0.39 8 0.005
0.395 11 0.005
0.4 10 0.005
0.405 10 0.005
0.41 12 0.005
0.415 9 0.005
0.42 6 0.005
0.425 3 0.005
0.43 5 0.005
0.435 9 0.005
0.44 11 0.005
0.445 1 0.005
0.45 5 0.005
0.455 4 0.005
0.46 4 0.005
0.465 4 0.005
0.47 4 0.005
0.475 4 0.005
0.48 7 0.005
0.485 5 0.005
0.49 3 0.005
0.495 3 0.005
