0 1.67772e+07 0.01 4885.07
0.01 0 0.01 0
0.02 0 0.01 0
0.03 0 0.01 0
0.04 0 0.01 0
0.05 0 0.01 0
0.06 1 0.01 1
0.07 44 0.01 6.63325
0.08 164 0.01 12.8062
0.09 409 0.01 20.2237
0.1 859 0.01 29.3087
0.11 1512 0.01 38.8844
0.12 2308 0.01 48.0416
0.13 3258 0.01 57.0789
0.14 4346 0.01 65.9242
0.15 5277 0.01 72.643
0.16 6150 0.01 78.4219
0.17 6975 0.01 83.5165
0.18 7731 0.01 87.9261
0.19 8257 0.01 90.868
0.2 8177 0.01 90.4268
0.21 8483 0.01 92.1032
0.22 8199 0.01 90.5483
0.23 8083 0.01 89.9055
0.24 7806 0.01 88.3516
0.25 7490 0.01 86.5448
0.26 7035 0.01 83.8749
0.27 6728 0.01 82.0244
0.28 6378 0.01 79.8624
0.29 6135 0.01 78.3262
0.3 5911 0.01 76.883
0.31 5666 0.01 75.2728
0.32 5549 0.01 74.4916
0.33 5271 0.01 72.6017
0.34 5082 0.01 71.2881
0.35 4871 0.01 69.7925
0.36 4818 0.01 69.4118
0.37 4781 0.01 69.1448
0.38 4597 0.01 67.8012
0.39 4335 0.01 65.8407
0.4 4194 0.01 64.7611
0.41 4029 0.01 63.4744
0.42 4052 0.01 63.6553
0.43 4049 0.01 63.6318
0.44 3896 0.01 62.4179
0.45 3649 0.01 60.407
0.46 3551 0.01 59.5903
0.47 3399 0.01 58.3009
0.48 3283 0.01 57.2975
0.49 3329 0.01 57.6975
0.5 3285 0.01 57.3149
0.51 3175 0.01 56.3471
0.52 3034 0.01 55.0818
0.53 2846 0.01 53.3479
0.54 2819 0.01 53.0943
0.55 2749 0.01 52.4309
0.56 2697 0.01 51.9326
0.57 2675 0.01 51.7204
0.58 2605 0.01 51.0392
0.59 2580 0.01 50.7937
0.6 2383 0.01 48.816
0.61 2359 0.01 48.5695
0.62 2288 0.01 47.833
0.63 2327 0.01 48.239
0.64 2296 0.01 47.9166
0.65 2265 0.01 47.592
0.66 2100 0.01 45.8258
0.67 2080 0.01 45.607
0.68 2053 0.01 45.31
0.69 1912 0.01 43.7264
0.7 1839 0.01 42.8836
0.71 1692 0.01 41.1339
0.72 1483 0.01 38.5097
0.73 1411 0.01 37.5633
0.74 1201 0.01 34.6554
0.75 1107 0.01 33.2716
0.76 954 0.01 30.8869
0.77 865 0.01 29.4109
0.78 705 0.01 26.5518
0.79 659 0.01 25.671
0.8 538 0.01 23.1948
0.81 464 0.01 21.5407
0.82 359 0.01 18.9473
0.83 345 0.01 18.5742
0.84 232 0.01 15.2315
0.85 176 0.01 13.2665
0.86 136 0.01 11.6619
0.87 86 0.01 9.27362
0.88 81 0.01 9
0.89 55 0.01 7.4162
0.9 56 0.01 7.48331
0.91 44 0.01 6.63325
0.92 35 0.01 5.91608
0.93 22 0.01 4.69042
0.94 21 0.01 4.58258
0.95 15 0.01 3.87298
0.96 18 0.01 4.24264
0.97 6 0.01 2.44949
0.98 8 0.01 2.82843
0.99 13 0.01 3.60555
1 13 0.01 3.60555
1.01 7 0.01 2.64575
1.02 7 0.01 2.64575
1.03 13 0.01 3.60555
1.04 5 0.01 2.23607
1.05 4 0.01 2
1.06 11 0.01 3.31662
1.07 6 0.01 2.44949
1.08 2 0.01 1.41421
1.09 7 0.01 2.64575
1.1 5 0.01 2.23607
1.11 9 0.01 3
1.12 0 0.01 0
1.13 4 0.01 2
1.14 5 0.01 2.23607
1.15 4 0.01 2
1.16 3 0.01 1.73205
1.17 2 0.01 1.41421
1.18 5 0.01 2.23607
1.19 3 0.01 1.73205
1.2 4 0.01 2
1.21 6 0.01 2.44949
1.22 6 0.01 2.44949
1.23 5 0.01 2.23607
1.24 1 0.01 1
1.25 0 0.01 0
1.26 3 0.01 1.73205
1.27 3 0.01 1.73205
1.28 5 0.01 2.23607
1.29 2 0.01 1.41421
1.3 2 0.01 1.41421
1.31 3 0.01 1.73205
1.32 2 0.01 1.41421
1.33 1 0.01 1
1.34 1 0.01 1
1.35 0 0.01 0
1.36 2 0.01 1.41421
1.37 5 0.01 2.23607
1.38 1 0.01 1
1.39 2 0.01 1.41421
1.4 2 0.01 1.41421
1.41 0 0.01 0
1.42 2 0.01 1.41421
1.43 0 0.01 0
1.44 3 0.01 1.73205
1.45 0 0.01 0
1.46 0 0.01 0
1.47 0 0.01 0
1.48 1 0.01 1
1.49 1 0.01 1
1.5 0 0.01 0
1.51 1 0.01 1
1.52 0 0.01 0
1.53 2 0.01 1.41421
1.54 2 0.01 1.41421
1.55 1 0.01 1
1.56 1 0.01 1
1.57 3 0.01 1.73205
1.58 4 0.01 2
1.59 2 0.01 1.41421
1.6 0 0.01 0
1.61 3 0.01 1.73205
1.62 1 0.01 1
1.63 0 0.01 0
1.64 2 0.01 1.41421
1.65 7 0.01 2.64575
1.66 0 0.01 0
1.67 1 0.01 1
1.68 0 0.01 0
1.69 0 0.01 0
1.7 0 0.01 0
1.71 3 0.01 1.73205
1.72 2 0.01 1.41421
1.73 0 0.01 0
1.74 0 0.01 0
1.75 0 0.01 0
1.76 2 0.01 1.41421
1.77 1 0.01 1
1.78 0 0.01 0
1.79 0 0.01 0
1.8 1 0.01 1
1.81 1 0.01 1
1.82 1 0.01 1
1.83 0 0.01 0
1.84 0 0.01 0
1.85 0 0.01 0
1.86 0 0.01 0
1.87 0 0.01 0
1.88 0 0.01 0
1.89 1 0.01 1
1.9 0 0.01 0
1.91 0 0.01 0
1.92 0 0.01 0
1.93 0 0.01 0
1.94 1 0.01 1
1.95 1 0.01 1
1.96 0 0.01 0
1.97 0 0.01 0
1.98 0 0.01 0
1.99 0 0.01 0
2 0 0.01 0
2.01 0 0.01 0
2.02 0 0.01 0
2.03 0 0.01 0
2.04 0 0.01 0
2.05 0 0.01 0
2.06 0 0.01 0
2.07 0 0.01 0
2.08 1 0.01 1
2.09 0 0.01 0
2.1 0 0.01 0
2.11 0 0.01 0
2.12 0 0.01 0
2.13 0 0.01 0
2.14 0 0.01 0
2.15 0 0.01 0
2.16 0 0.01 0
2.17 0 0.01 0
2.18 0 0.01 0
2.19 0 0.01 0
2.2 0 0.01 0
2.21 0 0.01 0
2.22 0 0.01 0
2.23 1 0.01 1
2.24 0 0.01 0
2.25 1 0.01 1
2.26 0 0.01 0
2.27 0 0.01 0
2.28 0 0.01 0
2.29 0 0.01 0
2.3 0 0.01 0
2.31 0 0.01 0
2.32 0 0.01 0
2.33 0 0.01 0
2.34 0 0.01 0
2.35 0 0.01 0
2.36 0 0.01 0
2.37 0 0.01 0
2.38 0 0.01 0
2.39 1 0.01 1
2.4 0 0.01 0
2.41 0 0.01 0
2.42 0 0.01 0
2.43 0 0.01 0
2.44 0 0.01 0
2.45 0 0.01 0
2.46 1 0.01 1
2.47 0 0.01 0
2.48 0 0.01 0
2.49 0 0.01 0
2.5 0 0.01 0
2.51 0 0.01 0
2.52 0 0.01 0
2.53 0 0.01 0
2.54 0 0.01 0
2.55 0 0.01 0
2.56 0 0.01 0
2.57 0 0.01 0
2.58 0 0.01 0
2.59 0 0.01 0
2.6 0 0.01 0
2.61 0 0.01 0
2.62 0 0.01 0
2.63 0 0.01 0
2.64 0 0.01 0
2.65 0 0.01 0
2.66 0 0.01 0
2.67 0 0.01 0
2.68 0 0.01 0
2.69 0 0.01 0
2.7 0 0.01 0
2.71 0 0.01 0
2.72 0 0.01 0
2.73 0 0.01 0
2.74 0 0.01 0
2.75 0 0.01 0
2.76 0 0.01 0
2.77 0 0.01 0
2.78 0 0.01 0
2.79 0 0.01 0
2.8 0 0.01 0
2.81 0 0.01 0
2.82 0 0.01 0
2.83 0 0.01 0
2.84 0 0.01 0
2.85 0 0.01 0
2.86 0 0.01 0
2.87 1 0.01 1
2.88 0 0.01 0
2.89 0 0.01 0
2.9 0 0.01 0
2.91 0 0.01 0
2.92 0 0.01 0
2.93 0 0.01 0
2.94 0 0.01 0
2.95 0 0.01 0
2.96 0 0.01 0
2.97 0 0.01 0
2.98 0 0.01 0
2.99 0 0.01 0
3 0 0.01 0
3.01 0 0.01 0
3.02 0 0.01 0
3.03 0 0.01 0
3.04 0 0.01 0
3.05 0 0.01 0
3.06 0 0.01 0
3.07 0 0.01 0
3.08 0 0.01 0
3.09 0 0.01 0
3.1 0 0.01 0
3.11 0 0.01 0
3.12 0 0.01 0
3.13 0 0.01 0
3.14 0 0.01 0
3.15 0 0.01 0
3.16 0 0.01 0
3.17 0 0.01 0
3.18 0 0.01 0
3.19 0 0.01 0
3.2 0 0.01 0
3.21 0 0.01 0
3.22 0 0.01 0
3.23 0 0.01 0
3.24 0 0.01 0
3.25 0 0.01 0
3.26 0 0.01 0
3.27 0 0.01 0
3.28 0 0.01 0
3.29 0 0.01 0
3.3 0 0.01 0
3.31 0 0.01 0
3.32 0 0.01 0
3.33 0 0.01 0
3.34 0 0.01 0
3.35 0 0.01 0
3.36 0 0.01 0
3.37 0 0.01 0
3.38 0 0.01 0
3.39 0 0.01 0
3.4 0 0.01 0
3.41 0 0.01 0
3.42 0 0.01 0
3.43 0 0.01 0
3.44 0 0.01 0
3.45 0 0.01 0
3.46 0 0.01 0
3.47 0 0.01 0
3.48 0 0.01 0
3.49 0 0.01 0
