0 1.67772e+07 0.01 4887.72
0.01 0 0.01 0
0.02 0 0.01 0
0.03 0 0.01 0
0.04 0 0.01 0
0.05 2 0.01 1.41421
0.06 3 0.01 1.73205
0.07 12 0.01 3.4641
0.08 23 0.01 4.79583
0.09 132 0.01 11.4891
0.1 609 0.01 24.6779
0.11 996 0.01 31.5595
0.12 2027 0.01 45.0222
0.13 3107 0.01 55.7405
0.14 4103 0.01 64.0547
0.15 4988 0.01 70.6258
0.16 5821 0.01 76.2955
0.17 6363 0.01 79.7684
0.18 6940 0.01 83.3067
0.19 7262 0.01 85.2174
0.2 7436 0.01 86.2322
0.21 7546 0.01 86.8677
0.22 7266 0.01 85.2408
0.23 7169 0.01 84.6699
0.24 6898 0.01 83.0542
0.25 6569 0.01 81.0494
0.26 6473 0.01 80.455
0.27 6043 0.01 77.7367
0.28 5724 0.01 75.6571
0.29 5420 0.01 73.6206
0.3 5155 0.01 71.7983
0.31 4989 0.01 70.6329
0.32 4669 0.01 68.3301
0.33 4456 0.01 66.7533
0.34 4402 0.01 66.3476
0.35 4162 0.01 64.5136
0.36 3970 0.01 63.0079
0.37 3795 0.01 61.6036
0.38 3676 0.01 60.63
0.39 3645 0.01 60.3738
0.4 3456 0.01 58.7878
0.41 3263 0.01 57.1227
0.42 3218 0.01 56.7274
0.43 3085 0.01 55.5428
0.44 3005 0.01 54.8179
0.45 2979 0.01 54.5802
0.46 2851 0.01 53.3948
0.47 2763 0.01 52.5642
0.48 2635 0.01 51.3323
0.49 2656 0.01 51.5364
0.5 2577 0.01 50.7642
0.51 2537 0.01 50.3686
0.52 2446 0.01 49.4571
0.53 2421 0.01 49.2037
0.54 2386 0.01 48.8467
0.55 2381 0.01 48.7955
0.56 2267 0.01 47.613
0.57 2144 0.01 46.3033
0.58 2225 0.01 47.1699
0.59 2217 0.01 47.085
0.6 2168 0.01 46.5618
0.61 2063 0.01 45.4203
0.62 2067 0.01 45.4643
0.63 2027 0.01 45.0222
0.64 2057 0.01 45.3542
0.65 2013 0.01 44.8665
0.66 2021 0.01 44.9555
0.67 2011 0.01 44.8442
0.68 1893 0.01 43.5086
0.69 1894 0.01 43.5201
0.7 1907 0.01 43.6692
0.71 1882 0.01 43.382
0.72 1790 0.01 42.3084
0.73 1753 0.01 41.8688
0.74 1712 0.01 41.3763
0.75 1617 0.01 40.2119
0.76 1561 0.01 39.5095
0.77 1452 0.01 38.1051
0.78 1350 0.01 36.7423
0.79 1190 0.01 34.4964
0.8 1018 0.01 31.9061
0.81 928 0.01 30.4631
0.82 817 0.01 28.5832
0.83 757 0.01 27.5136
0.84 581 0.01 24.1039
0.85 518 0.01 22.7596
0.86 419 0.01 20.4695
0.87 378 0.01 19.4422
0.88 287 0.01 16.9411
0.89 214 0.01 14.6287
0.9 163 0.01 12.7671
0.91 120 0.01 10.9545
0.92 95 0.01 9.74679
0.93 86 0.01 9.27362
0.94 79 0.01 8.88819
0.95 62 0.01 7.87401
0.96 50 0.01 7.07107
0.97 31 0.01 5.56776
0.98 35 0.01 5.91608
0.99 29 0.01 5.38516
1 26 0.01 5.09902
1.01 24 0.01 4.89898
1.02 22 0.01 4.69042
1.03 27 0.01 5.19615
1.04 26 0.01 5.09902
1.05 24 0.01 4.89898
1.06 30 0.01 5.47723
1.07 27 0.01 5.19615
1.08 24 0.01 4.89898
1.09 20 0.01 4.47214
1.1 16 0.01 4
1.11 21 0.01 4.58258
1.12 21 0.01 4.58258
1.13 19 0.01 4.3589
1.14 21 0.01 4.58258
1.15 20 0.01 4.47214
1.16 24 0.01 4.89898
1.17 21 0.01 4.58258
1.18 18 0.01 4.24264
1.19 8 0.01 2.82843
1.2 19 0.01 4.3589
1.21 23 0.01 4.79583
1.22 17 0.01 4.12311
1.23 23 0.01 4.79583
1.24 12 0.01 3.4641
1.25 17 0.01 4.12311
1.26 17 0.01 4.12311
1.27 18 0.01 4.24264
1.28 19 0.01 4.3589
1.29 21 0.01 4.58258
1.3 14 0.01 3.74166
1.31 16 0.01 4
1.32 16 0.01 4
1.33 19 0.01 4.3589
1.34 14 0.01 3.74166
1.35 15 0.01 3.87298
1.36 17 0.01 4.12311
1.37 20 0.01 4.47214
1.38 11 0.01 3.31662
1.39 15 0.01 3.87298
1.4 15 0.01 3.87298
1.41 15 0.01 3.87298
1.42 14 0.01 3.74166
1.43 13 0.01 3.60555
1.44 8 0.01 2.82843
1.45 12 0.01 3.4641
1.46 12 0.01 3.4641
1.47 8 0.01 2.82843
1.48 13 0.01 3.60555
1.49 13 0.01 3.60555
1.5 9 0.01 3
1.51 13 0.01 3.60555
1.52 7 0.01 2.64575
1.53 6 0.01 2.44949
1.54 11 0.01 3.31662
1.55 7 0.01 2.64575
1.56 12 0.01 3.4641
1.57 5 0.01 2.23607
1.58 6 0.01 2.44949
1.59 6 0.01 2.44949
1.6 4 0.01 2
1.61 7 0.01 2.64575
1.62 9 0.01 3
1.63 10 0.01 3.16228
1.64 3 0.01 1.73205
1.65 6 0.01 2.44949
1.66 6 0.01 2.44949
1.67 4 0.01 2
1.68 9 0.01 3
1.69 7 0.01 2.64575
1.7 7 0.01 2.64575
1.71 2 0.01 1.41421
1.72 6 0.01 2.44949
1.73 7 0.01 2.64575
1.74 4 0.01 2
1.75 5 0.01 2.23607
1.76 5 0.01 2.23607
1.77 5 0.01 2.23607
1.78 1 0.01 1
1.79 4 0.01 2
1.8 3 0.01 1.73205
1.81 8 0.01 2.82843
1.82 3 0.01 1.73205
1.83 3 0.01 1.73205
1.84 2 0.01 1.41421
1.85 0 0.01 0
1.86 4 0.01 2
1.87 3 0.01 1.73205
1.88 2 0.01 1.41421
1.89 1 0.01 1
1.9 2 0.01 1.41421
1.91 4 0.01 2
1.92 2 0.01 1.41421
1.93 2 0.01 1.41421
1.94 1 0.01 1
1.95 1 0.01 1
1.96 0 0.01 0
1.97 2 0.01 1.41421
1.98 3 0.01 1.73205
1.99 3 0.01 1.73205
2 2 0.01 1.41421
2.01 1 0.01 1
2.02 0 0.01 0
2.03 0 0.01 0
2.04 0 0.01 0
2.05 1 0.01 1
2.06 1 0.01 1
2.07 2 0.01 1.41421
2.08 1 0.01 1
2.09 0 0.01 0
2.1 0 0.01 0
2.11 1 0.01 1
2.12 1 0.01 1
2.13 0 0.01 0
2.14 0 0.01 0
2.15 0 0.01 0
2.16 0 0.01 0
2.17 0 0.01 0
2.18 0 0.01 0
2.19 0 0.01 0
2.2 0 0.01 0
2.21 0 0.01 0
2.22 0 0.01 0
2.23 0 0.01 0
2.24 0 0.01 0
2.25 0 0.01 0
2.26 0 0.01 0
2.27 0 0.01 0
2.28 0 0.01 0
2.29 0 0.01 0
2.3 0 0.01 0
2.31 0 0.01 0
2.32 1 0.01 1
2.33 0 0.01 0
2.34 1 0.01 1
2.35 0 0.01 0
2.36 0 0.01 0
2.37 0 0.01 0
2.38 0 0.01 0
2.39 0 0.01 0
2.4 1 0.01 1
2.41 0 0.01 0
2.42 0 0.01 0
2.43 0 0.01 0
2.44 0 0.01 0
2.45 0 0.01 0
2.46 0 0.01 0
2.47 1 0.01 1
2.48 0 0.01 0
2.49 0 0.01 0
2.5 0 0.01 0
2.51 0 0.01 0
2.52 0 0.01 0
2.53 0 0.01 0
2.54 0 0.01 0
2.55 0 0.01 0
2.56 0 0.01 0
2.57 0 0.01 0
2.58 0 0.01 0
2.59 0 0.01 0
2.6 0 0.01 0
2.61 0 0.01 0
2.62 0 0.01 0
2.63 0 0.01 0
2.64 0 0.01 0
2.65 0 0.01 0
2.66 0 0.01 0
2.67 0 0.01 0
2.68 0 0.01 0
2.69 0 0.01 0
2.7 0 0.01 0
2.71 0 0.01 0
2.72 0 0.01 0
2.73 0 0.01 0
2.74 0 0.01 0
2.75 0 0.01 0
2.76 0 0.01 0
2.77 0 0.01 0
2.78 0 0.01 0
2.79 0 0.01 0
2.8 0 0.01 0
2.81 0 0.01 0
2.82 0 0.01 0
2.83 0 0.01 0
2.84 0 0.01 0
2.85 0 0.01 0
2.86 0 0.01 0
2.87 0 0.01 0
2.88 0 0.01 0
2.89 0 0.01 0
2.9 0 0.01 0
2.91 0 0.01 0
2.92 0 0.01 0
2.93 0 0.01 0
2.94 0 0.01 0
2.95 0 0.01 0
2.96 0 0.01 0
2.97 0 0.01 0
2.98 0 0.01 0
2.99 0 0.01 0
3 0 0.01 0
3.01 0 0.01 0
3.02 0 0.01 0
3.03 0 0.01 0
3.04 0 0.01 0
3.05 0 0.01 0
3.06 0 0.01 0
3.07 0 0.01 0
3.08 0 0.01 0
3.09 0 0.01 0
3.1 0 0.01 0
3.11 0 0.01 0
3.12 0 0.01 0
3.13 0 0.01 0
3.14 0 0.01 0
3.15 0 0.01 0
3.16 0 0.01 0
3.17 0 0.01 0
3.18 0 0.01 0
3.19 0 0.01 0
3.2 0 0.01 0
3.21 0 0.01 0
3.22 0 0.01 0
3.23 0 0.01 0
3.24 0 0.01 0
3.25 0 0.01 0
3.26 0 0.01 0
3.27 0 0.01 0
3.28 0 0.01 0
3.29 0 0.01 0
3.3 0 0.01 0
3.31 0 0.01 0
3.32 0 0.01 0
3.33 0 0.01 0
3.34 0 0.01 0
3.35 0 0.01 0
3.36 0 0.01 0
3.37 0 0.01 0
3.38 0 0.01 0
3.39 0 0.01 0
3.4 0 0.01 0
3.41 0 0.01 0
3.42 0 0.01 0
3.43 0 0.01 0
3.44 0 0.01 0
3.45 0 0.01 0
3.46 0 0.01 0
3.47 0 0.01 0
3.48 0 0.01 0
3.49 0 0.01 0
