0 1.3094e+06 1 1144.29
1 0 1 0
2 247 1 15.7162
3 1379 1 37.1349
4 13421 1 115.849
5 22527 1 150.09
6 27578 1 166.066
7 27576 1 166.06
8 25216 1 158.795
9 22220 1 149.064
10 19743 1 140.51
11 17588 1 132.62
12 15339 1 123.851
13 13652 1 116.842
14 12000 1 109.545
15 10814 1 103.99
16 9460 1 97.2625
17 8519 1 92.2984
18 7810 1 88.3742
19 7026 1 83.8212
20 6284 1 79.2717
21 5886 1 76.7203
22 5422 1 73.6342
23 4942 1 70.2994
24 4559 1 67.5204
25 4257 1 65.2457
26 3974 1 63.0397
27 3753 1 61.2617
28 3437 1 58.6259
29 3193 1 56.5066
30 2937 1 54.1941
31 2746 1 52.4023
32 2567 1 50.6656
33 2473 1 49.7293
34 2258 1 47.5184
35 2167 1 46.551
36 2081 1 45.618
37 1893 1 43.5086
38 1718 1 41.4488
39 1705 1 41.2916
40 1616 1 40.1995
41 1513 1 38.8973
42 1436 1 37.8946
43 1318 1 36.3043
44 1248 1 35.327
45 1204 1 34.6987
46 1183 1 34.3948
47 1118 1 33.4365
48 1058 1 32.5269
49 995 1 31.5436
50 935 1 30.5778
51 906 1 30.0998
52 853 1 29.2062
53 833 1 28.8617
54 761 1 27.5862
55 801 1 28.3019
56 667 1 25.8263
57 691 1 26.2869
58 628 1 25.0599
59 673 1 25.9422
60 602 1 24.5357
61 585 1 24.1868
62 539 1 23.2164
63 512 1 22.6274
64 493 1 22.2036
65 465 1 21.5639
66 446 1 21.1187
67 456 1 21.3542
68 464 1 21.5407
69 399 1 19.975
70 393 1 19.8242
71 433 1 20.8087
72 377 1 19.4165
73 354 1 18.8149
74 320 1 17.8885
75 360 1 18.9737
76 337 1 18.3576
77 336 1 18.3303
78 278 1 16.6733
79 284 1 16.8523
80 276 1 16.6132
81 303 1 17.4069
82 256 1 16
83 263 1 16.2173
84 274 1 16.5529
85 216 1 14.6969
86 211 1 14.5258
87 252 1 15.8745
88 235 1 15.3297
89 228 1 15.0997
90 218 1 14.7648
91 194 1 13.9284
92 192 1 13.8564
93 182 1 13.4907
94 186 1 13.6382
95 173 1 13.1529
96 160 1 12.6491
97 168 1 12.9615
98 156 1 12.49
99 140 1 11.8322
100 170 1 13.0384
101 130 1 11.4018
102 147 1 12.1244
103 141 1 11.8743
104 127 1 11.2694
105 136 1 11.6619
106 131 1 11.4455
107 123 1 11.0905
108 117 1 10.8167
109 116 1 10.7703
110 131 1 11.4455
111 116 1 10.7703
112 112 1 10.583
113 113 1 10.6301
114 110 1 10.4881
115 104 1 10.198
116 96 1 9.79796
117 98 1 9.89949
118 98 1 9.89949
119 90 1 9.48683
120 89 1 9.43398
121 96 1 9.79796
122 84 1 9.16515
123 77 1 8.77496
124 81 1 9
125 70 1 8.3666
126 85 1 9.21954
127 77 1 8.77496
128 71 1 8.42615
129 75 1 8.66025
130 62 1 7.87401
131 75 1 8.66025
132 66 1 8.12404
133 59 1 7.68115
134 70 1 8.3666
135 72 1 8.48528
136 60 1 7.74597
137 64 1 8
138 57 1 7.54983
139 57 1 7.54983
140 41 1 6.40312
141 52 1 7.2111
142 68 1 8.24621
143 49 1 7
144 46 1 6.78233
145 54 1 7.34847
146 47 1 6.85565
147 45 1 6.7082
148 35 1 5.91608
149 35 1 5.91608
150 47 1 6.85565
151 36 1 6
152 56 1 7.48331
153 52 1 7.2111
154 40 1 6.32456
155 41 1 6.40312
156 32 1 5.65685
157 44 1 6.63325
158 34 1 5.83095
159 36 1 6
160 43 1 6.55744
161 40 1 6.32456
162 30 1 5.47723
163 32 1 5.65685
164 30 1 5.47723
165 31 1 5.56776
166 40 1 6.32456
167 39 1 6.245
168 28 1 5.2915
169 28 1 5.2915
170 28 1 5.2915
171 27 1 5.19615
172 36 1 6
173 41 1 6.40312
174 32 1 5.65685
175 30 1 5.47723
176 27 1 5.19615
177 21 1 4.58258
178 15 1 3.87298
179 17 1 4.12311
180 34 1 5.83095
181 31 1 5.56776
182 22 1 4.69042
183 18 1 4.24264
184 24 1 4.89898
185 28 1 5.2915
186 19 1 4.3589
187 17 1 4.12311
188 32 1 5.65685
189 22 1 4.69042
190 19 1 4.3589
191 21 1 4.58258
192 18 1 4.24264
193 21 1 4.58258
194 23 1 4.79583
195 18 1 4.24264
196 11 1 3.31662
197 20 1 4.47214
198 19 1 4.3589
199 20 1 4.47214
200 20 1 4.47214
201 17 1 4.12311
202 19 1 4.3589
203 15 1 3.87298
204 14 1 3.74166
205 16 1 4
206 16 1 4
207 17 1 4.12311
208 26 1 5.09902
209 17 1 4.12311
210 13 1 3.60555
211 16 1 4
212 10 1 3.16228
213 29 1 5.38516
214 17 1 4.12311
215 15 1 3.87298
216 18 1 4.24264
217 17 1 4.12311
218 18 1 4.24264
219 19 1 4.3589
220 15 1 3.87298
221 8 1 2.82843
222 15 1 3.87298
223 10 1 3.16228
224 12 1 3.4641
225 16 1 4
226 13 1 3.60555
227 11 1 3.31662
228 9 1 3
229 7 1 2.64575
230 21 1 4.58258
231 12 1 3.4641
232 17 1 4.12311
233 11 1 3.31662
234 11 1 3.31662
235 14 1 3.74166
236 10 1 3.16228
237 11 1 3.31662
238 17 1 4.12311
239 14 1 3.74166
240 7 1 2.64575
241 9 1 3
242 8 1 2.82843
243 10 1 3.16228
244 7 1 2.64575
245 15 1 3.87298
246 10 1 3.16228
247 11 1 3.31662
248 12 1 3.4641
249 6 1 2.44949
250 3 1 1.73205
251 6 1 2.44949
252 8 1 2.82843
253 9 1 3
254 6 1 2.44949
255 7 1 2.64575
256 9 1 3
257 16 1 4
258 10 1 3.16228
259 7 1 2.64575
260 11 1 3.31662
261 12 1 3.4641
262 8 1 2.82843
263 11 1 3.31662
264 16 1 4
265 11 1 3.31662
266 11 1 3.31662
267 8 1 2.82843
268 10 1 3.16228
269 9 1 3
270 10 1 3.16228
271 15 1 3.87298
272 9 1 3
273 5 1 2.23607
274 8 1 2.82843
275 7 1 2.64575
276 13 1 3.60555
277 6 1 2.44949
278 7 1 2.64575
279 4 1 2
280 2 1 1.41421
281 6 1 2.44949
282 7 1 2.64575
283 6 1 2.44949
284 6 1 2.44949
285 5 1 2.23607
286 8 1 2.82843
287 3 1 1.73205
288 9 1 3
289 2 1 1.41421
290 2 1 1.41421
291 5 1 2.23607
292 5 1 2.23607
293 9 1 3
294 8 1 2.82843
295 6 1 2.44949
296 5 1 2.23607
297 3 1 1.73205
298 6 1 2.44949
299 8 1 2.82843
300 7 1 2.64575
301 4 1 2
302 5 1 2.23607
303 6 1 2.44949
304 7 1 2.64575
305 6 1 2.44949
306 10 1 3.16228
307 2 1 1.41421
308 9 1 3
309 5 1 2.23607
310 7 1 2.64575
311 5 1 2.23607
312 3 1 1.73205
313 4 1 2
314 3 1 1.73205
315 5 1 2.23607
316 6 1 2.44949
317 4 1 2
318 5 1 2.23607
319 4 1 2
320 1 1 1
321 5 1 2.23607
322 5 1 2.23607
323 4 1 2
324 0 1 0
325 11 1 3.31662
326 3 1 1.73205
327 3 1 1.73205
328 6 1 2.44949
329 1 1 1
330 2 1 1.41421
331 3 1 1.73205
332 3 1 1.73205
333 4 1 2
334 9 1 3
335 4 1 2
336 3 1 1.73205
337 3 1 1.73205
338 3 1 1.73205
339 5 1 2.23607
340 7 1 2.64575
341 6 1 2.44949
342 2 1 1.41421
343 5 1 2.23607
344 7 1 2.64575
345 4 1 2
346 4 1 2
347 3 1 1.73205
348 1 1 1
349 5 1 2.23607
350 4 1 2
351 6 1 2.44949
352 1 1 1
353 3 1 1.73205
354 3 1 1.73205
355 7 1 2.64575
356 2 1 1.41421
357 4 1 2
358 2 1 1.41421
359 2 1 1.41421
360 3 1 1.73205
361 2 1 1.41421
362 2 1 1.41421
363 2 1 1.41421
364 3 1 1.73205
365 3 1 1.73205
366 2 1 1.41421
367 4 1 2
368 3 1 1.73205
369 3 1 1.73205
370 5 1 2.23607
371 3 1 1.73205
372 3 1 1.73205
373 6 1 2.44949
374 5 1 2.23607
375 1 1 1
376 3 1 1.73205
377 7 1 2.64575
378 1 1 1
379 3 1 1.73205
380 1 1 1
381 3 1 1.73205
382 2 1 1.41421
383 6 1 2.44949
384 1 1 1
385 4 1 2
386 1 1 1
387 3 1 1.73205
388 3 1 1.73205
389 2 1 1.41421
390 6 1 2.44949
391 0 1 0
392 6 1 2.44949
393 2 1 1.41421
394 2 1 1.41421
395 3 1 1.73205
396 2 1 1.41421
397 2 1 1.41421
398 1 1 1
399 2 1 1.41421
400 1 1 1
401 2 1 1.41421
402 7 1 2.64575
403 2 1 1.41421
404 2 1 1.41421
405 3 1 1.73205
406 4 1 2
407 5 1 2.23607
408 2 1 1.41421
409 0 1 0
410 4 1 2
411 2 1 1.41421
412 1 1 1
413 4 1 2
414 2 1 1.41421
415 2 1 1.41421
416 2 1 1.41421
417 2 1 1.41421
418 2 1 1.41421
419 1 1 1
420 1 1 1
421 1 1 1
422 3 1 1.73205
423 2 1 1.41421
424 4 1 2
425 0 1 0
426 4 1 2
427 2 1 1.41421
428 1 1 1
429 4 1 2
430 2 1 1.41421
431 1 1 1
432 4 1 2
433 1 1 1
434 4 1 2
435 2 1 1.41421
436 2 1 1.41421
437 1 1 1
438 0 1 0
439 0 1 0
440 2 1 1.41421
441 2 1 1.41421
442 2 1 1.41421
443 2 1 1.41421
444 1 1 1
445 3 1 1.73205
446 3 1 1.73205
447 1 1 1
448 5 1 2.23607
449 3 1 1.73205
450 2 1 1.41421
451 0 1 0
452 4 1 2
453 1 1 1
454 1 1 1
455 3 1 1.73205
456 0 1 0
457 1 1 1
458 0 1 0
459 1 1 1
460 3 1 1.73205
461 2 1 1.41421
462 0 1 0
463 1 1 1
464 1 1 1
465 3 1 1.73205
466 2 1 1.41421
467 3 1 1.73205
468 2 1 1.41421
469 1 1 1
470 4 1 2
471 3 1 1.73205
472 4 1 2
473 0 1 0
474 1 1 1
475 1 1 1
476 0 1 0
477 1 1 1
478 0 1 0
479 3 1 1.73205
480 0 1 0
481 2 1 1.41421
482 1 1 1
483 3 1 1.73205
484 1 1 1
485 3 1 1.73205
486 0 1 0
487 2 1 1.41421
488 1 1 1
489 1 1 1
490 3 1 1.73205
491 1 1 1
492 0 1 0
493 0 1 0
494 2 1 1.41421
495 1 1 1
496 0 1 0
497 1 1 1
498 0 1 0
499 1 1 1
500 0 1 0
501 3 1 1.73205
502 0 1 0
503 2 1 1.41421
504 2 1 1.41421
505 0 1 0
506 1 1 1
507 2 1 1.41421
508 0 1 0
509 1 1 1
510 0 1 0
511 1 1 1
512 0 1 0
513 1 1 1
514 3 1 1.73205
515 2 1 1.41421
516 0 1 0
517 1 1 1
518 1 1 1
519 0 1 0
520 2 1 1.41421
521 0 1 0
522 0 1 0
523 1 1 1
524 1 1 1
525 2 1 1.41421
526 0 1 0
527 0 1 0
528 2 1 1.41421
529 2 1 1.41421
530 1 1 1
531 1 1 1
532 0 1 0
533 1 1 1
534 0 1 0
535 2 1 1.41421
536 1 1 1
537 2 1 1.41421
538 2 1 1.41421
539 2 1 1.41421
540 0 1 0
541 1 1 1
542 0 1 0
543 1 1 1
544 0 1 0
545 1 1 1
546 1 1 1
547 1 1 1
548 1 1 1
549 0 1 0
550 1 1 1
551 2 1 1.41421
552 0 1 0
553 0 1 0
554 1 1 1
555 0 1 0
556 0 1 0
557 0 1 0
558 1 1 1
559 0 1 0
560 1 1 1
561 0 1 0
562 0 1 0
563 2 1 1.41421
564 1 1 1
565 2 1 1.41421
566 1 1 1
567 0 1 0
568 1 1 1
569 0 1 0
570 1 1 1
571 0 1 0
572 0 1 0
573 1 1 1
574 0 1 0
575 0 1 0
576 1 1 1
577 1 1 1
578 0 1 0
579 0 1 0
580 2 1 1.41421
581 0 1 0
582 1 1 1
583 0 1 0
584 0 1 0
585 0 1 0
586 0 1 0
587 2 1 1.41421
588 1 1 1
589 0 1 0
590 1 1 1
591 0 1 0
592 0 1 0
593 0 1 0
594 1 1 1
595 0 1 0
596 1 1 1
597 2 1 1.41421
598 0 1 0
599 0 1 0
600 0 1 0
601 0 1 0
602 0 1 0
603 0 1 0
604 2 1 1.41421
605 1 1 1
606 0 1 0
607 1 1 1
608 0 1 0
609 0 1 0
610 0 1 0
611 0 1 0
612 0 1 0
613 0 1 0
614 1 1 1
615 1 1 1
616 0 1 0
617 2 1 1.41421
618 1 1 1
619 0 1 0
620 1 1 1
621 0 1 0
622 0 1 0
623 1 1 1
624 1 1 1
625 1 1 1
626 0 1 0
627 1 1 1
628 0 1 0
629 1 1 1
630 0 1 0
631 0 1 0
632 0 1 0
633 0 1 0
634 0 1 0
635 0 1 0
636 0 1 0
637 1 1 1
638 0 1 0
639 0 1 0
640 0 1 0
641 0 1 0
642 1 1 1
643 1 1 1
644 0 1 0
645 0 1 0
646 1 1 1
647 0 1 0
648 0 1 0
649 0 1 0
650 0 1 0
651 0 1 0
652 0 1 0
653 1 1 1
654 0 1 0
655 0 1 0
656 0 1 0
657 0 1 0
658 0 1 0
659 0 1 0
660 0 1 0
661 0 1 0
662 0 1 0
663 0 1 0
664 0 1 0
665 2 1 1.41421
666 0 1 0
667 1 1 1
668 0 1 0
669 0 1 0
670 1 1 1
671 0 1 0
672 0 1 0
673 2 1 1.41421
674 0 1 0
675 1 1 1
676 0 1 0
677 0 1 0
678 2 1 1.41421
679 0 1 0
680 2 1 1.41421
681 2 1 1.41421
682 0 1 0
683 0 1 0
684 0 1 0
685 1 1 1
686 1 1 1
687 0 1 0
688 1 1 1
689 0 1 0
690 0 1 0
691 0 1 0
692 0 1 0
693 2 1 1.41421
694 0 1 0
695 1 1 1
696 1 1 1
697 0 1 0
698 1 1 1
699 0 1 0
700 0 1 0
701 1 1 1
702 0 1 0
703 1 1 1
704 0 1 0
705 1 1 1
706 1 1 1
707 0 1 0
708 0 1 0
709 1 1 1
710 0 1 0
711 0 1 0
712 0 1 0
713 0 1 0
714 0 1 0
715 0 1 0
716 1 1 1
717 0 1 0
718 0 1 0
719 0 1 0
720 0 1 0
721 1 1 1
722 0 1 0
723 1 1 1
724 0 1 0
725 0 1 0
726 1 1 1
727 1 1 1
728 0 1 0
729 1 1 1
730 0 1 0
731 1 1 1
732 0 1 0
733 0 1 0
734 0 1 0
735 0 1 0
736 1 1 1
737 0 1 0
738 0 1 0
739 0 1 0
740 1 1 1
741 1 1 1
742 0 1 0
743 0 1 0
744 1 1 1
745 0 1 0
746 0 1 0
747 0 1 0
748 2 1 1.41421
749 0 1 0
750 0 1 0
751 0 1 0
752 1 1 1
753 2 1 1.41421
754 0 1 0
755 0 1 0
756 1 1 1
757 0 1 0
758 1 1 1
759 0 1 0
760 0 1 0
761 0 1 0
762 0 1 0
763 0 1 0
764 0 1 0
765 1 1 1
766 0 1 0
767 0 1 0
768 0 1 0
769 0 1 0
770 0 1 0
771 1 1 1
772 0 1 0
773 2 1 1.41421
774 1 1 1
775 0 1 0
776 0 1 0
777 0 1 0
778 0 1 0
779 0 1 0
780 2 1 1.41421
781 1 1 1
782 1 1 1
783 0 1 0
784 0 1 0
785 0 1 0
786 0 1 0
787 0 1 0
788 1 1 1
789 0 1 0
790 0 1 0
791 0 1 0
792 1 1 1
793 0 1 0
794 0 1 0
795 0 1 0
796 0 1 0
797 1 1 1
798 0 1 0
799 0 1 0
800 0 1 0
801 0 1 0
802 0 1 0
803 0 1 0
804 0 1 0
805 0 1 0
806 0 1 0
807 1 1 1
808 0 1 0
809 0 1 0
810 0 1 0
811 0 1 0
812 1 1 1
813 0 1 0
814 0 1 0
815 0 1 0
816 1 1 1
817 1 1 1
818 1 1 1
819 0 1 0
820 0 1 0
821 0 1 0
822 0 1 0
823 0 1 0
824 0 1 0
825 0 1 0
826 0 1 0
827 0 1 0
828 0 1 0
829 0 1 0
830 1 1 1
831 1 1 1
832 0 1 0
833 0 1 0
834 0 1 0
835 0 1 0
836 0 1 0
837 1 1 1
838 0 1 0
839 0 1 0
840 1 1 1
841 1 1 1
842 0 1 0
843 0 1 0
844 0 1 0
845 0 1 0
846 0 1 0
847 0 1 0
848 0 1 0
849 1 1 1
850 0 1 0
851 0 1 0
852 0 1 0
853 0 1 0
854 1 1 1
855 0 1 0
856 0 1 0
857 0 1 0
858 0 1 0
859 0 1 0
860 0 1 0
861 0 1 0
862 0 1 0
863 0 1 0
864 0 1 0
865 0 1 0
866 0 1 0
867 0 1 0
868 1 1 1
869 0 1 0
870 0 1 0
871 0 1 0
872 0 1 0
873 0 1 0
874 0 1 0
875 0 1 0
876 0 1 0
877 0 1 0
878 1 1 1
879 0 1 0
880 0 1 0
881 0 1 0
882 0 1 0
883 1 1 1
884 1 1 1
885 0 1 0
886 0 1 0
887 2 1 1.41421
888 0 1 0
889 0 1 0
890 0 1 0
891 1 1 1
892 0 1 0
893 0 1 0
894 0 1 0
895 1 1 1
896 1 1 1
897 1 1 1
898 0 1 0
899 1 1 1
900 0 1 0
901 0 1 0
902 0 1 0
903 0 1 0
904 1 1 1
905 1 1 1
906 0 1 0
907 0 1 0
908 0 1 0
909 0 1 0
910 0 1 0
911 0 1 0
912 0 1 0
913 0 1 0
914 0 1 0
915 0 1 0
916 0 1 0
917 0 1 0
918 0 1 0
919 0 1 0
920 2 1 1.41421
921 0 1 0
922 0 1 0
923 0 1 0
924 0 1 0
925 0 1 0
926 0 1 0
927 0 1 0
928 3 1 1.73205
929 1 1 1
930 0 1 0
931 0 1 0
932 0 1 0
933 0 1 0
934 0 1 0
935 0 1 0
936 0 1 0
937 0 1 0
938 0 1 0
939 0 1 0
940 0 1 0
941 0 1 0
942 0 1 0
943 0 1 0
944 0 1 0
945 0 1 0
946 0 1 0
947 0 1 0
948 0 1 0
949 0 1 0
950 0 1 0
951 0 1 0
952 0 1 0
953 0 1 0
954 0 1 0
955 1 1 1
956 0 1 0
957 0 1 0
958 0 1 0
959 0 1 0
960 0 1 0
961 0 1 0
962 0 1 0
963 0 1 0
964 0 1 0
965 1 1 1
966 0 1 0
967 1 1 1
968 0 1 0
969 1 1 1
970 0 1 0
971 0 1 0
972 0 1 0
973 0 1 0
974 2 1 1.41421
975 1 1 1
976 0 1 0
977 0 1 0
978 0 1 0
979 0 1 0
980 0 1 0
981 0 1 0
982 0 1 0
983 0 1 0
984 0 1 0
985 0 1 0
986 0 1 0
987 0 1 0
988 0 1 0
989 0 1 0
990 0 1 0
991 0 1 0
992 0 1 0
993 2 1 1.41421
994 0 1 0
995 0 1 0
996 0 1 0
997 0 1 0
998 0 1 0
999 0 1 0
1000 0 1 0
1001 0 1 0
1002 0 1 0
1003 0 1 0
1004 0 1 0
1005 0 1 0
1006 0 1 0
1007 0 1 0
1008 0 1 0
1009 0 1 0
1010 0 1 0
1011 0 1 0
1012 0 1 0
1013 0 1 0
1014 0 1 0
1015 1 1 1
1016 0 1 0
1017 0 1 0
1018 0 1 0
1019 0 1 0
1020 1 1 1
1021 0 1 0
1022 0 1 0
1023 1 1 1
1024 0 1 0
1025 1 1 1
1026 0 1 0
1027 0 1 0
1028 0 1 0
1029 0 1 0
1030 0 1 0
1031 0 1 0
1032 0 1 0
1033 0 1 0
1034 0 1 0
1035 0 1 0
1036 0 1 0
1037 0 1 0
1038 0 1 0
1039 0 1 0
1040 0 1 0
1041 0 1 0
1042 0 1 0
1043 0 1 0
1044 0 1 0
1045 0 1 0
1046 0 1 0
1047 0 1 0
1048 0 1 0
1049 0 1 0
1050 0 1 0
1051 1 1 1
1052 0 1 0
1053 0 1 0
1054 0 1 0
1055 0 1 0
1056 1 1 1
1057 1 1 1
1058 1 1 1
1059 0 1 0
1060 0 1 0
1061 1 1 1
1062 0 1 0
1063 0 1 0
1064 0 1 0
1065 0 1 0
1066 1 1 1
1067 0 1 0
1068 1 1 1
1069 0 1 0
1070 0 1 0
1071 0 1 0
1072 0 1 0
1073 1 1 1
1074 0 1 0
1075 0 1 0
1076 0 1 0
1077 0 1 0
1078 0 1 0
1079 0 1 0
1080 0 1 0
1081 0 1 0
1082 0 1 0
1083 1 1 1
1084 0 1 0
1085 0 1 0
1086 0 1 0
1087 0 1 0
1088 0 1 0
1089 0 1 0
1090 0 1 0
1091 0 1 0
1092 1 1 1
1093 0 1 0
1094 0 1 0
1095 0 1 0
1096 0 1 0
1097 0 1 0
1098 0 1 0
1099 0 1 0
1100 1 1 1
1101 0 1 0
1102 0 1 0
1103 0 1 0
1104 0 1 0
1105 0 1 0
1106 0 1 0
1107 0 1 0
1108 0 1 0
1109 0 1 0
1110 2 1 1.41421
1111 0 1 0
1112 0 1 0
1113 0 1 0
1114 0 1 0
1115 0 1 0
1116 0 1 0
1117 0 1 0
1118 0 1 0
1119 0 1 0
1120 0 1 0
1121 0 1 0
1122 0 1 0
1123 1 1 1
1124 0 1 0
1125 0 1 0
1126 0 1 0
1127 0 1 0
1128 0 1 0
1129 0 1 0
1130 0 1 0
1131 0 1 0
1132 0 1 0
1133 0 1 0
1134 0 1 0
1135 0 1 0
1136 0 1 0
1137 0 1 0
1138 0 1 0
1139 0 1 0
1140 0 1 0
1141 0 1 0
1142 0 1 0
1143 0 1 0
1144 0 1 0
1145 0 1 0
1146 0 1 0
1147 0 1 0
1148 0 1 0
1149 0 1 0
1150 0 1 0
1151 0 1 0
1152 0 1 0
1153 0 1 0
1154 0 1 0
1155 0 1 0
1156 0 1 0
1157 0 1 0
1158 0 1 0
1159 0 1 0
1160 1 1 1
1161 0 1 0
1162 0 1 0
1163 0 1 0
1164 0 1 0
1165 0 1 0
1166 0 1 0
1167 0 1 0
1168 0 1 0
1169 0 1 0
1170 0 1 0
1171 0 1 0
1172 0 1 0
1173 0 1 0
1174 0 1 0
1175 0 1 0
1176 0 1 0
1177 0 1 0
1178 0 1 0
1179 0 1 0
1180 0 1 0
1181 0 1 0
1182 0 1 0
1183 0 1 0
1184 0 1 0
1185 0 1 0
1186 0 1 0
1187 1 1 1
1188 1 1 1
1189 0 1 0
1190 0 1 0
1191 0 1 0
1192 0 1 0
1193 1 1 1
1194 0 1 0
1195 0 1 0
1196 0 1 0
1197 0 1 0
1198 0 1 0
1199 0 1 0
1200 0 1 0
1201 0 1 0
1202 0 1 0
1203 0 1 0
1204 0 1 0
1205 0 1 0
1206 1 1 1
1207 0 1 0
1208 0 1 0
1209 0 1 0
1210 0 1 0
1211 0 1 0
1212 0 1 0
1213 0 1 0
1214 0 1 0
1215 0 1 0
1216 0 1 0
1217 0 1 0
1218 0 1 0
1219 1 1 1
1220 0 1 0
1221 0 1 0
1222 0 1 0
1223 0 1 0
1224 0 1 0
1225 0 1 0
1226 0 1 0
1227 0 1 0
1228 0 1 0
1229 0 1 0
1230 0 1 0
1231 0 1 0
1232 0 1 0
1233 0 1 0
1234 0 1 0
1235 0 1 0
1236 1 1 1
1237 0 1 0
1238 0 1 0
1239 0 1 0
1240 0 1 0
1241 0 1 0
1242 0 1 0
1243 0 1 0
1244 0 1 0
1245 0 1 0
1246 0 1 0
1247 0 1 0
1248 0 1 0
1249 0 1 0
1250 0 1 0
1251 0 1 0
1252 0 1 0
1253 1 1 1
1254 0 1 0
1255 0 1 0
1256 0 1 0
1257 0 1 0
1258 0 1 0
1259 0 1 0
1260 0 1 0
1261 0 1 0
1262 0 1 0
1263 0 1 0
1264 0 1 0
1265 0 1 0
1266 0 1 0
1267 0 1 0
1268 0 1 0
1269 0 1 0
1270 0 1 0
1271 0 1 0
1272 0 1 0
1273 0 1 0
1274 0 1 0
1275 0 1 0
1276 0 1 0
1277 0 1 0
1278 0 1 0
1279 0 1 0
1280 0 1 0
1281 0 1 0
1282 0 1 0
1283 0 1 0
1284 0 1 0
1285 1 1 1
1286 0 1 0
1287 0 1 0
1288 1 1 1
1289 0 1 0
1290 0 1 0
1291 0 1 0
1292 0 1 0
1293 0 1 0
1294 0 1 0
1295 0 1 0
1296 0 1 0
1297 0 1 0
1298 0 1 0
1299 0 1 0
1300 0 1 0
1301 0 1 0
1302 0 1 0
1303 0 1 0
1304 0 1 0
1305 0 1 0
1306 0 1 0
1307 0 1 0
1308 0 1 0
1309 0 1 0
1310 0 1 0
1311 0 1 0
1312 0 1 0
1313 0 1 0
1314 0 1 0
1315 0 1 0
1316 0 1 0
1317 1 1 1
1318 0 1 0
1319 0 1 0
1320 0 1 0
1321 0 1 0
1322 0 1 0
1323 0 1 0
1324 0 1 0
1325 0 1 0
1326 0 1 0
1327 0 1 0
1328 0 1 0
1329 0 1 0
1330 0 1 0
1331 0 1 0
1332 0 1 0
1333 0 1 0
1334 0 1 0
1335 0 1 0
1336 0 1 0
1337 0 1 0
1338 0 1 0
1339 0 1 0
1340 0 1 0
1341 0 1 0
1342 0 1 0
1343 0 1 0
1344 0 1 0
1345 0 1 0
1346 0 1 0
1347 0 1 0
1348 0 1 0
1349 0 1 0
1350 0 1 0
1351 0 1 0
1352 0 1 0
1353 0 1 0
1354 0 1 0
1355 0 1 0
1356 0 1 0
1357 0 1 0
1358 0 1 0
1359 0 1 0
1360 0 1 0
1361 0 1 0
1362 0 1 0
1363 0 1 0
1364 0 1 0
1365 0 1 0
1366 0 1 0
1367 0 1 0
1368 0 1 0
1369 0 1 0
1370 0 1 0
1371 0 1 0
1372 0 1 0
1373 0 1 0
1374 0 1 0
1375 0 1 0
1376 0 1 0
1377 0 1 0
1378 0 1 0
1379 0 1 0
1380 0 1 0
1381 0 1 0
1382 0 1 0
1383 0 1 0
1384 0 1 0
1385 0 1 0
1386 0 1 0
1387 0 1 0
1388 0 1 0
1389 0 1 0
1390 0 1 0
1391 0 1 0
1392 0 1 0
1393 1 1 1
1394 0 1 0
1395 0 1 0
1396 0 1 0
1397 0 1 0
1398 0 1 0
1399 0 1 0
1400 0 1 0
1401 0 1 0
1402 0 1 0
1403 0 1 0
1404 0 1 0
1405 0 1 0
1406 0 1 0
1407 0 1 0
1408 0 1 0
1409 0 1 0
1410 0 1 0
1411 0 1 0
1412 0 1 0
1413 0 1 0
1414 0 1 0
1415 0 1 0
1416 0 1 0
1417 0 1 0
1418 0 1 0
1419 0 1 0
1420 0 1 0
1421 0 1 0
1422 0 1 0
1423 0 1 0
1424 0 1 0
1425 0 1 0
1426 0 1 0
1427 0 1 0
1428 0 1 0
1429 0 1 0
1430 0 1 0
1431 0 1 0
1432 0 1 0
1433 0 1 0
1434 0 1 0
1435 0 1 0
1436 1 1 1
1437 0 1 0
1438 0 1 0
1439 0 1 0
1440 0 1 0
1441 1 1 1
1442 0 1 0
1443 0 1 0
1444 0 1 0
1445 0 1 0
1446 0 1 0
1447 0 1 0
1448 0 1 0
1449 0 1 0
1450 0 1 0
1451 0 1 0
1452 0 1 0
1453 0 1 0
1454 0 1 0
1455 0 1 0
1456 0 1 0
1457 0 1 0
1458 0 1 0
1459 0 1 0
1460 0 1 0
1461 0 1 0
1462 0 1 0
1463 0 1 0
1464 0 1 0
1465 0 1 0
1466 0 1 0
1467 0 1 0
1468 0 1 0
1469 1 1 1
1470 0 1 0
1471 0 1 0
1472 0 1 0
1473 0 1 0
1474 0 1 0
1475 0 1 0
1476 0 1 0
1477 0 1 0
1478 0 1 0
1479 0 1 0
1480 0 1 0
1481 0 1 0
1482 0 1 0
1483 0 1 0
1484 0 1 0
1485 0 1 0
1486 2 1 1.41421
1487 0 1 0
1488 0 1 0
1489 0 1 0
1490 0 1 0
1491 0 1 0
1492 0 1 0
1493 0 1 0
1494 0 1 0
1495 0 1 0
1496 0 1 0
1497 0 1 0
1498 0 1 0
1499 0 1 0
1500 0 1 0
1501 0 1 0
1502 0 1 0
1503 1 1 1
1504 1 1 1
1505 0 1 0
1506 0 1 0
1507 0 1 0
1508 0 1 0
1509 0 1 0
1510 0 1 0
1511 0 1 0
1512 0 1 0
1513 1 1 1
1514 0 1 0
1515 0 1 0
1516 0 1 0
1517 0 1 0
1518 0 1 0
1519 0 1 0
1520 0 1 0
1521 0 1 0
1522 0 1 0
1523 0 1 0
1524 0 1 0
1525 1 1 1
1526 0 1 0
1527 0 1 0
1528 0 1 0
1529 0 1 0
1530 0 1 0
1531 0 1 0
1532 0 1 0
1533 0 1 0
1534 0 1 0
1535 0 1 0
1536 0 1 0
1537 0 1 0
1538 0 1 0
1539 0 1 0
1540 0 1 0
1541 0 1 0
1542 0 1 0
1543 0 1 0
1544 0 1 0
1545 0 1 0
1546 0 1 0
1547 0 1 0
1548 0 1 0
1549 0 1 0
1550 0 1 0
1551 0 1 0
1552 0 1 0
1553 0 1 0
1554 0 1 0
1555 0 1 0
1556 0 1 0
1557 0 1 0
1558 0 1 0
1559 0 1 0
1560 0 1 0
1561 0 1 0
1562 0 1 0
1563 0 1 0
1564 0 1 0
1565 0 1 0
1566 0 1 0
1567 0 1 0
1568 0 1 0
1569 0 1 0
1570 0 1 0
1571 0 1 0
1572 0 1 0
1573 0 1 0
1574 0 1 0
1575 0 1 0
1576 0 1 0
1577 0 1 0
1578 0 1 0
1579 1 1 1
1580 0 1 0
1581 0 1 0
1582 0 1 0
1583 0 1 0
1584 0 1 0
1585 0 1 0
1586 0 1 0
1587 0 1 0
1588 0 1 0
1589 0 1 0
1590 0 1 0
1591 0 1 0
1592 0 1 0
1593 0 1 0
1594 0 1 0
1595 0 1 0
1596 0 1 0
1597 0 1 0
1598 0 1 0
1599 0 1 0
1600 0 1 0
1601 0 1 0
1602 0 1 0
1603 0 1 0
1604 0 1 0
1605 0 1 0
1606 0 1 0
1607 0 1 0
1608 0 1 0
1609 0 1 0
1610 0 1 0
1611 0 1 0
1612 0 1 0
1613 0 1 0
1614 0 1 0
1615 0 1 0
1616 0 1 0
1617 0 1 0
1618 0 1 0
1619 0 1 0
1620 0 1 0
1621 0 1 0
1622 0 1 0
1623 0 1 0
1624 0 1 0
1625 0 1 0
1626 0 1 0
1627 0 1 0
1628 0 1 0
1629 0 1 0
1630 0 1 0
1631 0 1 0
1632 0 1 0
1633 0 1 0
1634 0 1 0
1635 0 1 0
1636 0 1 0
1637 0 1 0
1638 0 1 0
1639 0 1 0
1640 0 1 0
1641 0 1 0
1642 0 1 0
1643 0 1 0
1644 0 1 0
1645 0 1 0
1646 0 1 0
1647 0 1 0
1648 0 1 0
1649 0 1 0
1650 0 1 0
1651 0 1 0
1652 0 1 0
1653 0 1 0
1654 0 1 0
1655 0 1 0
1656 0 1 0
1657 0 1 0
1658 0 1 0
1659 0 1 0
1660 0 1 0
1661 0 1 0
1662 0 1 0
1663 0 1 0
1664 0 1 0
1665 0 1 0
1666 0 1 0
1667 0 1 0
1668 0 1 0
1669 0 1 0
1670 0 1 0
1671 0 1 0
1672 0 1 0
1673 0 1 0
1674 0 1 0
1675 0 1 0
1676 0 1 0
1677 0 1 0
1678 0 1 0
1679 0 1 0
1680 0 1 0
1681 0 1 0
1682 0 1 0
1683 0 1 0
1684 0 1 0
1685 0 1 0
1686 0 1 0
1687 0 1 0
1688 0 1 0
1689 0 1 0
1690 0 1 0
1691 0 1 0
1692 0 1 0
1693 0 1 0
1694 0 1 0
1695 0 1 0
1696 0 1 0
1697 0 1 0
1698 0 1 0
1699 0 1 0
1700 0 1 0
1701 0 1 0
1702 0 1 0
1703 0 1 0
1704 0 1 0
1705 0 1 0
1706 0 1 0
1707 0 1 0
1708 0 1 0
1709 0 1 0
1710 0 1 0
1711 0 1 0
1712 0 1 0
1713 0 1 0
1714 0 1 0
1715 0 1 0
1716 0 1 0
1717 0 1 0
1718 0 1 0
1719 0 1 0
1720 0 1 0
1721 0 1 0
1722 0 1 0
1723 0 1 0
1724 0 1 0
1725 0 1 0
1726 0 1 0
1727 0 1 0
1728 0 1 0
1729 0 1 0
1730 0 1 0
1731 0 1 0
1732 0 1 0
1733 0 1 0
1734 0 1 0
1735 0 1 0
1736 0 1 0
1737 0 1 0
1738 0 1 0
1739 0 1 0
1740 0 1 0
1741 0 1 0
1742 0 1 0
1743 0 1 0
1744 0 1 0
1745 0 1 0
1746 0 1 0
1747 0 1 0
1748 0 1 0
1749 0 1 0
1750 0 1 0
1751 0 1 0
1752 0 1 0
1753 0 1 0
1754 0 1 0
1755 0 1 0
1756 0 1 0
1757 0 1 0
1758 0 1 0
1759 0 1 0
1760 0 1 0
1761 0 1 0
1762 0 1 0
1763 0 1 0
1764 0 1 0
1765 0 1 0
1766 0 1 0
1767 0 1 0
1768 0 1 0
1769 0 1 0
1770 0 1 0
1771 0 1 0
1772 0 1 0
1773 0 1 0
1774 0 1 0
1775 0 1 0
1776 0 1 0
1777 0 1 0
1778 0 1 0
1779 0 1 0
1780 0 1 0
1781 0 1 0
1782 0 1 0
1783 0 1 0
1784 0 1 0
1785 0 1 0
1786 0 1 0
1787 0 1 0
1788 0 1 0
1789 0 1 0
1790 0 1 0
1791 0 1 0
1792 0 1 0
1793 0 1 0
1794 0 1 0
1795 0 1 0
1796 0 1 0
1797 0 1 0
1798 0 1 0
1799 0 1 0
