0 1.67772e+07 1 4885.07
1 0 1 0
2 13 1 3.60555
3 158 1 12.5698
4 2270 1 47.6445
5 5756 1 75.8683
6 9988 1 99.94
7 13076 1 114.35
8 15043 1 122.65
9 15755 1 125.519
10 15579 1 124.816
11 14739 1 121.404
12 13482 1 116.112
13 12435 1 111.512
14 11205 1 105.854
15 10213 1 101.059
16 9085 1 95.3153
17 8538 1 92.4013
18 7737 1 87.9602
19 6872 1 82.8975
20 6339 1 79.6178
21 5697 1 75.4785
22 5299 1 72.7942
23 4774 1 69.0941
24 4470 1 66.8581
25 4089 1 63.9453
26 3861 1 62.1369
27 3556 1 59.6322
28 3252 1 57.0263
29 3084 1 55.5338
30 2856 1 53.4416
31 2599 1 50.9804
32 2489 1 49.8899
33 2324 1 48.2079
34 2197 1 46.8722
35 2061 1 45.3982
36 1913 1 43.7379
37 1697 1 41.1947
38 1732 1 41.6173
39 1623 1 40.2865
40 1497 1 38.6911
41 1415 1 37.6165
42 1274 1 35.6931
43 1282 1 35.805
44 1112 1 33.3467
45 1143 1 33.8083
46 1070 1 32.7109
47 1038 1 32.218
48 941 1 30.6757
49 935 1 30.5778
50 894 1 29.8998
51 844 1 29.0517
52 815 1 28.5482
53 769 1 27.7308
54 725 1 26.9258
55 715 1 26.7395
56 680 1 26.0768
57 593 1 24.3516
58 650 1 25.4951
59 548 1 23.4094
60 556 1 23.5797
61 542 1 23.2809
62 497 1 22.2935
63 468 1 21.6333
64 457 1 21.3776
65 483 1 21.9773
66 431 1 20.7605
67 396 1 19.8997
68 400 1 20
69 357 1 18.8944
70 367 1 19.1572
71 404 1 20.0998
72 333 1 18.2483
73 328 1 18.1108
74 339 1 18.412
75 308 1 17.5499
76 310 1 17.6068
77 293 1 17.1172
78 276 1 16.6132
79 243 1 15.5885
80 260 1 16.1245
81 245 1 15.6525
82 238 1 15.4272
83 220 1 14.8324
84 238 1 15.4272
85 215 1 14.6629
86 208 1 14.4222
87 207 1 14.3875
88 180 1 13.4164
89 215 1 14.6629
90 167 1 12.9228
91 185 1 13.6015
92 173 1 13.1529
93 175 1 13.2288
94 179 1 13.3791
95 165 1 12.8452
96 163 1 12.7671
97 154 1 12.4097
98 153 1 12.3693
99 119 1 10.9087
100 139 1 11.7898
101 133 1 11.5326
102 130 1 11.4018
103 115 1 10.7238
104 133 1 11.5326
105 147 1 12.1244
106 134 1 11.5758
107 124 1 11.1355
108 108 1 10.3923
109 114 1 10.6771
110 98 1 9.89949
111 105 1 10.247
112 118 1 10.8628
113 105 1 10.247
114 89 1 9.43398
115 92 1 9.59166
116 87 1 9.32738
117 89 1 9.43398
118 86 1 9.27362
119 113 1 10.6301
120 81 1 9
121 82 1 9.05539
122 82 1 9.05539
123 97 1 9.84886
124 75 1 8.66025
125 81 1 9
126 76 1 8.7178
127 75 1 8.66025
128 59 1 7.68115
129 55 1 7.4162
130 73 1 8.544
131 61 1 7.81025
132 79 1 8.88819
133 61 1 7.81025
134 68 1 8.24621
135 48 1 6.9282
136 51 1 7.14143
137 51 1 7.14143
138 60 1 7.74597
139 52 1 7.2111
140 47 1 6.85565
141 56 1 7.48331
142 59 1 7.68115
143 51 1 7.14143
144 54 1 7.34847
145 41 1 6.40312
146 46 1 6.78233
147 51 1 7.14143
148 41 1 6.40312
149 45 1 6.7082
150 42 1 6.48074
151 31 1 5.56776
152 31 1 5.56776
153 38 1 6.16441
154 29 1 5.38516
155 42 1 6.48074
156 44 1 6.63325
157 32 1 5.65685
158 38 1 6.16441
159 32 1 5.65685
160 31 1 5.56776
161 27 1 5.19615
162 28 1 5.2915
163 34 1 5.83095
164 35 1 5.91608
165 39 1 6.245
166 29 1 5.38516
167 29 1 5.38516
168 36 1 6
169 36 1 6
170 27 1 5.19615
171 28 1 5.2915
172 36 1 6
173 29 1 5.38516
174 24 1 4.89898
175 38 1 6.16441
176 31 1 5.56776
177 31 1 5.56776
178 22 1 4.69042
179 24 1 4.89898
180 20 1 4.47214
181 24 1 4.89898
182 25 1 5
183 27 1 5.19615
184 20 1 4.47214
185 17 1 4.12311
186 19 1 4.3589
187 27 1 5.19615
188 19 1 4.3589
189 19 1 4.3589
190 15 1 3.87298
191 17 1 4.12311
192 15 1 3.87298
193 17 1 4.12311
194 21 1 4.58258
195 28 1 5.2915
196 20 1 4.47214
197 24 1 4.89898
198 22 1 4.69042
199 16 1 4
200 20 1 4.47214
201 20 1 4.47214
202 13 1 3.60555
203 25 1 5
204 14 1 3.74166
205 15 1 3.87298
206 16 1 4
207 14 1 3.74166
208 20 1 4.47214
209 7 1 2.64575
210 9 1 3
211 11 1 3.31662
212 15 1 3.87298
213 15 1 3.87298
214 13 1 3.60555
215 12 1 3.4641
216 10 1 3.16228
217 17 1 4.12311
218 8 1 2.82843
219 10 1 3.16228
220 10 1 3.16228
221 11 1 3.31662
222 13 1 3.60555
223 17 1 4.12311
224 10 1 3.16228
225 22 1 4.69042
226 17 1 4.12311
227 14 1 3.74166
228 10 1 3.16228
229 10 1 3.16228
230 14 1 3.74166
231 15 1 3.87298
232 9 1 3
233 9 1 3
234 10 1 3.16228
235 10 1 3.16228
236 8 1 2.82843
237 10 1 3.16228
238 5 1 2.23607
239 9 1 3
240 11 1 3.31662
241 7 1 2.64575
242 9 1 3
243 10 1 3.16228
244 14 1 3.74166
245 10 1 3.16228
246 8 1 2.82843
247 11 1 3.31662
248 13 1 3.60555
249 7 1 2.64575
250 7 1 2.64575
251 7 1 2.64575
252 9 1 3
253 9 1 3
254 2 1 1.41421
255 6 1 2.44949
256 13 1 3.60555
257 9 1 3
258 11 1 3.31662
259 4 1 2
260 7 1 2.64575
261 13 1 3.60555
262 14 1 3.74166
263 10 1 3.16228
264 6 1 2.44949
265 9 1 3
266 5 1 2.23607
267 5 1 2.23607
268 7 1 2.64575
269 2 1 1.41421
270 6 1 2.44949
271 5 1 2.23607
272 9 1 3
273 10 1 3.16228
274 6 1 2.44949
275 8 1 2.82843
276 10 1 3.16228
277 5 1 2.23607
278 12 1 3.4641
279 8 1 2.82843
280 4 1 2
281 5 1 2.23607
282 5 1 2.23607
283 7 1 2.64575
284 6 1 2.44949
285 5 1 2.23607
286 5 1 2.23607
287 6 1 2.44949
288 6 1 2.44949
289 7 1 2.64575
290 7 1 2.64575
291 3 1 1.73205
292 2 1 1.41421
293 5 1 2.23607
294 5 1 2.23607
295 2 1 1.41421
296 3 1 1.73205
297 7 1 2.64575
298 2 1 1.41421
299 4 1 2
300 1 1 1
301 5 1 2.23607
302 6 1 2.44949
303 8 1 2.82843
304 2 1 1.41421
305 3 1 1.73205
306 2 1 1.41421
307 3 1 1.73205
308 3 1 1.73205
309 3 1 1.73205
310 7 1 2.64575
311 3 1 1.73205
312 5 1 2.23607
313 5 1 2.23607
314 7 1 2.64575
315 7 1 2.64575
316 5 1 2.23607
317 0 1 0
318 3 1 1.73205
319 3 1 1.73205
320 3 1 1.73205
321 4 1 2
322 2 1 1.41421
323 3 1 1.73205
324 4 1 2
325 2 1 1.41421
326 4 1 2
327 4 1 2
328 2 1 1.41421
329 3 1 1.73205
330 0 1 0
331 2 1 1.41421
332 5 1 2.23607
333 4 1 2
334 1 1 1
335 4 1 2
336 5 1 2.23607
337 5 1 2.23607
338 7 1 2.64575
339 4 1 2
340 1 1 1
341 2 1 1.41421
342 3 1 1.73205
343 1 1 1
344 2 1 1.41421
345 2 1 1.41421
346 3 1 1.73205
347 1 1 1
348 5 1 2.23607
349 5 1 2.23607
350 5 1 2.23607
351 0 1 0
352 2 1 1.41421
353 1 1 1
354 3 1 1.73205
355 6 1 2.44949
356 4 1 2
357 1 1 1
358 2 1 1.41421
359 2 1 1.41421
360 0 1 0
361 1 1 1
362 1 1 1
363 3 1 1.73205
364 1 1 1
365 2 1 1.41421
366 2 1 1.41421
367 1 1 1
368 4 1 2
369 0 1 0
370 1 1 1
371 5 1 2.23607
372 2 1 1.41421
373 1 1 1
374 1 1 1
375 1 1 1
376 0 1 0
377 1 1 1
378 4 1 2
379 2 1 1.41421
380 5 1 2.23607
381 2 1 1.41421
382 2 1 1.41421
383 4 1 2
384 1 1 1
385 3 1 1.73205
386 2 1 1.41421
387 2 1 1.41421
388 4 1 2
389 1 1 1
390 3 1 1.73205
391 2 1 1.41421
392 1 1 1
393 4 1 2
394 3 1 1.73205
395 1 1 1
396 2 1 1.41421
397 2 1 1.41421
398 2 1 1.41421
399 2 1 1.41421
400 2 1 1.41421
401 2 1 1.41421
402 0 1 0
403 0 1 0
404 2 1 1.41421
405 2 1 1.41421
406 2 1 1.41421
407 3 1 1.73205
408 0 1 0
409 2 1 1.41421
410 1 1 1
411 4 1 2
412 4 1 2
413 2 1 1.41421
414 3 1 1.73205
415 2 1 1.41421
416 3 1 1.73205
417 1 1 1
418 1 1 1
419 0 1 0
420 1 1 1
421 1 1 1
422 1 1 1
423 2 1 1.41421
424 1 1 1
425 5 1 2.23607
426 0 1 0
427 2 1 1.41421
428 1 1 1
429 0 1 0
430 3 1 1.73205
431 1 1 1
432 2 1 1.41421
433 0 1 0
434 1 1 1
435 4 1 2
436 2 1 1.41421
437 2 1 1.41421
438 2 1 1.41421
439 0 1 0
440 1 1 1
441 3 1 1.73205
442 1 1 1
443 2 1 1.41421
444 0 1 0
445 1 1 1
446 0 1 0
447 0 1 0
448 2 1 1.41421
449 1 1 1
450 1 1 1
451 3 1 1.73205
452 1 1 1
453 5 1 2.23607
454 1 1 1
455 1 1 1
456 2 1 1.41421
457 0 1 0
458 1 1 1
459 2 1 1.41421
460 0 1 0
461 0 1 0
462 1 1 1
463 2 1 1.41421
464 5 1 2.23607
465 3 1 1.73205
466 2 1 1.41421
467 1 1 1
468 0 1 0
469 0 1 0
470 0 1 0
471 1 1 1
472 4 1 2
473 1 1 1
474 1 1 1
475 2 1 1.41421
476 2 1 1.41421
477 0 1 0
478 1 1 1
479 1 1 1
480 0 1 0
481 0 1 0
482 2 1 1.41421
483 0 1 0
484 0 1 0
485 0 1 0
486 2 1 1.41421
487 1 1 1
488 1 1 1
489 1 1 1
490 0 1 0
491 0 1 0
492 0 1 0
493 1 1 1
494 0 1 0
495 0 1 0
496 1 1 1
497 1 1 1
498 0 1 0
499 1 1 1
500 1 1 1
501 0 1 0
502 1 1 1
503 2 1 1.41421
504 1 1 1
505 0 1 0
506 0 1 0
507 1 1 1
508 2 1 1.41421
509 0 1 0
510 2 1 1.41421
511 0 1 0
512 0 1 0
513 1 1 1
514 1 1 1
515 2 1 1.41421
516 1 1 1
517 0 1 0
518 0 1 0
519 2 1 1.41421
520 2 1 1.41421
521 0 1 0
522 2 1 1.41421
523 0 1 0
524 1 1 1
525 1 1 1
526 1 1 1
527 0 1 0
528 0 1 0
529 1 1 1
530 0 1 0
531 1 1 1
532 0 1 0
533 2 1 1.41421
534 0 1 0
535 0 1 0
536 0 1 0
537 1 1 1
538 0 1 0
539 0 1 0
540 2 1 1.41421
541 3 1 1.73205
542 0 1 0
543 1 1 1
544 0 1 0
545 0 1 0
546 3 1 1.73205
547 0 1 0
548 0 1 0
549 2 1 1.41421
550 3 1 1.73205
551 0 1 0
552 0 1 0
553 1 1 1
554 0 1 0
555 0 1 0
556 1 1 1
557 1 1 1
558 0 1 0
559 1 1 1
560 0 1 0
561 2 1 1.41421
562 0 1 0
563 0 1 0
564 0 1 0
565 1 1 1
566 1 1 1
567 0 1 0
568 0 1 0
569 2 1 1.41421
570 2 1 1.41421
571 0 1 0
572 0 1 0
573 0 1 0
574 1 1 1
575 0 1 0
576 2 1 1.41421
577 0 1 0
578 2 1 1.41421
579 0 1 0
580 1 1 1
581 0 1 0
582 1 1 1
583 0 1 0
584 0 1 0
585 0 1 0
586 1 1 1
587 0 1 0
588 0 1 0
589 0 1 0
590 0 1 0
591 0 1 0
592 1 1 1
593 1 1 1
594 1 1 1
595 0 1 0
596 0 1 0
597 0 1 0
598 0 1 0
599 1 1 1
600 0 1 0
601 1 1 1
602 0 1 0
603 1 1 1
604 0 1 0
605 0 1 0
606 0 1 0
607 0 1 0
608 0 1 0
609 1 1 1
610 1 1 1
611 0 1 0
612 0 1 0
613 0 1 0
614 1 1 1
615 1 1 1
616 0 1 0
617 1 1 1
618 0 1 0
619 0 1 0
620 1 1 1
621 2 1 1.41421
622 1 1 1
623 1 1 1
624 0 1 0
625 0 1 0
626 0 1 0
627 0 1 0
628 1 1 1
629 2 1 1.41421
630 0 1 0
631 1 1 1
632 0 1 0
633 0 1 0
634 1 1 1
635 0 1 0
636 0 1 0
637 1 1 1
638 0 1 0
639 0 1 0
640 0 1 0
641 0 1 0
642 1 1 1
643 0 1 0
644 1 1 1
645 1 1 1
646 1 1 1
647 1 1 1
648 2 1 1.41421
649 0 1 0
650 0 1 0
651 0 1 0
652 1 1 1
653 1 1 1
654 1 1 1
655 0 1 0
656 2 1 1.41421
657 0 1 0
658 0 1 0
659 1 1 1
660 0 1 0
661 0 1 0
662 1 1 1
663 1 1 1
664 1 1 1
665 1 1 1
666 0 1 0
667 1 1 1
668 1 1 1
669 0 1 0
670 0 1 0
671 0 1 0
672 2 1 1.41421
673 0 1 0
674 0 1 0
675 1 1 1
676 1 1 1
677 0 1 0
678 0 1 0
679 1 1 1
680 0 1 0
681 0 1 0
682 0 1 0
683 1 1 1
684 0 1 0
685 1 1 1
686 0 1 0
687 1 1 1
688 1 1 1
689 0 1 0
690 0 1 0
691 0 1 0
692 1 1 1
693 0 1 0
694 1 1 1
695 0 1 0
696 2 1 1.41421
697 0 1 0
698 1 1 1
699 1 1 1
700 0 1 0
701 0 1 0
702 0 1 0
703 0 1 0
704 0 1 0
705 1 1 1
706 0 1 0
707 1 1 1
708 0 1 0
709 0 1 0
710 2 1 1.41421
711 1 1 1
712 0 1 0
713 0 1 0
714 0 1 0
715 0 1 0
716 0 1 0
717 1 1 1
718 1 1 1
719 1 1 1
720 0 1 0
721 0 1 0
722 0 1 0
723 0 1 0
724 0 1 0
725 0 1 0
726 1 1 1
727 0 1 0
728 2 1 1.41421
729 0 1 0
730 0 1 0
731 0 1 0
732 0 1 0
733 1 1 1
734 0 1 0
735 0 1 0
736 1 1 1
737 0 1 0
738 1 1 1
739 0 1 0
740 0 1 0
741 0 1 0
742 1 1 1
743 0 1 0
744 0 1 0
745 1 1 1
746 0 1 0
747 0 1 0
748 0 1 0
749 0 1 0
750 0 1 0
751 1 1 1
752 0 1 0
753 1 1 1
754 0 1 0
755 0 1 0
756 0 1 0
757 0 1 0
758 0 1 0
759 1 1 1
760 1 1 1
761 0 1 0
762 1 1 1
763 0 1 0
764 0 1 0
765 0 1 0
766 1 1 1
767 0 1 0
768 0 1 0
769 0 1 0
770 1 1 1
771 0 1 0
772 0 1 0
773 0 1 0
774 0 1 0
775 0 1 0
776 0 1 0
777 3 1 1.73205
778 0 1 0
779 1 1 1
780 0 1 0
781 1 1 1
782 1 1 1
783 0 1 0
784 0 1 0
785 1 1 1
786 1 1 1
787 1 1 1
788 0 1 0
789 0 1 0
790 0 1 0
791 0 1 0
792 0 1 0
793 1 1 1
794 0 1 0
795 1 1 1
796 0 1 0
797 0 1 0
798 0 1 0
799 0 1 0
800 0 1 0
801 0 1 0
802 0 1 0
803 0 1 0
804 0 1 0
805 0 1 0
806 0 1 0
807 0 1 0
808 0 1 0
809 0 1 0
810 0 1 0
811 1 1 1
812 0 1 0
813 1 1 1
814 0 1 0
815 0 1 0
816 0 1 0
817 0 1 0
818 0 1 0
819 0 1 0
820 0 1 0
821 0 1 0
822 0 1 0
823 0 1 0
824 0 1 0
825 0 1 0
826 2 1 1.41421
827 0 1 0
828 0 1 0
829 0 1 0
830 2 1 1.41421
831 0 1 0
832 0 1 0
833 0 1 0
834 0 1 0
835 0 1 0
836 0 1 0
837 0 1 0
838 0 1 0
839 0 1 0
840 0 1 0
841 0 1 0
842 0 1 0
843 0 1 0
844 0 1 0
845 1 1 1
846 0 1 0
847 1 1 1
848 0 1 0
849 0 1 0
850 0 1 0
851 0 1 0
852 0 1 0
853 0 1 0
854 0 1 0
855 0 1 0
856 1 1 1
857 0 1 0
858 0 1 0
859 0 1 0
860 0 1 0
861 0 1 0
862 0 1 0
863 0 1 0
864 0 1 0
865 0 1 0
866 0 1 0
867 0 1 0
868 0 1 0
869 1 1 1
870 0 1 0
871 0 1 0
872 0 1 0
873 0 1 0
874 0 1 0
875 0 1 0
876 0 1 0
877 0 1 0
878 0 1 0
879 0 1 0
880 0 1 0
881 0 1 0
882 0 1 0
883 0 1 0
884 0 1 0
885 0 1 0
886 0 1 0
887 0 1 0
888 0 1 0
889 0 1 0
890 0 1 0
891 0 1 0
892 0 1 0
893 0 1 0
894 0 1 0
895 0 1 0
896 0 1 0
897 0 1 0
898 0 1 0
899 0 1 0
900 0 1 0
901 0 1 0
902 0 1 0
903 0 1 0
904 0 1 0
905 0 1 0
906 0 1 0
907 0 1 0
908 0 1 0
909 0 1 0
910 1 1 1
911 0 1 0
912 0 1 0
913 0 1 0
914 0 1 0
915 0 1 0
916 0 1 0
917 0 1 0
918 0 1 0
919 0 1 0
920 0 1 0
921 0 1 0
922 0 1 0
923 0 1 0
924 1 1 1
925 0 1 0
926 0 1 0
927 0 1 0
928 0 1 0
929 0 1 0
930 0 1 0
931 0 1 0
932 1 1 1
933 0 1 0
934 0 1 0
935 0 1 0
936 0 1 0
937 0 1 0
938 0 1 0
939 0 1 0
940 1 1 1
941 0 1 0
942 0 1 0
943 0 1 0
944 0 1 0
945 0 1 0
946 0 1 0
947 0 1 0
948 0 1 0
949 1 1 1
950 1 1 1
951 0 1 0
952 0 1 0
953 0 1 0
954 0 1 0
955 0 1 0
956 0 1 0
957 0 1 0
958 1 1 1
959 0 1 0
960 1 1 1
961 1 1 1
962 0 1 0
963 0 1 0
964 0 1 0
965 0 1 0
966 0 1 0
967 1 1 1
968 0 1 0
969 0 1 0
970 0 1 0
971 1 1 1
972 1 1 1
973 0 1 0
974 0 1 0
975 0 1 0
976 0 1 0
977 0 1 0
978 0 1 0
979 0 1 0
980 0 1 0
981 1 1 1
982 0 1 0
983 1 1 1
984 0 1 0
985 0 1 0
986 1 1 1
987 0 1 0
988 0 1 0
989 0 1 0
990 0 1 0
991 0 1 0
992 0 1 0
993 0 1 0
994 0 1 0
995 0 1 0
996 0 1 0
997 0 1 0
998 0 1 0
999 0 1 0
1000 0 1 0
1001 0 1 0
1002 0 1 0
1003 0 1 0
1004 0 1 0
1005 0 1 0
1006 0 1 0
1007 0 1 0
1008 0 1 0
1009 0 1 0
1010 0 1 0
1011 0 1 0
1012 0 1 0
1013 0 1 0
1014 0 1 0
1015 0 1 0
1016 0 1 0
1017 0 1 0
1018 1 1 1
1019 0 1 0
1020 0 1 0
1021 0 1 0
1022 0 1 0
1023 0 1 0
1024 0 1 0
1025 0 1 0
1026 0 1 0
1027 0 1 0
1028 0 1 0
1029 0 1 0
1030 0 1 0
1031 0 1 0
1032 0 1 0
1033 0 1 0
1034 0 1 0
1035 0 1 0
1036 0 1 0
1037 0 1 0
1038 0 1 0
1039 0 1 0
1040 1 1 1
1041 0 1 0
1042 0 1 0
1043 1 1 1
1044 0 1 0
1045 0 1 0
1046 0 1 0
1047 0 1 0
1048 0 1 0
1049 0 1 0
1050 0 1 0
1051 0 1 0
1052 0 1 0
1053 0 1 0
1054 0 1 0
1055 0 1 0
1056 0 1 0
1057 1 1 1
1058 0 1 0
1059 0 1 0
1060 0 1 0
1061 0 1 0
1062 0 1 0
1063 0 1 0
1064 0 1 0
1065 0 1 0
1066 0 1 0
1067 0 1 0
1068 0 1 0
1069 0 1 0
1070 0 1 0
1071 0 1 0
1072 0 1 0
1073 0 1 0
1074 0 1 0
1075 0 1 0
1076 0 1 0
1077 0 1 0
1078 0 1 0
1079 0 1 0
1080 0 1 0
1081 0 1 0
1082 0 1 0
1083 0 1 0
1084 0 1 0
1085 0 1 0
1086 0 1 0
1087 0 1 0
1088 0 1 0
1089 0 1 0
1090 0 1 0
1091 0 1 0
1092 0 1 0
1093 1 1 1
1094 0 1 0
1095 0 1 0
1096 0 1 0
1097 0 1 0
1098 0 1 0
1099 0 1 0
1100 0 1 0
1101 0 1 0
1102 0 1 0
1103 0 1 0
1104 0 1 0
1105 0 1 0
1106 0 1 0
1107 0 1 0
1108 0 1 0
1109 0 1 0
1110 0 1 0
1111 0 1 0
1112 0 1 0
1113 0 1 0
1114 0 1 0
1115 1 1 1
1116 0 1 0
1117 0 1 0
1118 0 1 0
1119 0 1 0
1120 0 1 0
1121 0 1 0
1122 0 1 0
1123 0 1 0
1124 1 1 1
1125 0 1 0
1126 0 1 0
1127 0 1 0
1128 0 1 0
1129 0 1 0
1130 1 1 1
1131 0 1 0
1132 0 1 0
1133 0 1 0
1134 0 1 0
1135 0 1 0
1136 0 1 0
1137 0 1 0
1138 0 1 0
1139 0 1 0
1140 0 1 0
1141 0 1 0
1142 0 1 0
1143 0 1 0
1144 0 1 0
1145 0 1 0
1146 0 1 0
1147 0 1 0
1148 0 1 0
1149 0 1 0
1150 0 1 0
1151 0 1 0
1152 0 1 0
1153 0 1 0
1154 0 1 0
1155 0 1 0
1156 0 1 0
1157 0 1 0
1158 0 1 0
1159 0 1 0
1160 0 1 0
1161 0 1 0
1162 0 1 0
1163 0 1 0
1164 0 1 0
1165 0 1 0
1166 0 1 0
1167 0 1 0
1168 0 1 0
1169 0 1 0
1170 0 1 0
1171 0 1 0
1172 0 1 0
1173 1 1 1
1174 0 1 0
1175 0 1 0
1176 0 1 0
1177 0 1 0
1178 0 1 0
1179 0 1 0
1180 0 1 0
1181 0 1 0
1182 0 1 0
1183 0 1 0
1184 0 1 0
1185 0 1 0
1186 0 1 0
1187 0 1 0
1188 1 1 1
1189 0 1 0
1190 0 1 0
1191 0 1 0
1192 0 1 0
1193 0 1 0
1194 0 1 0
1195 0 1 0
1196 0 1 0
1197 0 1 0
1198 0 1 0
1199 0 1 0
1200 0 1 0
1201 0 1 0
1202 0 1 0
1203 0 1 0
1204 0 1 0
1205 0 1 0
1206 0 1 0
1207 0 1 0
1208 0 1 0
1209 0 1 0
1210 0 1 0
1211 0 1 0
1212 0 1 0
1213 0 1 0
1214 0 1 0
1215 0 1 0
1216 0 1 0
1217 0 1 0
1218 0 1 0
1219 0 1 0
1220 0 1 0
1221 0 1 0
1222 0 1 0
1223 0 1 0
1224 0 1 0
1225 0 1 0
1226 0 1 0
1227 0 1 0
1228 0 1 0
1229 0 1 0
1230 0 1 0
1231 0 1 0
1232 0 1 0
1233 0 1 0
1234 0 1 0
1235 0 1 0
1236 0 1 0
1237 0 1 0
1238 0 1 0
1239 0 1 0
1240 0 1 0
1241 0 1 0
1242 0 1 0
1243 0 1 0
1244 0 1 0
1245 0 1 0
1246 0 1 0
1247 0 1 0
1248 0 1 0
1249 0 1 0
1250 0 1 0
1251 0 1 0
1252 0 1 0
1253 0 1 0
1254 0 1 0
1255 0 1 0
1256 0 1 0
1257 0 1 0
1258 0 1 0
1259 0 1 0
1260 0 1 0
1261 0 1 0
1262 0 1 0
1263 0 1 0
1264 0 1 0
1265 0 1 0
1266 0 1 0
1267 0 1 0
1268 0 1 0
1269 0 1 0
1270 0 1 0
1271 0 1 0
1272 0 1 0
1273 0 1 0
1274 0 1 0
1275 0 1 0
1276 0 1 0
1277 0 1 0
1278 0 1 0
1279 0 1 0
1280 0 1 0
1281 0 1 0
1282 0 1 0
1283 0 1 0
1284 0 1 0
1285 0 1 0
1286 0 1 0
1287 0 1 0
1288 0 1 0
1289 0 1 0
1290 0 1 0
1291 0 1 0
1292 0 1 0
1293 0 1 0
1294 0 1 0
1295 0 1 0
1296 0 1 0
1297 0 1 0
1298 0 1 0
1299 0 1 0
1300 0 1 0
1301 0 1 0
1302 0 1 0
1303 0 1 0
1304 0 1 0
1305 0 1 0
1306 0 1 0
1307 0 1 0
1308 0 1 0
1309 0 1 0
1310 0 1 0
1311 0 1 0
1312 1 1 1
1313 0 1 0
1314 0 1 0
1315 0 1 0
1316 0 1 0
1317 0 1 0
1318 0 1 0
1319 0 1 0
1320 0 1 0
1321 0 1 0
1322 0 1 0
1323 1 1 1
1324 0 1 0
1325 0 1 0
1326 0 1 0
1327 0 1 0
1328 0 1 0
1329 0 1 0
1330 0 1 0
1331 0 1 0
1332 0 1 0
1333 0 1 0
1334 0 1 0
1335 0 1 0
1336 0 1 0
1337 0 1 0
1338 0 1 0
1339 0 1 0
1340 0 1 0
1341 0 1 0
1342 0 1 0
1343 0 1 0
1344 0 1 0
1345 0 1 0
1346 0 1 0
1347 0 1 0
1348 0 1 0
1349 0 1 0
1350 0 1 0
1351 0 1 0
1352 0 1 0
1353 0 1 0
1354 0 1 0
1355 0 1 0
1356 0 1 0
1357 0 1 0
1358 0 1 0
1359 0 1 0
1360 0 1 0
1361 0 1 0
1362 0 1 0
1363 0 1 0
1364 0 1 0
1365 0 1 0
1366 0 1 0
1367 0 1 0
1368 0 1 0
1369 0 1 0
1370 0 1 0
1371 0 1 0
1372 0 1 0
1373 0 1 0
1374 0 1 0
1375 0 1 0
1376 0 1 0
1377 0 1 0
1378 0 1 0
1379 0 1 0
1380 0 1 0
1381 0 1 0
1382 0 1 0
1383 0 1 0
1384 0 1 0
1385 0 1 0
1386 0 1 0
1387 0 1 0
1388 0 1 0
1389 0 1 0
1390 0 1 0
1391 0 1 0
1392 0 1 0
1393 0 1 0
1394 0 1 0
1395 0 1 0
1396 0 1 0
1397 0 1 0
1398 0 1 0
1399 0 1 0
1400 0 1 0
1401 0 1 0
1402 0 1 0
1403 0 1 0
1404 0 1 0
1405 0 1 0
1406 0 1 0
1407 0 1 0
1408 0 1 0
1409 0 1 0
1410 0 1 0
1411 0 1 0
1412 0 1 0
1413 0 1 0
1414 0 1 0
1415 0 1 0
1416 0 1 0
1417 0 1 0
1418 0 1 0
1419 0 1 0
1420 0 1 0
1421 0 1 0
1422 0 1 0
1423 0 1 0
1424 0 1 0
1425 0 1 0
1426 0 1 0
1427 0 1 0
1428 0 1 0
1429 0 1 0
1430 0 1 0
1431 0 1 0
1432 0 1 0
1433 0 1 0
1434 0 1 0
1435 0 1 0
1436 0 1 0
1437 0 1 0
1438 0 1 0
1439 0 1 0
1440 0 1 0
1441 0 1 0
1442 0 1 0
1443 0 1 0
1444 0 1 0
1445 0 1 0
1446 0 1 0
1447 0 1 0
1448 0 1 0
1449 0 1 0
1450 0 1 0
1451 0 1 0
1452 0 1 0
1453 0 1 0
1454 0 1 0
1455 0 1 0
1456 0 1 0
1457 0 1 0
1458 0 1 0
1459 0 1 0
1460 0 1 0
1461 0 1 0
1462 0 1 0
1463 0 1 0
1464 0 1 0
1465 0 1 0
1466 0 1 0
1467 0 1 0
1468 0 1 0
1469 0 1 0
1470 0 1 0
1471 0 1 0
1472 0 1 0
1473 0 1 0
1474 0 1 0
1475 0 1 0
1476 0 1 0
1477 0 1 0
1478 0 1 0
1479 0 1 0
1480 0 1 0
1481 0 1 0
1482 0 1 0
1483 0 1 0
1484 0 1 0
1485 0 1 0
1486 0 1 0
1487 0 1 0
1488 0 1 0
1489 0 1 0
1490 0 1 0
1491 0 1 0
1492 0 1 0
1493 0 1 0
1494 0 1 0
1495 0 1 0
1496 0 1 0
1497 0 1 0
1498 0 1 0
1499 0 1 0
1500 0 1 0
1501 0 1 0
1502 0 1 0
1503 0 1 0
1504 0 1 0
1505 0 1 0
1506 0 1 0
1507 0 1 0
1508 0 1 0
1509 0 1 0
1510 0 1 0
1511 0 1 0
1512 0 1 0
1513 0 1 0
1514 0 1 0
1515 0 1 0
1516 0 1 0
1517 0 1 0
1518 0 1 0
1519 0 1 0
1520 0 1 0
1521 0 1 0
1522 0 1 0
1523 0 1 0
1524 0 1 0
1525 0 1 0
1526 0 1 0
1527 0 1 0
1528 0 1 0
1529 0 1 0
1530 0 1 0
1531 0 1 0
1532 0 1 0
1533 0 1 0
1534 0 1 0
1535 0 1 0
1536 0 1 0
1537 0 1 0
1538 0 1 0
1539 0 1 0
1540 0 1 0
1541 0 1 0
1542 0 1 0
1543 0 1 0
1544 0 1 0
1545 0 1 0
1546 0 1 0
1547 0 1 0
1548 0 1 0
1549 0 1 0
1550 0 1 0
1551 0 1 0
1552 0 1 0
1553 0 1 0
1554 0 1 0
1555 0 1 0
1556 0 1 0
1557 0 1 0
1558 0 1 0
1559 0 1 0
1560 0 1 0
1561 0 1 0
1562 0 1 0
1563 0 1 0
1564 0 1 0
1565 0 1 0
1566 0 1 0
1567 0 1 0
1568 0 1 0
1569 0 1 0
1570 0 1 0
1571 0 1 0
1572 0 1 0
1573 0 1 0
1574 0 1 0
1575 0 1 0
1576 0 1 0
1577 0 1 0
1578 0 1 0
1579 0 1 0
1580 0 1 0
1581 0 1 0
1582 0 1 0
1583 0 1 0
1584 0 1 0
1585 0 1 0
1586 0 1 0
1587 0 1 0
1588 0 1 0
1589 0 1 0
1590 0 1 0
1591 0 1 0
1592 0 1 0
1593 0 1 0
1594 0 1 0
1595 0 1 0
1596 0 1 0
1597 0 1 0
1598 0 1 0
1599 0 1 0
1600 0 1 0
1601 0 1 0
1602 0 1 0
1603 0 1 0
1604 0 1 0
1605 0 1 0
1606 0 1 0
1607 0 1 0
1608 0 1 0
1609 0 1 0
1610 0 1 0
1611 0 1 0
1612 0 1 0
1613 0 1 0
1614 0 1 0
1615 0 1 0
1616 0 1 0
1617 0 1 0
1618 0 1 0
1619 0 1 0
1620 0 1 0
1621 0 1 0
1622 0 1 0
1623 0 1 0
1624 0 1 0
1625 0 1 0
1626 0 1 0
1627 0 1 0
1628 0 1 0
1629 0 1 0
1630 0 1 0
1631 0 1 0
1632 0 1 0
1633 0 1 0
1634 0 1 0
1635 0 1 0
1636 0 1 0
1637 0 1 0
1638 0 1 0
1639 0 1 0
1640 0 1 0
1641 0 1 0
1642 0 1 0
1643 0 1 0
1644 0 1 0
1645 0 1 0
1646 0 1 0
1647 0 1 0
1648 0 1 0
1649 0 1 0
1650 0 1 0
1651 0 1 0
1652 0 1 0
1653 0 1 0
1654 0 1 0
1655 0 1 0
1656 0 1 0
1657 0 1 0
1658 0 1 0
1659 0 1 0
1660 0 1 0
1661 0 1 0
1662 0 1 0
1663 0 1 0
1664 0 1 0
1665 0 1 0
1666 0 1 0
1667 0 1 0
1668 0 1 0
1669 0 1 0
1670 0 1 0
1671 0 1 0
1672 0 1 0
1673 0 1 0
1674 0 1 0
1675 0 1 0
1676 0 1 0
1677 0 1 0
1678 0 1 0
1679 0 1 0
1680 0 1 0
1681 0 1 0
1682 0 1 0
1683 0 1 0
1684 0 1 0
1685 0 1 0
1686 0 1 0
1687 0 1 0
1688 0 1 0
1689 0 1 0
1690 0 1 0
1691 0 1 0
1692 0 1 0
1693 0 1 0
1694 0 1 0
1695 0 1 0
1696 0 1 0
1697 0 1 0
1698 0 1 0
1699 0 1 0
1700 0 1 0
1701 0 1 0
1702 0 1 0
1703 0 1 0
1704 0 1 0
1705 0 1 0
1706 0 1 0
1707 0 1 0
1708 0 1 0
1709 0 1 0
1710 0 1 0
1711 0 1 0
1712 0 1 0
1713 0 1 0
1714 0 1 0
1715 0 1 0
1716 0 1 0
1717 0 1 0
1718 0 1 0
1719 0 1 0
1720 0 1 0
1721 0 1 0
1722 0 1 0
1723 0 1 0
1724 0 1 0
1725 0 1 0
1726 0 1 0
1727 0 1 0
1728 0 1 0
1729 0 1 0
1730 0 1 0
1731 0 1 0
1732 0 1 0
1733 0 1 0
1734 0 1 0
1735 0 1 0
1736 0 1 0
1737 0 1 0
1738 0 1 0
1739 0 1 0
1740 0 1 0
1741 0 1 0
1742 0 1 0
1743 0 1 0
1744 0 1 0
1745 0 1 0
1746 0 1 0
1747 0 1 0
1748 0 1 0
1749 0 1 0
1750 0 1 0
1751 0 1 0
1752 0 1 0
1753 0 1 0
1754 0 1 0
1755 0 1 0
1756 1 1 1
1757 0 1 0
1758 0 1 0
1759 0 1 0
1760 0 1 0
1761 0 1 0
1762 0 1 0
1763 0 1 0
1764 0 1 0
1765 0 1 0
1766 0 1 0
1767 1 1 1
1768 0 1 0
1769 0 1 0
1770 0 1 0
1771 0 1 0
1772 0 1 0
1773 0 1 0
1774 0 1 0
1775 0 1 0
1776 0 1 0
1777 0 1 0
1778 0 1 0
1779 0 1 0
1780 0 1 0
1781 0 1 0
1782 0 1 0
1783 0 1 0
1784 0 1 0
1785 0 1 0
1786 0 1 0
1787 0 1 0
1788 0 1 0
1789 0 1 0
1790 0 1 0
1791 0 1 0
1792 0 1 0
1793 0 1 0
1794 0 1 0
1795 0 1 0
1796 0 1 0
1797 0 1 0
1798 0 1 0
1799 0 1 0
