0 1.67772e+07 1 4887.72
1 0 1 0
2 194 1 13.9284
3 579 1 24.0624
4 9105 1 95.4201
5 16273 1 127.566
6 19832 1 140.826
7 19543 1 139.796
8 17227 1 131.252
9 15224 1 123.386
10 13339 1 115.495
11 11702 1 108.176
12 10365 1 101.809
13 9176 1 95.7914
14 8651 1 93.0108
15 7490 1 86.5448
16 6757 1 82.201
17 6128 1 78.2815
18 5674 1 75.326
19 5126 1 71.5961
20 4804 1 69.3109
21 4264 1 65.2993
22 3813 1 61.7495
23 3556 1 59.6322
24 3240 1 56.921
25 2913 1 53.9722
26 2711 1 52.0673
27 2497 1 49.97
28 2304 1 48
29 2121 1 46.0543
30 1916 1 43.7721
31 1770 1 42.0714
32 1629 1 40.3609
33 1606 1 40.0749
34 1426 1 37.7624
35 1277 1 35.7351
36 1253 1 35.3977
37 1192 1 34.5254
38 1068 1 32.6803
39 994 1 31.5278
40 985 1 31.3847
41 911 1 30.1828
42 834 1 28.8791
43 789 1 28.0891
44 722 1 26.8701
45 671 1 25.9037
46 632 1 25.1396
47 657 1 25.632
48 612 1 24.7386
49 556 1 23.5797
50 517 1 22.7376
51 512 1 22.6274
52 451 1 21.2368
53 446 1 21.1187
54 397 1 19.9249
55 408 1 20.199
56 384 1 19.5959
57 368 1 19.1833
58 339 1 18.412
59 344 1 18.5472
60 316 1 17.7764
61 285 1 16.8819
62 296 1 17.2047
63 268 1 16.3707
64 254 1 15.9374
65 258 1 16.0624
66 240 1 15.4919
67 240 1 15.4919
68 231 1 15.1987
69 222 1 14.8997
70 197 1 14.0357
71 198 1 14.0712
72 217 1 14.7309
73 173 1 13.1529
74 153 1 12.3693
75 187 1 13.6748
76 160 1 12.6491
77 144 1 12
78 138 1 11.7473
79 140 1 11.8322
80 132 1 11.4891
81 143 1 11.9583
82 126 1 11.225
83 106 1 10.2956
84 135 1 11.619
85 110 1 10.4881
86 102 1 10.0995
87 122 1 11.0454
88 100 1 10
89 117 1 10.8167
90 94 1 9.69536
91 84 1 9.16515
92 94 1 9.69536
93 79 1 8.88819
94 80 1 8.94427
95 76 1 8.7178
96 64 1 8
97 66 1 8.12404
98 56 1 7.48331
99 82 1 9.05539
100 73 1 8.544
101 74 1 8.60233
102 66 1 8.12404
103 54 1 7.34847
104 57 1 7.54983
105 51 1 7.14143
106 62 1 7.87401
107 59 1 7.68115
108 56 1 7.48331
109 53 1 7.28011
110 48 1 6.9282
111 52 1 7.2111
112 45 1 6.7082
113 40 1 6.32456
114 45 1 6.7082
115 46 1 6.78233
116 46 1 6.78233
117 43 1 6.55744
118 37 1 6.08276
119 41 1 6.40312
120 45 1 6.7082
121 37 1 6.08276
122 35 1 5.91608
123 39 1 6.245
124 25 1 5
125 31 1 5.56776
126 23 1 4.79583
127 41 1 6.40312
128 27 1 5.19615
129 31 1 5.56776
130 37 1 6.08276
131 25 1 5
132 27 1 5.19615
133 25 1 5
134 32 1 5.65685
135 21 1 4.58258
136 23 1 4.79583
137 23 1 4.79583
138 23 1 4.79583
139 32 1 5.65685
140 18 1 4.24264
141 29 1 5.38516
142 19 1 4.3589
143 20 1 4.47214
144 19 1 4.3589
145 22 1 4.69042
146 21 1 4.58258
147 18 1 4.24264
148 23 1 4.79583
149 14 1 3.74166
150 15 1 3.87298
151 15 1 3.87298
152 19 1 4.3589
153 14 1 3.74166
154 22 1 4.69042
155 15 1 3.87298
156 10 1 3.16228
157 15 1 3.87298
158 17 1 4.12311
159 11 1 3.31662
160 15 1 3.87298
161 20 1 4.47214
162 7 1 2.64575
163 16 1 4
164 20 1 4.47214
165 25 1 5
166 15 1 3.87298
167 13 1 3.60555
168 17 1 4.12311
169 14 1 3.74166
170 10 1 3.16228
171 13 1 3.60555
172 19 1 4.3589
173 12 1 3.4641
174 11 1 3.31662
175 12 1 3.4641
176 6 1 2.44949
177 5 1 2.23607
178 13 1 3.60555
179 10 1 3.16228
180 10 1 3.16228
181 5 1 2.23607
182 5 1 2.23607
183 10 1 3.16228
184 15 1 3.87298
185 5 1 2.23607
186 11 1 3.31662
187 8 1 2.82843
188 8 1 2.82843
189 12 1 3.4641
190 15 1 3.87298
191 5 1 2.23607
192 10 1 3.16228
193 9 1 3
194 7 1 2.64575
195 8 1 2.82843
196 12 1 3.4641
197 14 1 3.74166
198 6 1 2.44949
199 6 1 2.44949
200 10 1 3.16228
201 7 1 2.64575
202 7 1 2.64575
203 4 1 2
204 6 1 2.44949
205 5 1 2.23607
206 4 1 2
207 7 1 2.64575
208 7 1 2.64575
209 8 1 2.82843
210 10 1 3.16228
211 4 1 2
212 9 1 3
213 4 1 2
214 5 1 2.23607
215 5 1 2.23607
216 5 1 2.23607
217 8 1 2.82843
218 4 1 2
219 5 1 2.23607
220 3 1 1.73205
221 4 1 2
222 4 1 2
223 2 1 1.41421
224 2 1 1.41421
225 5 1 2.23607
226 5 1 2.23607
227 1 1 1
228 6 1 2.44949
229 1 1 1
230 2 1 1.41421
231 4 1 2
232 3 1 1.73205
233 7 1 2.64575
234 4 1 2
235 4 1 2
236 2 1 1.41421
237 3 1 1.73205
238 3 1 1.73205
239 4 1 2
240 2 1 1.41421
241 4 1 2
242 1 1 1
243 2 1 1.41421
244 3 1 1.73205
245 1 1 1
246 5 1 2.23607
247 2 1 1.41421
248 3 1 1.73205
249 6 1 2.44949
250 4 1 2
251 5 1 2.23607
252 3 1 1.73205
253 4 1 2
254 1 1 1
255 6 1 2.44949
256 0 1 0
257 2 1 1.41421
258 1 1 1
259 5 1 2.23607
260 4 1 2
261 1 1 1
262 3 1 1.73205
263 2 1 1.41421
264 4 1 2
265 6 1 2.44949
266 2 1 1.41421
267 2 1 1.41421
268 2 1 1.41421
269 2 1 1.41421
270 1 1 1
271 1 1 1
272 5 1 2.23607
273 1 1 1
274 3 1 1.73205
275 7 1 2.64575
276 4 1 2
277 2 1 1.41421
278 4 1 2
279 3 1 1.73205
280 3 1 1.73205
281 3 1 1.73205
282 3 1 1.73205
283 3 1 1.73205
284 0 1 0
285 1 1 1
286 4 1 2
287 3 1 1.73205
288 3 1 1.73205
289 4 1 2
290 1 1 1
291 2 1 1.41421
292 1 1 1
293 2 1 1.41421
294 0 1 0
295 2 1 1.41421
296 1 1 1
297 3 1 1.73205
298 3 1 1.73205
299 4 1 2
300 3 1 1.73205
301 0 1 0
302 2 1 1.41421
303 2 1 1.41421
304 1 1 1
305 2 1 1.41421
306 2 1 1.41421
307 3 1 1.73205
308 0 1 0
309 0 1 0
310 0 1 0
311 3 1 1.73205
312 1 1 1
313 4 1 2
314 2 1 1.41421
315 2 1 1.41421
316 3 1 1.73205
317 3 1 1.73205
318 2 1 1.41421
319 1 1 1
320 1 1 1
321 0 1 0
322 1 1 1
323 0 1 0
324 2 1 1.41421
325 1 1 1
326 1 1 1
327 1 1 1
328 2 1 1.41421
329 0 1 0
330 2 1 1.41421
331 3 1 1.73205
332 2 1 1.41421
333 2 1 1.41421
334 1 1 1
335 1 1 1
336 0 1 0
337 3 1 1.73205
338 1 1 1
339 2 1 1.41421
340 1 1 1
341 1 1 1
342 2 1 1.41421
343 0 1 0
344 3 1 1.73205
345 0 1 0
346 0 1 0
347 1 1 1
348 0 1 0
349 2 1 1.41421
350 0 1 0
351 1 1 1
352 2 1 1.41421
353 0 1 0
354 3 1 1.73205
355 0 1 0
356 4 1 2
357 2 1 1.41421
358 0 1 0
359 3 1 1.73205
360 0 1 0
361 1 1 1
362 1 1 1
363 2 1 1.41421
364 0 1 0
365 2 1 1.41421
366 2 1 1.41421
367 1 1 1
368 2 1 1.41421
369 0 1 0
370 3 1 1.73205
371 0 1 0
372 0 1 0
373 0 1 0
374 2 1 1.41421
375 0 1 0
376 2 1 1.41421
377 1 1 1
378 2 1 1.41421
379 0 1 0
380 0 1 0
381 0 1 0
382 0 1 0
383 0 1 0
384 0 1 0
385 1 1 1
386 1 1 1
387 1 1 1
388 0 1 0
389 2 1 1.41421
390 0 1 0
391 1 1 1
392 0 1 0
393 2 1 1.41421
394 1 1 1
395 0 1 0
396 1 1 1
397 0 1 0
398 0 1 0
399 0 1 0
400 0 1 0
401 1 1 1
402 2 1 1.41421
403 0 1 0
404 0 1 0
405 1 1 1
406 0 1 0
407 0 1 0
408 1 1 1
409 1 1 1
410 2 1 1.41421
411 1 1 1
412 1 1 1
413 0 1 0
414 2 1 1.41421
415 2 1 1.41421
416 1 1 1
417 0 1 0
418 3 1 1.73205
419 0 1 0
420 2 1 1.41421
421 0 1 0
422 2 1 1.41421
423 0 1 0
424 1 1 1
425 0 1 0
426 1 1 1
427 0 1 0
428 2 1 1.41421
429 1 1 1
430 1 1 1
431 2 1 1.41421
432 1 1 1
433 1 1 1
434 0 1 0
435 0 1 0
436 2 1 1.41421
437 0 1 0
438 0 1 0
439 1 1 1
440 0 1 0
441 0 1 0
442 0 1 0
443 1 1 1
444 1 1 1
445 3 1 1.73205
446 2 1 1.41421
447 0 1 0
448 0 1 0
449 0 1 0
450 0 1 0
451 1 1 1
452 0 1 0
453 0 1 0
454 2 1 1.41421
455 0 1 0
456 0 1 0
457 1 1 1
458 0 1 0
459 1 1 1
460 1 1 1
461 0 1 0
462 0 1 0
463 1 1 1
464 1 1 1
465 0 1 0
466 1 1 1
467 0 1 0
468 2 1 1.41421
469 1 1 1
470 0 1 0
471 2 1 1.41421
472 2 1 1.41421
473 0 1 0
474 0 1 0
475 0 1 0
476 0 1 0
477 0 1 0
478 1 1 1
479 0 1 0
480 0 1 0
481 2 1 1.41421
482 0 1 0
483 1 1 1
484 0 1 0
485 0 1 0
486 1 1 1
487 0 1 0
488 2 1 1.41421
489 0 1 0
490 1 1 1
491 1 1 1
492 1 1 1
493 0 1 0
494 1 1 1
495 0 1 0
496 1 1 1
497 0 1 0
498 1 1 1
499 0 1 0
500 0 1 0
501 1 1 1
502 2 1 1.41421
503 0 1 0
504 0 1 0
505 0 1 0
506 0 1 0
507 0 1 0
508 1 1 1
509 0 1 0
510 0 1 0
511 0 1 0
512 1 1 1
513 0 1 0
514 0 1 0
515 1 1 1
516 2 1 1.41421
517 1 1 1
518 0 1 0
519 0 1 0
520 0 1 0
521 0 1 0
522 0 1 0
523 1 1 1
524 1 1 1
525 0 1 0
526 0 1 0
527 0 1 0
528 1 1 1
529 1 1 1
530 1 1 1
531 0 1 0
532 0 1 0
533 0 1 0
534 0 1 0
535 1 1 1
536 0 1 0
537 1 1 1
538 0 1 0
539 0 1 0
540 0 1 0
541 0 1 0
542 3 1 1.73205
543 1 1 1
544 0 1 0
545 0 1 0
546 0 1 0
547 0 1 0
548 0 1 0
549 0 1 0
550 0 1 0
551 0 1 0
552 0 1 0
553 0 1 0
554 0 1 0
555 0 1 0
556 0 1 0
557 0 1 0
558 0 1 0
559 0 1 0
560 1 1 1
561 0 1 0
562 0 1 0
563 1 1 1
564 0 1 0
565 0 1 0
566 0 1 0
567 1 1 1
568 0 1 0
569 0 1 0
570 0 1 0
571 0 1 0
572 0 1 0
573 0 1 0
574 0 1 0
575 0 1 0
576 0 1 0
577 0 1 0
578 0 1 0
579 0 1 0
580 0 1 0
581 0 1 0
582 0 1 0
583 0 1 0
584 0 1 0
585 0 1 0
586 0 1 0
587 0 1 0
588 0 1 0
589 0 1 0
590 0 1 0
591 0 1 0
592 0 1 0
593 0 1 0
594 0 1 0
595 0 1 0
596 1 1 1
597 0 1 0
598 0 1 0
599 0 1 0
600 0 1 0
601 0 1 0
602 0 1 0
603 0 1 0
604 0 1 0
605 0 1 0
606 1 1 1
607 0 1 0
608 0 1 0
609 0 1 0
610 0 1 0
611 0 1 0
612 0 1 0
613 0 1 0
614 2 1 1.41421
615 0 1 0
616 0 1 0
617 0 1 0
618 0 1 0
619 0 1 0
620 0 1 0
621 0 1 0
622 0 1 0
623 1 1 1
624 0 1 0
625 0 1 0
626 1 1 1
627 0 1 0
628 0 1 0
629 1 1 1
630 0 1 0
631 0 1 0
632 0 1 0
633 1 1 1
634 0 1 0
635 0 1 0
636 0 1 0
637 0 1 0
638 0 1 0
639 0 1 0
640 0 1 0
641 1 1 1
642 2 1 1.41421
643 1 1 1
644 1 1 1
645 0 1 0
646 0 1 0
647 0 1 0
648 0 1 0
649 0 1 0
650 0 1 0
651 0 1 0
652 1 1 1
653 0 1 0
654 0 1 0
655 0 1 0
656 0 1 0
657 0 1 0
658 0 1 0
659 0 1 0
660 1 1 1
661 0 1 0
662 0 1 0
663 1 1 1
664 0 1 0
665 1 1 1
666 0 1 0
667 0 1 0
668 0 1 0
669 0 1 0
670 0 1 0
671 0 1 0
672 0 1 0
673 0 1 0
674 0 1 0
675 1 1 1
676 0 1 0
677 0 1 0
678 0 1 0
679 0 1 0
680 0 1 0
681 0 1 0
682 0 1 0
683 0 1 0
684 0 1 0
685 0 1 0
686 0 1 0
687 0 1 0
688 0 1 0
689 0 1 0
690 0 1 0
691 0 1 0
692 0 1 0
693 0 1 0
694 0 1 0
695 0 1 0
696 0 1 0
697 1 1 1
698 0 1 0
699 0 1 0
700 0 1 0
701 1 1 1
702 0 1 0
703 0 1 0
704 0 1 0
705 0 1 0
706 0 1 0
707 0 1 0
708 0 1 0
709 0 1 0
710 0 1 0
711 0 1 0
712 0 1 0
713 0 1 0
714 0 1 0
715 0 1 0
716 0 1 0
717 0 1 0
718 0 1 0
719 0 1 0
720 0 1 0
721 0 1 0
722 0 1 0
723 0 1 0
724 0 1 0
725 0 1 0
726 1 1 1
727 0 1 0
728 0 1 0
729 1 1 1
730 0 1 0
731 0 1 0
732 0 1 0
733 0 1 0
734 0 1 0
735 0 1 0
736 0 1 0
737 0 1 0
738 0 1 0
739 0 1 0
740 0 1 0
741 0 1 0
742 0 1 0
743 0 1 0
744 0 1 0
745 0 1 0
746 0 1 0
747 0 1 0
748 0 1 0
749 0 1 0
750 0 1 0
751 0 1 0
752 0 1 0
753 0 1 0
754 0 1 0
755 0 1 0
756 0 1 0
757 0 1 0
758 0 1 0
759 0 1 0
760 1 1 1
761 0 1 0
762 0 1 0
763 0 1 0
764 0 1 0
765 0 1 0
766 0 1 0
767 0 1 0
768 0 1 0
769 0 1 0
770 0 1 0
771 0 1 0
772 0 1 0
773 0 1 0
774 0 1 0
775 0 1 0
776 0 1 0
777 0 1 0
778 0 1 0
779 0 1 0
780 0 1 0
781 0 1 0
782 0 1 0
783 0 1 0
784 0 1 0
785 0 1 0
786 0 1 0
787 0 1 0
788 0 1 0
789 0 1 0
790 0 1 0
791 0 1 0
792 1 1 1
793 0 1 0
794 0 1 0
795 0 1 0
796 0 1 0
797 0 1 0
798 0 1 0
799 0 1 0
800 0 1 0
801 0 1 0
802 0 1 0
803 0 1 0
804 0 1 0
805 0 1 0
806 0 1 0
807 0 1 0
808 1 1 1
809 0 1 0
810 0 1 0
811 0 1 0
812 0 1 0
813 0 1 0
814 0 1 0
815 0 1 0
816 0 1 0
817 0 1 0
818 0 1 0
819 0 1 0
820 0 1 0
821 0 1 0
822 0 1 0
823 0 1 0
824 0 1 0
825 0 1 0
826 0 1 0
827 0 1 0
828 0 1 0
829 0 1 0
830 0 1 0
831 0 1 0
832 0 1 0
833 0 1 0
834 0 1 0
835 0 1 0
836 0 1 0
837 0 1 0
838 0 1 0
839 0 1 0
840 0 1 0
841 0 1 0
842 0 1 0
843 0 1 0
844 0 1 0
845 0 1 0
846 0 1 0
847 0 1 0
848 0 1 0
849 0 1 0
850 1 1 1
851 0 1 0
852 0 1 0
853 0 1 0
854 0 1 0
855 0 1 0
856 0 1 0
857 0 1 0
858 0 1 0
859 0 1 0
860 0 1 0
861 0 1 0
862 0 1 0
863 0 1 0
864 0 1 0
865 0 1 0
866 0 1 0
867 0 1 0
868 0 1 0
869 0 1 0
870 0 1 0
871 0 1 0
872 0 1 0
873 0 1 0
874 0 1 0
875 0 1 0
876 0 1 0
877 0 1 0
878 0 1 0
879 0 1 0
880 0 1 0
881 0 1 0
882 1 1 1
883 0 1 0
884 0 1 0
885 0 1 0
886 0 1 0
887 0 1 0
888 0 1 0
889 0 1 0
890 0 1 0
891 0 1 0
892 0 1 0
893 0 1 0
894 0 1 0
895 0 1 0
896 0 1 0
897 0 1 0
898 0 1 0
899 0 1 0
900 0 1 0
901 0 1 0
902 0 1 0
903 0 1 0
904 0 1 0
905 0 1 0
906 0 1 0
907 0 1 0
908 0 1 0
909 0 1 0
910 0 1 0
911 0 1 0
912 0 1 0
913 0 1 0
914 0 1 0
915 0 1 0
916 0 1 0
917 0 1 0
918 0 1 0
919 0 1 0
920 0 1 0
921 0 1 0
922 0 1 0
923 0 1 0
924 0 1 0
925 0 1 0
926 0 1 0
927 0 1 0
928 0 1 0
929 0 1 0
930 0 1 0
931 0 1 0
932 0 1 0
933 0 1 0
934 0 1 0
935 0 1 0
936 0 1 0
937 0 1 0
938 0 1 0
939 0 1 0
940 0 1 0
941 0 1 0
942 0 1 0
943 0 1 0
944 0 1 0
945 0 1 0
946 0 1 0
947 0 1 0
948 0 1 0
949 0 1 0
950 0 1 0
951 0 1 0
952 0 1 0
953 0 1 0
954 0 1 0
955 0 1 0
956 0 1 0
957 0 1 0
958 0 1 0
959 0 1 0
960 0 1 0
961 0 1 0
962 0 1 0
963 0 1 0
964 0 1 0
965 0 1 0
966 0 1 0
967 0 1 0
968 0 1 0
969 0 1 0
970 0 1 0
971 0 1 0
972 0 1 0
973 0 1 0
974 0 1 0
975 0 1 0
976 0 1 0
977 0 1 0
978 0 1 0
979 0 1 0
980 0 1 0
981 0 1 0
982 0 1 0
983 0 1 0
984 0 1 0
985 0 1 0
986 0 1 0
987 0 1 0
988 0 1 0
989 0 1 0
990 0 1 0
991 0 1 0
992 0 1 0
993 0 1 0
994 0 1 0
995 0 1 0
996 0 1 0
997 0 1 0
998 0 1 0
999 0 1 0
1000 0 1 0
1001 0 1 0
1002 0 1 0
1003 0 1 0
1004 0 1 0
1005 0 1 0
1006 0 1 0
1007 0 1 0
1008 0 1 0
1009 0 1 0
1010 0 1 0
1011 0 1 0
1012 0 1 0
1013 0 1 0
1014 0 1 0
1015 0 1 0
1016 0 1 0
1017 0 1 0
1018 0 1 0
1019 0 1 0
1020 0 1 0
1021 0 1 0
1022 0 1 0
1023 0 1 0
1024 0 1 0
1025 0 1 0
1026 0 1 0
1027 0 1 0
1028 0 1 0
1029 0 1 0
1030 0 1 0
1031 0 1 0
1032 0 1 0
1033 0 1 0
1034 0 1 0
1035 0 1 0
1036 0 1 0
1037 0 1 0
1038 0 1 0
1039 0 1 0
1040 0 1 0
1041 0 1 0
1042 0 1 0
1043 0 1 0
1044 0 1 0
1045 0 1 0
1046 0 1 0
1047 0 1 0
1048 0 1 0
1049 0 1 0
1050 0 1 0
1051 0 1 0
1052 0 1 0
1053 0 1 0
1054 0 1 0
1055 0 1 0
1056 0 1 0
1057 0 1 0
1058 0 1 0
1059 0 1 0
1060 0 1 0
1061 0 1 0
1062 0 1 0
1063 0 1 0
1064 0 1 0
1065 0 1 0
1066 0 1 0
1067 0 1 0
1068 0 1 0
1069 0 1 0
1070 0 1 0
1071 0 1 0
1072 0 1 0
1073 0 1 0
1074 0 1 0
1075 0 1 0
1076 0 1 0
1077 0 1 0
1078 0 1 0
1079 0 1 0
1080 0 1 0
1081 0 1 0
1082 0 1 0
1083 0 1 0
1084 0 1 0
1085 0 1 0
1086 0 1 0
1087 0 1 0
1088 0 1 0
1089 0 1 0
1090 0 1 0
1091 0 1 0
1092 0 1 0
1093 0 1 0
1094 0 1 0
1095 0 1 0
1096 0 1 0
1097 0 1 0
1098 0 1 0
1099 0 1 0
1100 0 1 0
1101 0 1 0
1102 0 1 0
1103 0 1 0
1104 0 1 0
1105 0 1 0
1106 1 1 1
1107 0 1 0
1108 0 1 0
1109 0 1 0
1110 0 1 0
1111 0 1 0
1112 0 1 0
1113 0 1 0
1114 0 1 0
1115 0 1 0
1116 0 1 0
1117 0 1 0
1118 0 1 0
1119 0 1 0
1120 0 1 0
1121 0 1 0
1122 0 1 0
1123 0 1 0
1124 0 1 0
1125 0 1 0
1126 0 1 0
1127 0 1 0
1128 0 1 0
1129 0 1 0
1130 0 1 0
1131 0 1 0
1132 0 1 0
1133 0 1 0
1134 0 1 0
1135 0 1 0
1136 0 1 0
1137 0 1 0
1138 0 1 0
1139 0 1 0
1140 0 1 0
1141 0 1 0
1142 0 1 0
1143 0 1 0
1144 0 1 0
1145 0 1 0
1146 0 1 0
1147 0 1 0
1148 0 1 0
1149 0 1 0
1150 0 1 0
1151 0 1 0
1152 0 1 0
1153 0 1 0
1154 0 1 0
1155 0 1 0
1156 0 1 0
1157 0 1 0
1158 1 1 1
1159 0 1 0
1160 0 1 0
1161 0 1 0
1162 1 1 1
1163 0 1 0
1164 0 1 0
1165 0 1 0
1166 0 1 0
1167 0 1 0
1168 0 1 0
1169 0 1 0
1170 0 1 0
1171 0 1 0
1172 0 1 0
1173 0 1 0
1174 0 1 0
1175 0 1 0
1176 0 1 0
1177 0 1 0
1178 0 1 0
1179 0 1 0
1180 0 1 0
1181 0 1 0
1182 0 1 0
1183 0 1 0
1184 0 1 0
1185 0 1 0
1186 0 1 0
1187 0 1 0
1188 0 1 0
1189 0 1 0
1190 0 1 0
1191 0 1 0
1192 0 1 0
1193 0 1 0
1194 0 1 0
1195 0 1 0
1196 0 1 0
1197 0 1 0
1198 0 1 0
1199 0 1 0
1200 0 1 0
1201 0 1 0
1202 0 1 0
1203 0 1 0
1204 0 1 0
1205 0 1 0
1206 0 1 0
1207 0 1 0
1208 0 1 0
1209 0 1 0
1210 0 1 0
1211 0 1 0
1212 0 1 0
1213 0 1 0
1214 0 1 0
1215 0 1 0
1216 0 1 0
1217 0 1 0
1218 0 1 0
1219 0 1 0
1220 0 1 0
1221 0 1 0
1222 0 1 0
1223 0 1 0
1224 0 1 0
1225 0 1 0
1226 0 1 0
1227 0 1 0
1228 0 1 0
1229 0 1 0
1230 0 1 0
1231 0 1 0
1232 0 1 0
1233 0 1 0
1234 0 1 0
1235 0 1 0
1236 0 1 0
1237 0 1 0
1238 0 1 0
1239 0 1 0
1240 0 1 0
1241 0 1 0
1242 0 1 0
1243 0 1 0
1244 0 1 0
1245 0 1 0
1246 0 1 0
1247 0 1 0
1248 0 1 0
1249 0 1 0
1250 0 1 0
1251 0 1 0
1252 0 1 0
1253 0 1 0
1254 0 1 0
1255 0 1 0
1256 0 1 0
1257 0 1 0
1258 0 1 0
1259 0 1 0
1260 0 1 0
1261 0 1 0
1262 0 1 0
1263 0 1 0
1264 0 1 0
1265 0 1 0
1266 0 1 0
1267 0 1 0
1268 0 1 0
1269 0 1 0
1270 0 1 0
1271 0 1 0
1272 0 1 0
1273 0 1 0
1274 0 1 0
1275 0 1 0
1276 0 1 0
1277 0 1 0
1278 0 1 0
1279 0 1 0
1280 0 1 0
1281 0 1 0
1282 0 1 0
1283 0 1 0
1284 0 1 0
1285 0 1 0
1286 0 1 0
1287 0 1 0
1288 0 1 0
1289 0 1 0
1290 0 1 0
1291 0 1 0
1292 0 1 0
1293 0 1 0
1294 0 1 0
1295 0 1 0
1296 0 1 0
1297 0 1 0
1298 0 1 0
1299 0 1 0
1300 0 1 0
1301 0 1 0
1302 0 1 0
1303 0 1 0
1304 0 1 0
1305 0 1 0
1306 0 1 0
1307 0 1 0
1308 0 1 0
1309 0 1 0
1310 0 1 0
1311 0 1 0
1312 0 1 0
1313 0 1 0
1314 0 1 0
1315 0 1 0
1316 0 1 0
1317 0 1 0
1318 0 1 0
1319 0 1 0
1320 0 1 0
1321 0 1 0
1322 0 1 0
1323 0 1 0
1324 0 1 0
1325 0 1 0
1326 0 1 0
1327 0 1 0
1328 0 1 0
1329 0 1 0
1330 0 1 0
1331 0 1 0
1332 0 1 0
1333 0 1 0
1334 0 1 0
1335 0 1 0
1336 0 1 0
1337 0 1 0
1338 0 1 0
1339 0 1 0
1340 0 1 0
1341 0 1 0
1342 0 1 0
1343 0 1 0
1344 0 1 0
1345 0 1 0
1346 0 1 0
1347 0 1 0
1348 0 1 0
1349 0 1 0
1350 0 1 0
1351 0 1 0
1352 0 1 0
1353 0 1 0
1354 0 1 0
1355 0 1 0
1356 0 1 0
1357 0 1 0
1358 0 1 0
1359 0 1 0
1360 0 1 0
1361 0 1 0
1362 0 1 0
1363 0 1 0
1364 0 1 0
1365 0 1 0
1366 0 1 0
1367 0 1 0
1368 0 1 0
1369 0 1 0
1370 0 1 0
1371 0 1 0
1372 0 1 0
1373 0 1 0
1374 0 1 0
1375 0 1 0
1376 0 1 0
1377 0 1 0
1378 0 1 0
1379 0 1 0
1380 0 1 0
1381 0 1 0
1382 0 1 0
1383 0 1 0
1384 0 1 0
1385 0 1 0
1386 0 1 0
1387 0 1 0
1388 0 1 0
1389 0 1 0
1390 0 1 0
1391 0 1 0
1392 0 1 0
1393 0 1 0
1394 0 1 0
1395 0 1 0
1396 0 1 0
1397 0 1 0
1398 0 1 0
1399 0 1 0
1400 0 1 0
1401 0 1 0
1402 0 1 0
1403 0 1 0
1404 0 1 0
1405 0 1 0
1406 0 1 0
1407 0 1 0
1408 0 1 0
1409 0 1 0
1410 0 1 0
1411 0 1 0
1412 0 1 0
1413 0 1 0
1414 0 1 0
1415 0 1 0
1416 0 1 0
1417 0 1 0
1418 0 1 0
1419 0 1 0
1420 0 1 0
1421 0 1 0
1422 0 1 0
1423 0 1 0
1424 0 1 0
1425 0 1 0
1426 0 1 0
1427 0 1 0
1428 0 1 0
1429 0 1 0
1430 0 1 0
1431 0 1 0
1432 0 1 0
1433 0 1 0
1434 0 1 0
1435 0 1 0
1436 0 1 0
1437 0 1 0
1438 0 1 0
1439 0 1 0
1440 0 1 0
1441 0 1 0
1442 0 1 0
1443 0 1 0
1444 0 1 0
1445 0 1 0
1446 0 1 0
1447 0 1 0
1448 0 1 0
1449 0 1 0
1450 0 1 0
1451 0 1 0
1452 0 1 0
1453 0 1 0
1454 0 1 0
1455 0 1 0
1456 0 1 0
1457 0 1 0
1458 0 1 0
1459 0 1 0
1460 0 1 0
1461 0 1 0
1462 0 1 0
1463 0 1 0
1464 0 1 0
1465 0 1 0
1466 0 1 0
1467 0 1 0
1468 0 1 0
1469 0 1 0
1470 0 1 0
1471 0 1 0
1472 0 1 0
1473 0 1 0
1474 0 1 0
1475 0 1 0
1476 0 1 0
1477 0 1 0
1478 0 1 0
1479 0 1 0
1480 0 1 0
1481 0 1 0
1482 0 1 0
1483 0 1 0
1484 0 1 0
1485 0 1 0
1486 0 1 0
1487 0 1 0
1488 0 1 0
1489 0 1 0
1490 0 1 0
1491 0 1 0
1492 0 1 0
1493 0 1 0
1494 0 1 0
1495 0 1 0
1496 0 1 0
1497 0 1 0
1498 0 1 0
1499 0 1 0
1500 0 1 0
1501 0 1 0
1502 0 1 0
1503 0 1 0
1504 0 1 0
1505 0 1 0
1506 0 1 0
1507 0 1 0
1508 0 1 0
1509 0 1 0
1510 0 1 0
1511 0 1 0
1512 0 1 0
1513 0 1 0
1514 0 1 0
1515 0 1 0
1516 0 1 0
1517 0 1 0
1518 0 1 0
1519 0 1 0
1520 0 1 0
1521 0 1 0
1522 0 1 0
1523 0 1 0
1524 0 1 0
1525 0 1 0
1526 0 1 0
1527 0 1 0
1528 0 1 0
1529 0 1 0
1530 0 1 0
1531 0 1 0
1532 0 1 0
1533 0 1 0
1534 0 1 0
1535 0 1 0
1536 0 1 0
1537 0 1 0
1538 0 1 0
1539 0 1 0
1540 0 1 0
1541 0 1 0
1542 0 1 0
1543 0 1 0
1544 0 1 0
1545 0 1 0
1546 0 1 0
1547 0 1 0
1548 0 1 0
1549 0 1 0
1550 0 1 0
1551 0 1 0
1552 0 1 0
1553 0 1 0
1554 0 1 0
1555 0 1 0
1556 0 1 0
1557 0 1 0
1558 0 1 0
1559 0 1 0
1560 0 1 0
1561 0 1 0
1562 0 1 0
1563 0 1 0
1564 0 1 0
1565 0 1 0
1566 0 1 0
1567 0 1 0
1568 0 1 0
1569 0 1 0
1570 0 1 0
1571 0 1 0
1572 0 1 0
1573 0 1 0
1574 0 1 0
1575 0 1 0
1576 0 1 0
1577 0 1 0
1578 0 1 0
1579 0 1 0
1580 0 1 0
1581 0 1 0
1582 0 1 0
1583 0 1 0
1584 0 1 0
1585 0 1 0
1586 0 1 0
1587 0 1 0
1588 0 1 0
1589 0 1 0
1590 0 1 0
1591 0 1 0
1592 0 1 0
1593 0 1 0
1594 0 1 0
1595 0 1 0
1596 0 1 0
1597 0 1 0
1598 0 1 0
1599 0 1 0
1600 0 1 0
1601 0 1 0
1602 0 1 0
1603 0 1 0
1604 0 1 0
1605 0 1 0
1606 0 1 0
1607 0 1 0
1608 0 1 0
1609 0 1 0
1610 0 1 0
1611 0 1 0
1612 0 1 0
1613 0 1 0
1614 0 1 0
1615 0 1 0
1616 0 1 0
1617 0 1 0
1618 0 1 0
1619 0 1 0
1620 0 1 0
1621 0 1 0
1622 0 1 0
1623 0 1 0
1624 0 1 0
1625 0 1 0
1626 0 1 0
1627 0 1 0
1628 0 1 0
1629 0 1 0
1630 0 1 0
1631 0 1 0
1632 0 1 0
1633 0 1 0
1634 0 1 0
1635 0 1 0
1636 0 1 0
1637 0 1 0
1638 0 1 0
1639 0 1 0
1640 0 1 0
1641 0 1 0
1642 0 1 0
1643 0 1 0
1644 0 1 0
1645 0 1 0
1646 0 1 0
1647 0 1 0
1648 0 1 0
1649 0 1 0
1650 0 1 0
1651 0 1 0
1652 0 1 0
1653 0 1 0
1654 0 1 0
1655 0 1 0
1656 0 1 0
1657 0 1 0
1658 0 1 0
1659 0 1 0
1660 0 1 0
1661 0 1 0
1662 0 1 0
1663 0 1 0
1664 0 1 0
1665 0 1 0
1666 0 1 0
1667 0 1 0
1668 0 1 0
1669 0 1 0
1670 0 1 0
1671 0 1 0
1672 0 1 0
1673 0 1 0
1674 0 1 0
1675 0 1 0
1676 0 1 0
1677 0 1 0
1678 0 1 0
1679 0 1 0
1680 0 1 0
1681 0 1 0
1682 0 1 0
1683 0 1 0
1684 0 1 0
1685 0 1 0
1686 0 1 0
1687 0 1 0
1688 0 1 0
1689 0 1 0
1690 0 1 0
1691 0 1 0
1692 0 1 0
1693 0 1 0
1694 0 1 0
1695 0 1 0
1696 0 1 0
1697 0 1 0
1698 0 1 0
1699 0 1 0
1700 0 1 0
1701 0 1 0
1702 0 1 0
1703 0 1 0
1704 0 1 0
1705 0 1 0
1706 0 1 0
1707 0 1 0
1708 0 1 0
1709 0 1 0
1710 0 1 0
1711 0 1 0
1712 0 1 0
1713 0 1 0
1714 0 1 0
1715 0 1 0
1716 0 1 0
1717 0 1 0
1718 0 1 0
1719 0 1 0
1720 0 1 0
1721 0 1 0
1722 0 1 0
1723 0 1 0
1724 0 1 0
1725 0 1 0
1726 0 1 0
1727 0 1 0
1728 0 1 0
1729 0 1 0
1730 0 1 0
1731 0 1 0
1732 0 1 0
1733 0 1 0
1734 0 1 0
1735 0 1 0
1736 0 1 0
1737 0 1 0
1738 0 1 0
1739 0 1 0
1740 0 1 0
1741 0 1 0
1742 0 1 0
1743 0 1 0
1744 0 1 0
1745 0 1 0
1746 0 1 0
1747 0 1 0
1748 0 1 0
1749 0 1 0
1750 0 1 0
1751 0 1 0
1752 0 1 0
1753 0 1 0
1754 0 1 0
1755 0 1 0
1756 0 1 0
1757 0 1 0
1758 0 1 0
1759 0 1 0
1760 0 1 0
1761 0 1 0
1762 0 1 0
1763 0 1 0
1764 0 1 0
1765 0 1 0
1766 0 1 0
1767 0 1 0
1768 0 1 0
1769 0 1 0
1770 0 1 0
1771 0 1 0
1772 0 1 0
1773 0 1 0
1774 0 1 0
1775 0 1 0
1776 0 1 0
1777 0 1 0
1778 0 1 0
1779 0 1 0
1780 0 1 0
1781 0 1 0
1782 0 1 0
1783 0 1 0
1784 0 1 0
1785 0 1 0
1786 0 1 0
1787 0 1 0
1788 0 1 0
1789 0 1 0
1790 0 1 0
1791 0 1 0
1792 0 1 0
1793 0 1 0
1794 0 1 0
1795 0 1 0
1796 0 1 0
1797 0 1 0
1798 0 1 0
1799 0 1 0
