0 5.91155e+06 1 2431.37
1 0 1 0
2 698 1 26.4197
3 1001 1 31.6386
4 11916 1 109.16
5 20569 1 143.419
6 24726 1 157.245
7 24857 1 157.661
8 23242 1 152.453
9 20800 1 144.222
10 18501 1 136.018
11 16446 1 128.242
12 14950 1 122.27
13 13135 1 114.608
14 11729 1 108.301
15 10822 1 104.029
16 9732 1 98.6509
17 8573 1 92.5905
18 7828 1 88.476
19 7339 1 85.668
20 6705 1 81.8841
21 5992 1 77.408
22 5461 1 73.8986
23 5104 1 71.4423
24 4624 1 68
25 4332 1 65.8179
26 3985 1 63.1269
27 3704 1 60.8605
28 3411 1 58.4038
29 3149 1 56.116
30 2908 1 53.9259
31 2765 1 52.5833
32 2632 1 51.303
33 2441 1 49.4065
34 2290 1 47.8539
35 2203 1 46.9361
36 2025 1 45
37 1900 1 43.589
38 1701 1 41.2432
39 1481 1 38.4838
40 1585 1 39.8121
41 1494 1 38.6523
42 1367 1 36.973
43 1263 1 35.5387
44 1236 1 35.1568
45 1163 1 34.1028
46 1092 1 33.0454
47 1045 1 32.3265
48 1069 1 32.6956
49 969 1 31.1288
50 861 1 29.3428
51 798 1 28.2489
52 760 1 27.5681
53 801 1 28.3019
54 706 1 26.5707
55 690 1 26.2679
56 626 1 25.02
57 620 1 24.8998
58 613 1 24.7588
59 543 1 23.3024
60 582 1 24.1247
61 505 1 22.4722
62 466 1 21.587
63 449 1 21.1896
64 442 1 21.0238
65 475 1 21.7945
66 439 1 20.9523
67 403 1 20.0749
68 410 1 20.2485
69 398 1 19.9499
70 341 1 18.4662
71 358 1 18.9209
72 359 1 18.9473
73 301 1 17.3494
74 296 1 17.2047
75 326 1 18.0555
76 295 1 17.1756
77 255 1 15.9687
78 274 1 16.5529
79 234 1 15.2971
80 239 1 15.4596
81 224 1 14.9666
82 219 1 14.7986
83 224 1 14.9666
84 220 1 14.8324
85 200 1 14.1421
86 234 1 15.2971
87 180 1 13.4164
88 174 1 13.1909
89 186 1 13.6382
90 177 1 13.3041
91 161 1 12.6886
92 149 1 12.2066
93 150 1 12.2474
94 145 1 12.0416
95 134 1 11.5758
96 150 1 12.2474
97 144 1 12
98 126 1 11.225
99 122 1 11.0454
100 125 1 11.1803
101 126 1 11.225
102 119 1 10.9087
103 106 1 10.2956
104 122 1 11.0454
105 94 1 9.69536
106 118 1 10.8628
107 103 1 10.1489
108 108 1 10.3923
109 84 1 9.16515
110 102 1 10.0995
111 95 1 9.74679
112 92 1 9.59166
113 100 1 10
114 80 1 8.94427
115 87 1 9.32738
116 80 1 8.94427
117 74 1 8.60233
118 87 1 9.32738
119 73 1 8.544
120 67 1 8.18535
121 70 1 8.3666
122 65 1 8.06226
123 62 1 7.87401
124 71 1 8.42615
125 65 1 8.06226
126 66 1 8.12404
127 68 1 8.24621
128 55 1 7.4162
129 48 1 6.9282
130 50 1 7.07107
131 58 1 7.61577
132 58 1 7.61577
133 48 1 6.9282
134 61 1 7.81025
135 47 1 6.85565
136 61 1 7.81025
137 56 1 7.48331
138 61 1 7.81025
139 48 1 6.9282
140 54 1 7.34847
141 35 1 5.91608
142 53 1 7.28011
143 40 1 6.32456
144 45 1 6.7082
145 46 1 6.78233
146 46 1 6.78233
147 42 1 6.48074
148 34 1 5.83095
149 40 1 6.32456
150 41 1 6.40312
151 39 1 6.245
152 47 1 6.85565
153 34 1 5.83095
154 27 1 5.19615
155 34 1 5.83095
156 31 1 5.56776
157 29 1 5.38516
158 24 1 4.89898
159 30 1 5.47723
160 23 1 4.79583
161 21 1 4.58258
162 35 1 5.91608
163 35 1 5.91608
164 29 1 5.38516
165 33 1 5.74456
166 35 1 5.91608
167 31 1 5.56776
168 20 1 4.47214
169 31 1 5.56776
170 28 1 5.2915
171 24 1 4.89898
172 20 1 4.47214
173 34 1 5.83095
174 21 1 4.58258
175 23 1 4.79583
176 26 1 5.09902
177 23 1 4.79583
178 20 1 4.47214
179 23 1 4.79583
180 20 1 4.47214
181 21 1 4.58258
182 24 1 4.89898
183 26 1 5.09902
184 16 1 4
185 16 1 4
186 20 1 4.47214
187 16 1 4
188 21 1 4.58258
189 23 1 4.79583
190 18 1 4.24264
191 15 1 3.87298
192 29 1 5.38516
193 27 1 5.19615
194 20 1 4.47214
195 19 1 4.3589
196 17 1 4.12311
197 20 1 4.47214
198 12 1 3.4641
199 15 1 3.87298
200 8 1 2.82843
201 17 1 4.12311
202 13 1 3.60555
203 12 1 3.4641
204 9 1 3
205 14 1 3.74166
206 14 1 3.74166
207 14 1 3.74166
208 17 1 4.12311
209 14 1 3.74166
210 11 1 3.31662
211 12 1 3.4641
212 13 1 3.60555
213 21 1 4.58258
214 15 1 3.87298
215 13 1 3.60555
216 7 1 2.64575
217 15 1 3.87298
218 9 1 3
219 10 1 3.16228
220 17 1 4.12311
221 13 1 3.60555
222 5 1 2.23607
223 13 1 3.60555
224 12 1 3.4641
225 8 1 2.82843
226 10 1 3.16228
227 13 1 3.60555
228 11 1 3.31662
229 9 1 3
230 8 1 2.82843
231 8 1 2.82843
232 14 1 3.74166
233 13 1 3.60555
234 15 1 3.87298
235 5 1 2.23607
236 10 1 3.16228
237 6 1 2.44949
238 14 1 3.74166
239 6 1 2.44949
240 5 1 2.23607
241 12 1 3.4641
242 6 1 2.44949
243 5 1 2.23607
244 12 1 3.4641
245 15 1 3.87298
246 16 1 4
247 9 1 3
248 9 1 3
249 8 1 2.82843
250 9 1 3
251 13 1 3.60555
252 7 1 2.64575
253 6 1 2.44949
254 10 1 3.16228
255 6 1 2.44949
256 8 1 2.82843
257 9 1 3
258 5 1 2.23607
259 6 1 2.44949
260 14 1 3.74166
261 8 1 2.82843
262 3 1 1.73205
263 9 1 3
264 8 1 2.82843
265 4 1 2
266 9 1 3
267 8 1 2.82843
268 5 1 2.23607
269 9 1 3
270 10 1 3.16228
271 3 1 1.73205
272 5 1 2.23607
273 4 1 2
274 5 1 2.23607
275 3 1 1.73205
276 5 1 2.23607
277 4 1 2
278 3 1 1.73205
279 5 1 2.23607
280 6 1 2.44949
281 8 1 2.82843
282 4 1 2
283 8 1 2.82843
284 6 1 2.44949
285 4 1 2
286 5 1 2.23607
287 5 1 2.23607
288 5 1 2.23607
289 7 1 2.64575
290 4 1 2
291 7 1 2.64575
292 9 1 3
293 2 1 1.41421
294 8 1 2.82843
295 3 1 1.73205
296 5 1 2.23607
297 5 1 2.23607
298 4 1 2
299 4 1 2
300 4 1 2
301 6 1 2.44949
302 8 1 2.82843
303 2 1 1.41421
304 1 1 1
305 9 1 3
306 2 1 1.41421
307 2 1 1.41421
308 1 1 1
309 7 1 2.64575
310 7 1 2.64575
311 3 1 1.73205
312 4 1 2
313 4 1 2
314 8 1 2.82843
315 4 1 2
316 3 1 1.73205
317 5 1 2.23607
318 5 1 2.23607
319 5 1 2.23607
320 2 1 1.41421
321 2 1 1.41421
322 5 1 2.23607
323 3 1 1.73205
324 1 1 1
325 5 1 2.23607
326 4 1 2
327 2 1 1.41421
328 1 1 1
329 2 1 1.41421
330 5 1 2.23607
331 5 1 2.23607
332 1 1 1
333 4 1 2
334 3 1 1.73205
335 5 1 2.23607
336 4 1 2
337 1 1 1
338 7 1 2.64575
339 1 1 1
340 1 1 1
341 1 1 1
342 0 1 0
343 3 1 1.73205
344 4 1 2
345 2 1 1.41421
346 2 1 1.41421
347 5 1 2.23607
348 3 1 1.73205
349 5 1 2.23607
350 0 1 0
351 3 1 1.73205
352 0 1 0
353 2 1 1.41421
354 4 1 2
355 4 1 2
356 6 1 2.44949
357 2 1 1.41421
358 3 1 1.73205
359 3 1 1.73205
360 4 1 2
361 4 1 2
362 4 1 2
363 1 1 1
364 0 1 0
365 4 1 2
366 3 1 1.73205
367 2 1 1.41421
368 2 1 1.41421
369 0 1 0
370 3 1 1.73205
371 3 1 1.73205
372 0 1 0
373 1 1 1
374 1 1 1
375 0 1 0
376 2 1 1.41421
377 4 1 2
378 3 1 1.73205
379 2 1 1.41421
380 4 1 2
381 3 1 1.73205
382 5 1 2.23607
383 0 1 0
384 0 1 0
385 2 1 1.41421
386 0 1 0
387 1 1 1
388 0 1 0
389 0 1 0
390 3 1 1.73205
391 2 1 1.41421
392 3 1 1.73205
393 3 1 1.73205
394 1 1 1
395 3 1 1.73205
396 3 1 1.73205
397 1 1 1
398 1 1 1
399 1 1 1
400 0 1 0
401 3 1 1.73205
402 1 1 1
403 1 1 1
404 0 1 0
405 1 1 1
406 2 1 1.41421
407 0 1 0
408 1 1 1
409 1 1 1
410 2 1 1.41421
411 4 1 2
412 0 1 0
413 2 1 1.41421
414 1 1 1
415 1 1 1
416 2 1 1.41421
417 1 1 1
418 2 1 1.41421
419 1 1 1
420 2 1 1.41421
421 3 1 1.73205
422 1 1 1
423 2 1 1.41421
424 2 1 1.41421
425 2 1 1.41421
426 0 1 0
427 2 1 1.41421
428 3 1 1.73205
429 2 1 1.41421
430 1 1 1
431 1 1 1
432 2 1 1.41421
433 3 1 1.73205
434 1 1 1
435 3 1 1.73205
436 2 1 1.41421
437 1 1 1
438 1 1 1
439 2 1 1.41421
440 0 1 0
441 2 1 1.41421
442 1 1 1
443 2 1 1.41421
444 1 1 1
445 2 1 1.41421
446 0 1 0
447 4 1 2
448 0 1 0
449 1 1 1
450 1 1 1
451 0 1 0
452 0 1 0
453 1 1 1
454 0 1 0
455 2 1 1.41421
456 1 1 1
457 0 1 0
458 2 1 1.41421
459 2 1 1.41421
460 1 1 1
461 1 1 1
462 1 1 1
463 1 1 1
464 2 1 1.41421
465 1 1 1
466 0 1 0
467 0 1 0
468 1 1 1
469 3 1 1.73205
470 0 1 0
471 1 1 1
472 1 1 1
473 2 1 1.41421
474 0 1 0
475 1 1 1
476 0 1 0
477 0 1 0
478 0 1 0
479 1 1 1
480 1 1 1
481 1 1 1
482 0 1 0
483 2 1 1.41421
484 0 1 0
485 0 1 0
486 1 1 1
487 0 1 0
488 1 1 1
489 0 1 0
490 0 1 0
491 1 1 1
492 1 1 1
493 0 1 0
494 2 1 1.41421
495 0 1 0
496 2 1 1.41421
497 0 1 0
498 0 1 0
499 1 1 1
500 0 1 0
501 1 1 1
502 2 1 1.41421
503 0 1 0
504 2 1 1.41421
505 1 1 1
506 0 1 0
507 1 1 1
508 2 1 1.41421
509 1 1 1
510 1 1 1
511 0 1 0
512 1 1 1
513 1 1 1
514 1 1 1
515 1 1 1
516 1 1 1
517 2 1 1.41421
518 0 1 0
519 1 1 1
520 0 1 0
521 1 1 1
522 1 1 1
523 0 1 0
524 1 1 1
525 1 1 1
526 1 1 1
527 1 1 1
528 1 1 1
529 0 1 0
530 0 1 0
531 3 1 1.73205
532 0 1 0
533 1 1 1
534 0 1 0
535 2 1 1.41421
536 0 1 0
537 1 1 1
538 0 1 0
539 0 1 0
540 0 1 0
541 0 1 0
542 0 1 0
543 1 1 1
544 0 1 0
545 2 1 1.41421
546 0 1 0
547 1 1 1
548 0 1 0
549 0 1 0
550 0 1 0
551 0 1 0
552 0 1 0
553 0 1 0
554 1 1 1
555 0 1 0
556 0 1 0
557 1 1 1
558 0 1 0
559 1 1 1
560 1 1 1
561 2 1 1.41421
562 0 1 0
563 1 1 1
564 0 1 0
565 0 1 0
566 1 1 1
567 1 1 1
568 1 1 1
569 0 1 0
570 0 1 0
571 0 1 0
572 0 1 0
573 0 1 0
574 2 1 1.41421
575 0 1 0
576 1 1 1
577 0 1 0
578 0 1 0
579 0 1 0
580 0 1 0
581 0 1 0
582 1 1 1
583 0 1 0
584 0 1 0
585 0 1 0
586 1 1 1
587 0 1 0
588 1 1 1
589 1 1 1
590 0 1 0
591 2 1 1.41421
592 0 1 0
593 0 1 0
594 1 1 1
595 0 1 0
596 1 1 1
597 0 1 0
598 0 1 0
599 0 1 0
600 0 1 0
601 2 1 1.41421
602 3 1 1.73205
603 0 1 0
604 0 1 0
605 1 1 1
606 0 1 0
607 0 1 0
608 0 1 0
609 1 1 1
610 0 1 0
611 0 1 0
612 0 1 0
613 1 1 1
614 0 1 0
615 0 1 0
616 0 1 0
617 0 1 0
618 1 1 1
619 1 1 1
620 1 1 1
621 0 1 0
622 0 1 0
623 0 1 0
624 0 1 0
625 1 1 1
626 0 1 0
627 0 1 0
628 0 1 0
629 0 1 0
630 0 1 0
631 0 1 0
632 0 1 0
633 0 1 0
634 0 1 0
635 1 1 1
636 1 1 1
637 0 1 0
638 1 1 1
639 0 1 0
640 0 1 0
641 0 1 0
642 0 1 0
643 1 1 1
644 1 1 1
645 0 1 0
646 0 1 0
647 1 1 1
648 1 1 1
649 0 1 0
650 0 1 0
651 0 1 0
652 0 1 0
653 1 1 1
654 0 1 0
655 1 1 1
656 0 1 0
657 0 1 0
658 0 1 0
659 0 1 0
660 0 1 0
661 1 1 1
662 0 1 0
663 0 1 0
664 0 1 0
665 2 1 1.41421
666 0 1 0
667 0 1 0
668 0 1 0
669 1 1 1
670 1 1 1
671 0 1 0
672 2 1 1.41421
673 1 1 1
674 0 1 0
675 0 1 0
676 0 1 0
677 0 1 0
678 1 1 1
679 0 1 0
680 1 1 1
681 1 1 1
682 0 1 0
683 1 1 1
684 0 1 0
685 0 1 0
686 0 1 0
687 0 1 0
688 0 1 0
689 1 1 1
690 1 1 1
691 1 1 1
692 1 1 1
693 1 1 1
694 0 1 0
695 1 1 1
696 0 1 0
697 0 1 0
698 0 1 0
699 1 1 1
700 0 1 0
701 0 1 0
702 0 1 0
703 0 1 0
704 0 1 0
705 0 1 0
706 0 1 0
707 0 1 0
708 0 1 0
709 0 1 0
710 0 1 0
711 1 1 1
712 0 1 0
713 0 1 0
714 0 1 0
715 0 1 0
716 0 1 0
717 0 1 0
718 2 1 1.41421
719 0 1 0
720 1 1 1
721 1 1 1
722 0 1 0
723 0 1 0
724 0 1 0
725 0 1 0
726 1 1 1
727 0 1 0
728 0 1 0
729 0 1 0
730 0 1 0
731 1 1 1
732 0 1 0
733 0 1 0
734 0 1 0
735 1 1 1
736 0 1 0
737 0 1 0
738 0 1 0
739 1 1 1
740 0 1 0
741 0 1 0
742 0 1 0
743 0 1 0
744 0 1 0
745 0 1 0
746 0 1 0
747 0 1 0
748 1 1 1
749 0 1 0
750 0 1 0
751 0 1 0
752 0 1 0
753 0 1 0
754 0 1 0
755 0 1 0
756 0 1 0
757 1 1 1
758 0 1 0
759 0 1 0
760 0 1 0
761 0 1 0
762 0 1 0
763 0 1 0
764 1 1 1
765 0 1 0
766 0 1 0
767 1 1 1
768 0 1 0
769 1 1 1
770 1 1 1
771 1 1 1
772 0 1 0
773 1 1 1
774 0 1 0
775 1 1 1
776 1 1 1
777 0 1 0
778 0 1 0
779 0 1 0
780 0 1 0
781 0 1 0
782 0 1 0
783 0 1 0
784 0 1 0
785 0 1 0
786 0 1 0
787 0 1 0
788 2 1 1.41421
789 0 1 0
790 0 1 0
791 1 1 1
792 0 1 0
793 1 1 1
794 0 1 0
795 0 1 0
796 2 1 1.41421
797 0 1 0
798 0 1 0
799 0 1 0
800 0 1 0
801 0 1 0
802 1 1 1
803 0 1 0
804 0 1 0
805 1 1 1
806 0 1 0
807 0 1 0
808 0 1 0
809 0 1 0
810 0 1 0
811 0 1 0
812 0 1 0
813 0 1 0
814 0 1 0
815 0 1 0
816 0 1 0
817 0 1 0
818 0 1 0
819 1 1 1
820 0 1 0
821 0 1 0
822 0 1 0
823 2 1 1.41421
824 0 1 0
825 0 1 0
826 0 1 0
827 1 1 1
828 1 1 1
829 0 1 0
830 1 1 1
831 0 1 0
832 0 1 0
833 0 1 0
834 0 1 0
835 0 1 0
836 0 1 0
837 1 1 1
838 0 1 0
839 0 1 0
840 0 1 0
841 0 1 0
842 0 1 0
843 0 1 0
844 0 1 0
845 0 1 0
846 0 1 0
847 1 1 1
848 0 1 0
849 0 1 0
850 0 1 0
851 0 1 0
852 0 1 0
853 0 1 0
854 1 1 1
855 0 1 0
856 1 1 1
857 0 1 0
858 0 1 0
859 0 1 0
860 0 1 0
861 0 1 0
862 0 1 0
863 0 1 0
864 0 1 0
865 0 1 0
866 0 1 0
867 0 1 0
868 1 1 1
869 0 1 0
870 0 1 0
871 0 1 0
872 1 1 1
873 0 1 0
874 0 1 0
875 0 1 0
876 0 1 0
877 0 1 0
878 0 1 0
879 0 1 0
880 0 1 0
881 0 1 0
882 0 1 0
883 0 1 0
884 0 1 0
885 0 1 0
886 0 1 0
887 0 1 0
888 0 1 0
889 0 1 0
890 0 1 0
891 0 1 0
892 0 1 0
893 2 1 1.41421
894 0 1 0
895 1 1 1
896 0 1 0
897 0 1 0
898 0 1 0
899 0 1 0
900 1 1 1
901 0 1 0
902 0 1 0
903 0 1 0
904 0 1 0
905 0 1 0
906 0 1 0
907 1 1 1
908 1 1 1
909 0 1 0
910 0 1 0
911 0 1 0
912 0 1 0
913 0 1 0
914 0 1 0
915 0 1 0
916 0 1 0
917 0 1 0
918 0 1 0
919 0 1 0
920 0 1 0
921 0 1 0
922 0 1 0
923 0 1 0
924 0 1 0
925 0 1 0
926 0 1 0
927 0 1 0
928 0 1 0
929 0 1 0
930 0 1 0
931 1 1 1
932 0 1 0
933 0 1 0
934 0 1 0
935 0 1 0
936 0 1 0
937 1 1 1
938 1 1 1
939 0 1 0
940 0 1 0
941 0 1 0
942 0 1 0
943 0 1 0
944 1 1 1
945 0 1 0
946 0 1 0
947 0 1 0
948 1 1 1
949 0 1 0
950 0 1 0
951 0 1 0
952 0 1 0
953 1 1 1
954 0 1 0
955 0 1 0
956 0 1 0
957 0 1 0
958 0 1 0
959 0 1 0
960 0 1 0
961 0 1 0
962 0 1 0
963 0 1 0
964 0 1 0
965 0 1 0
966 0 1 0
967 0 1 0
968 0 1 0
969 1 1 1
970 0 1 0
971 0 1 0
972 0 1 0
973 0 1 0
974 0 1 0
975 0 1 0
976 0 1 0
977 0 1 0
978 0 1 0
979 0 1 0
980 0 1 0
981 0 1 0
982 1 1 1
983 0 1 0
984 0 1 0
985 0 1 0
986 0 1 0
987 0 1 0
988 0 1 0
989 0 1 0
990 0 1 0
991 0 1 0
992 0 1 0
993 0 1 0
994 0 1 0
995 0 1 0
996 0 1 0
997 0 1 0
998 0 1 0
999 0 1 0
1000 0 1 0
1001 0 1 0
1002 0 1 0
1003 0 1 0
1004 1 1 1
1005 0 1 0
1006 0 1 0
1007 0 1 0
1008 0 1 0
1009 0 1 0
1010 0 1 0
1011 1 1 1
1012 0 1 0
1013 0 1 0
1014 0 1 0
1015 0 1 0
1016 0 1 0
1017 0 1 0
1018 0 1 0
1019 1 1 1
1020 0 1 0
1021 1 1 1
1022 0 1 0
1023 0 1 0
1024 0 1 0
1025 0 1 0
1026 0 1 0
1027 0 1 0
1028 0 1 0
1029 0 1 0
1030 1 1 1
1031 0 1 0
1032 0 1 0
1033 0 1 0
1034 0 1 0
1035 0 1 0
1036 0 1 0
1037 0 1 0
1038 0 1 0
1039 0 1 0
1040 0 1 0
1041 0 1 0
1042 0 1 0
1043 0 1 0
1044 0 1 0
1045 0 1 0
1046 0 1 0
1047 1 1 1
1048 1 1 1
1049 0 1 0
1050 0 1 0
1051 0 1 0
1052 0 1 0
1053 0 1 0
1054 0 1 0
1055 0 1 0
1056 0 1 0
1057 0 1 0
1058 0 1 0
1059 0 1 0
1060 0 1 0
1061 0 1 0
1062 0 1 0
1063 0 1 0
1064 0 1 0
1065 0 1 0
1066 0 1 0
1067 0 1 0
1068 0 1 0
1069 0 1 0
1070 0 1 0
1071 0 1 0
1072 0 1 0
1073 0 1 0
1074 0 1 0
1075 1 1 1
1076 0 1 0
1077 0 1 0
1078 0 1 0
1079 0 1 0
1080 1 1 1
1081 0 1 0
1082 0 1 0
1083 1 1 1
1084 0 1 0
1085 0 1 0
1086 0 1 0
1087 1 1 1
1088 0 1 0
1089 0 1 0
1090 0 1 0
1091 0 1 0
1092 0 1 0
1093 0 1 0
1094 0 1 0
1095 0 1 0
1096 0 1 0
1097 0 1 0
1098 0 1 0
1099 1 1 1
1100 0 1 0
1101 1 1 1
1102 0 1 0
1103 0 1 0
1104 0 1 0
1105 0 1 0
1106 0 1 0
1107 0 1 0
1108 0 1 0
1109 0 1 0
1110 0 1 0
1111 0 1 0
1112 0 1 0
1113 0 1 0
1114 1 1 1
1115 0 1 0
1116 0 1 0
1117 0 1 0
1118 0 1 0
1119 0 1 0
1120 0 1 0
1121 1 1 1
1122 0 1 0
1123 0 1 0
1124 0 1 0
1125 0 1 0
1126 0 1 0
1127 1 1 1
1128 0 1 0
1129 0 1 0
1130 0 1 0
1131 1 1 1
1132 0 1 0
1133 0 1 0
1134 0 1 0
1135 0 1 0
1136 0 1 0
1137 0 1 0
1138 0 1 0
1139 0 1 0
1140 0 1 0
1141 0 1 0
1142 0 1 0
1143 0 1 0
1144 0 1 0
1145 0 1 0
1146 0 1 0
1147 0 1 0
1148 0 1 0
1149 0 1 0
1150 0 1 0
1151 0 1 0
1152 0 1 0
1153 0 1 0
1154 0 1 0
1155 0 1 0
1156 0 1 0
1157 0 1 0
1158 0 1 0
1159 0 1 0
1160 0 1 0
1161 0 1 0
1162 0 1 0
1163 0 1 0
1164 0 1 0
1165 0 1 0
1166 0 1 0
1167 0 1 0
1168 0 1 0
1169 0 1 0
1170 0 1 0
1171 0 1 0
1172 0 1 0
1173 0 1 0
1174 0 1 0
1175 1 1 1
1176 0 1 0
1177 0 1 0
1178 0 1 0
1179 0 1 0
1180 0 1 0
1181 0 1 0
1182 0 1 0
1183 0 1 0
1184 0 1 0
1185 0 1 0
1186 0 1 0
1187 0 1 0
1188 0 1 0
1189 0 1 0
1190 0 1 0
1191 0 1 0
1192 0 1 0
1193 0 1 0
1194 0 1 0
1195 0 1 0
1196 0 1 0
1197 0 1 0
1198 0 1 0
1199 0 1 0
1200 0 1 0
1201 0 1 0
1202 0 1 0
1203 0 1 0
1204 0 1 0
1205 0 1 0
1206 0 1 0
1207 0 1 0
1208 0 1 0
1209 0 1 0
1210 0 1 0
1211 0 1 0
1212 0 1 0
1213 0 1 0
1214 0 1 0
1215 0 1 0
1216 1 1 1
1217 0 1 0
1218 0 1 0
1219 0 1 0
1220 0 1 0
1221 0 1 0
1222 0 1 0
1223 0 1 0
1224 0 1 0
1225 0 1 0
1226 0 1 0
1227 0 1 0
1228 0 1 0
1229 0 1 0
1230 1 1 1
1231 0 1 0
1232 0 1 0
1233 2 1 1.41421
1234 0 1 0
1235 0 1 0
1236 0 1 0
1237 0 1 0
1238 0 1 0
1239 0 1 0
1240 0 1 0
1241 0 1 0
1242 0 1 0
1243 0 1 0
1244 0 1 0
1245 0 1 0
1246 0 1 0
1247 1 1 1
1248 0 1 0
1249 0 1 0
1250 0 1 0
1251 0 1 0
1252 0 1 0
1253 0 1 0
1254 0 1 0
1255 0 1 0
1256 0 1 0
1257 0 1 0
1258 0 1 0
1259 0 1 0
1260 0 1 0
1261 0 1 0
1262 0 1 0
1263 0 1 0
1264 0 1 0
1265 0 1 0
1266 0 1 0
1267 0 1 0
1268 0 1 0
1269 0 1 0
1270 0 1 0
1271 0 1 0
1272 0 1 0
1273 0 1 0
1274 0 1 0
1275 0 1 0
1276 0 1 0
1277 0 1 0
1278 0 1 0
1279 0 1 0
1280 0 1 0
1281 0 1 0
1282 0 1 0
1283 0 1 0
1284 0 1 0
1285 1 1 1
1286 0 1 0
1287 0 1 0
1288 0 1 0
1289 1 1 1
1290 0 1 0
1291 0 1 0
1292 0 1 0
1293 0 1 0
1294 0 1 0
1295 0 1 0
1296 0 1 0
1297 0 1 0
1298 0 1 0
1299 0 1 0
1300 0 1 0
1301 0 1 0
1302 0 1 0
1303 0 1 0
1304 0 1 0
1305 0 1 0
1306 0 1 0
1307 0 1 0
1308 0 1 0
1309 0 1 0
1310 0 1 0
1311 0 1 0
1312 0 1 0
1313 0 1 0
1314 0 1 0
1315 0 1 0
1316 0 1 0
1317 0 1 0
1318 0 1 0
1319 0 1 0
1320 0 1 0
1321 1 1 1
1322 0 1 0
1323 0 1 0
1324 0 1 0
1325 0 1 0
1326 0 1 0
1327 0 1 0
1328 0 1 0
1329 0 1 0
1330 0 1 0
1331 0 1 0
1332 0 1 0
1333 0 1 0
1334 0 1 0
1335 0 1 0
1336 0 1 0
1337 0 1 0
1338 0 1 0
1339 0 1 0
1340 0 1 0
1341 0 1 0
1342 0 1 0
1343 0 1 0
1344 0 1 0
1345 0 1 0
1346 0 1 0
1347 0 1 0
1348 0 1 0
1349 0 1 0
1350 0 1 0
1351 0 1 0
1352 1 1 1
1353 0 1 0
1354 0 1 0
1355 0 1 0
1356 0 1 0
1357 0 1 0
1358 0 1 0
1359 0 1 0
1360 0 1 0
1361 0 1 0
1362 0 1 0
1363 1 1 1
1364 0 1 0
1365 0 1 0
1366 0 1 0
1367 0 1 0
1368 0 1 0
1369 0 1 0
1370 0 1 0
1371 0 1 0
1372 0 1 0
1373 0 1 0
1374 0 1 0
1375 0 1 0
1376 0 1 0
1377 0 1 0
1378 0 1 0
1379 0 1 0
1380 0 1 0
1381 0 1 0
1382 0 1 0
1383 0 1 0
1384 0 1 0
1385 0 1 0
1386 0 1 0
1387 1 1 1
1388 0 1 0
1389 0 1 0
1390 0 1 0
1391 0 1 0
1392 1 1 1
1393 0 1 0
1394 0 1 0
1395 0 1 0
1396 0 1 0
1397 0 1 0
1398 0 1 0
1399 0 1 0
1400 0 1 0
1401 0 1 0
1402 0 1 0
1403 0 1 0
1404 0 1 0
1405 0 1 0
1406 0 1 0
1407 0 1 0
1408 0 1 0
1409 0 1 0
1410 0 1 0
1411 0 1 0
1412 0 1 0
1413 0 1 0
1414 0 1 0
1415 0 1 0
1416 0 1 0
1417 0 1 0
1418 0 1 0
1419 0 1 0
1420 0 1 0
1421 0 1 0
1422 0 1 0
1423 0 1 0
1424 0 1 0
1425 0 1 0
1426 0 1 0
1427 0 1 0
1428 0 1 0
1429 0 1 0
1430 0 1 0
1431 0 1 0
1432 0 1 0
1433 0 1 0
1434 0 1 0
1435 0 1 0
1436 0 1 0
1437 0 1 0
1438 0 1 0
1439 0 1 0
1440 0 1 0
1441 1 1 1
1442 0 1 0
1443 0 1 0
1444 0 1 0
1445 0 1 0
1446 0 1 0
1447 0 1 0
1448 0 1 0
1449 0 1 0
1450 0 1 0
1451 0 1 0
1452 0 1 0
1453 0 1 0
1454 0 1 0
1455 0 1 0
1456 0 1 0
1457 0 1 0
1458 0 1 0
1459 0 1 0
1460 0 1 0
1461 0 1 0
1462 0 1 0
1463 0 1 0
1464 0 1 0
1465 0 1 0
1466 0 1 0
1467 0 1 0
1468 0 1 0
1469 0 1 0
1470 0 1 0
1471 0 1 0
1472 0 1 0
1473 0 1 0
1474 0 1 0
1475 0 1 0
1476 0 1 0
1477 0 1 0
1478 0 1 0
1479 0 1 0
1480 0 1 0
1481 0 1 0
1482 0 1 0
1483 0 1 0
1484 0 1 0
1485 0 1 0
1486 0 1 0
1487 0 1 0
1488 0 1 0
1489 0 1 0
1490 0 1 0
1491 0 1 0
1492 0 1 0
1493 0 1 0
1494 0 1 0
1495 0 1 0
1496 0 1 0
1497 0 1 0
1498 0 1 0
1499 0 1 0
1500 0 1 0
1501 0 1 0
1502 0 1 0
1503 0 1 0
1504 0 1 0
1505 0 1 0
1506 0 1 0
1507 0 1 0
1508 0 1 0
1509 0 1 0
1510 0 1 0
1511 0 1 0
1512 0 1 0
1513 0 1 0
1514 0 1 0
1515 1 1 1
1516 0 1 0
1517 0 1 0
1518 0 1 0
1519 0 1 0
1520 0 1 0
1521 0 1 0
1522 0 1 0
1523 0 1 0
1524 0 1 0
1525 0 1 0
1526 0 1 0
1527 0 1 0
1528 0 1 0
1529 0 1 0
1530 0 1 0
1531 0 1 0
1532 0 1 0
1533 0 1 0
1534 0 1 0
1535 0 1 0
1536 0 1 0
1537 0 1 0
1538 0 1 0
1539 0 1 0
1540 0 1 0
1541 0 1 0
1542 0 1 0
1543 0 1 0
1544 0 1 0
1545 0 1 0
1546 0 1 0
1547 0 1 0
1548 0 1 0
1549 0 1 0
1550 0 1 0
1551 0 1 0
1552 0 1 0
1553 0 1 0
1554 0 1 0
1555 0 1 0
1556 0 1 0
1557 0 1 0
1558 0 1 0
1559 0 1 0
1560 0 1 0
1561 0 1 0
1562 0 1 0
1563 0 1 0
1564 0 1 0
1565 0 1 0
1566 0 1 0
1567 0 1 0
1568 0 1 0
1569 0 1 0
1570 0 1 0
1571 0 1 0
1572 0 1 0
1573 0 1 0
1574 0 1 0
1575 0 1 0
1576 0 1 0
1577 0 1 0
1578 0 1 0
1579 0 1 0
1580 1 1 1
1581 0 1 0
1582 0 1 0
1583 0 1 0
1584 0 1 0
1585 0 1 0
1586 0 1 0
1587 0 1 0
1588 0 1 0
1589 0 1 0
1590 0 1 0
1591 0 1 0
1592 0 1 0
1593 0 1 0
1594 0 1 0
1595 0 1 0
1596 0 1 0
1597 0 1 0
1598 0 1 0
1599 0 1 0
1600 0 1 0
1601 0 1 0
1602 0 1 0
1603 0 1 0
1604 0 1 0
1605 0 1 0
1606 0 1 0
1607 0 1 0
1608 0 1 0
1609 0 1 0
1610 0 1 0
1611 0 1 0
1612 0 1 0
1613 0 1 0
1614 0 1 0
1615 0 1 0
1616 0 1 0
1617 0 1 0
1618 0 1 0
1619 0 1 0
1620 0 1 0
1621 0 1 0
1622 0 1 0
1623 0 1 0
1624 0 1 0
1625 0 1 0
1626 0 1 0
1627 0 1 0
1628 0 1 0
1629 0 1 0
1630 0 1 0
1631 0 1 0
1632 0 1 0
1633 0 1 0
1634 0 1 0
1635 0 1 0
1636 0 1 0
1637 0 1 0
1638 0 1 0
1639 1 1 1
1640 0 1 0
1641 0 1 0
1642 0 1 0
1643 0 1 0
1644 0 1 0
1645 0 1 0
1646 0 1 0
1647 0 1 0
1648 0 1 0
1649 0 1 0
1650 0 1 0
1651 0 1 0
1652 0 1 0
1653 0 1 0
1654 0 1 0
1655 0 1 0
1656 0 1 0
1657 0 1 0
1658 0 1 0
1659 0 1 0
1660 0 1 0
1661 0 1 0
1662 1 1 1
1663 0 1 0
1664 0 1 0
1665 0 1 0
1666 0 1 0
1667 0 1 0
1668 0 1 0
1669 0 1 0
1670 1 1 1
1671 0 1 0
1672 0 1 0
1673 0 1 0
1674 0 1 0
1675 0 1 0
1676 0 1 0
1677 0 1 0
1678 0 1 0
1679 0 1 0
1680 0 1 0
1681 0 1 0
1682 0 1 0
1683 0 1 0
1684 0 1 0
1685 0 1 0
1686 0 1 0
1687 0 1 0
1688 0 1 0
1689 0 1 0
1690 0 1 0
1691 0 1 0
1692 0 1 0
1693 1 1 1
1694 0 1 0
1695 0 1 0
1696 0 1 0
1697 0 1 0
1698 0 1 0
1699 0 1 0
1700 0 1 0
1701 0 1 0
1702 0 1 0
1703 0 1 0
1704 0 1 0
1705 0 1 0
1706 0 1 0
1707 0 1 0
1708 0 1 0
1709 0 1 0
1710 0 1 0
1711 0 1 0
1712 0 1 0
1713 0 1 0
1714 0 1 0
1715 0 1 0
1716 0 1 0
1717 0 1 0
1718 1 1 1
1719 0 1 0
1720 0 1 0
1721 0 1 0
1722 0 1 0
1723 0 1 0
1724 0 1 0
1725 0 1 0
1726 0 1 0
1727 0 1 0
1728 0 1 0
1729 0 1 0
1730 0 1 0
1731 0 1 0
1732 0 1 0
1733 0 1 0
1734 0 1 0
1735 0 1 0
1736 1 1 1
1737 0 1 0
1738 0 1 0
1739 0 1 0
1740 0 1 0
1741 0 1 0
1742 0 1 0
1743 0 1 0
1744 0 1 0
1745 0 1 0
1746 0 1 0
1747 0 1 0
1748 0 1 0
1749 0 1 0
1750 0 1 0
1751 0 1 0
1752 0 1 0
1753 0 1 0
1754 0 1 0
1755 0 1 0
1756 0 1 0
1757 0 1 0
1758 0 1 0
1759 0 1 0
1760 0 1 0
1761 0 1 0
1762 0 1 0
1763 0 1 0
1764 0 1 0
1765 0 1 0
1766 0 1 0
1767 0 1 0
1768 0 1 0
1769 0 1 0
1770 0 1 0
1771 0 1 0
1772 0 1 0
1773 0 1 0
1774 0 1 0
1775 0 1 0
1776 0 1 0
1777 0 1 0
1778 0 1 0
1779 0 1 0
1780 0 1 0
1781 0 1 0
1782 0 1 0
1783 0 1 0
1784 0 1 0
1785 0 1 0
1786 0 1 0
1787 0 1 0
1788 0 1 0
1789 0 1 0
1790 0 1 0
1791 0 1 0
1792 0 1 0
1793 0 1 0
1794 0 1 0
1795 0 1 0
1796 0 1 0
1797 0 1 0
1798 0 1 0
1799 0 1 0
