0 5.86383e+06 1 2421.53
1 0 1 0
2 159 1 12.6095
3 1443 1 37.9868
4 16328 1 127.781
5 26957 1 164.186
6 31030 1 176.153
7 29948 1 173.055
8 26796 1 163.695
9 23821 1 154.341
10 20966 1 144.796
11 18374 1 135.551
12 16174 1 127.177
13 14030 1 118.448
14 12367 1 111.207
15 11530 1 107.378
16 10261 1 101.297
17 9131 1 95.5563
18 8307 1 91.1427
19 7655 1 87.4929
20 6927 1 83.2286
21 6267 1 79.1644
22 5944 1 77.0973
23 5416 1 73.5935
24 5037 1 70.9718
25 4595 1 67.7864
26 4368 1 66.0908
27 3993 1 63.1902
28 3743 1 61.1801
29 3421 1 58.4893
30 3239 1 56.9122
31 2912 1 53.963
32 2851 1 53.3948
33 2686 1 51.8266
34 2459 1 49.5883
35 2337 1 48.3425
36 2152 1 46.3897
37 2071 1 45.5082
38 1961 1 44.2832
39 1775 1 42.1307
40 1711 1 41.3642
41 1596 1 39.95
42 1509 1 38.8458
43 1385 1 37.2156
44 1370 1 37.0135
45 1357 1 36.8375
46 1239 1 35.1994
47 1127 1 33.5708
48 1068 1 32.6803
49 1026 1 32.0312
50 963 1 31.0322
51 978 1 31.273
52 893 1 29.8831
53 867 1 29.4449
54 751 1 27.4044
55 757 1 27.5136
56 757 1 27.5136
57 680 1 26.0768
58 649 1 25.4755
59 601 1 24.5153
60 582 1 24.1247
61 570 1 23.8747
62 592 1 24.3311
63 550 1 23.4521
64 514 1 22.6716
65 504 1 22.4499
66 498 1 22.3159
67 444 1 21.0713
68 438 1 20.9284
69 430 1 20.7364
70 420 1 20.4939
71 356 1 18.868
72 361 1 19
73 362 1 19.0263
74 339 1 18.412
75 292 1 17.088
76 335 1 18.303
77 295 1 17.1756
78 282 1 16.7929
79 288 1 16.9706
80 276 1 16.6132
81 298 1 17.2627
82 237 1 15.3948
83 242 1 15.5563
84 267 1 16.3401
85 216 1 14.6969
86 209 1 14.4568
87 216 1 14.6969
88 214 1 14.6287
89 227 1 15.0665
90 190 1 13.784
91 171 1 13.0767
92 176 1 13.2665
93 148 1 12.1655
94 168 1 12.9615
95 163 1 12.7671
96 151 1 12.2882
97 163 1 12.7671
98 156 1 12.49
99 132 1 11.4891
100 138 1 11.7473
101 151 1 12.2882
102 112 1 10.583
103 136 1 11.6619
104 129 1 11.3578
105 112 1 10.583
106 131 1 11.4455
107 119 1 10.9087
108 89 1 9.43398
109 135 1 11.619
110 116 1 10.7703
111 96 1 9.79796
112 117 1 10.8167
113 86 1 9.27362
114 101 1 10.0499
115 96 1 9.79796
116 107 1 10.3441
117 79 1 8.88819
118 82 1 9.05539
119 77 1 8.77496
120 76 1 8.7178
121 72 1 8.48528
122 85 1 9.21954
123 73 1 8.544
124 62 1 7.87401
125 72 1 8.48528
126 64 1 8
127 59 1 7.68115
128 68 1 8.24621
129 49 1 7
130 71 1 8.42615
131 64 1 8
132 61 1 7.81025
133 70 1 8.3666
134 68 1 8.24621
135 51 1 7.14143
136 66 1 8.12404
137 63 1 7.93725
138 61 1 7.81025
139 59 1 7.68115
140 54 1 7.34847
141 56 1 7.48331
142 48 1 6.9282
143 46 1 6.78233
144 41 1 6.40312
145 36 1 6
146 52 1 7.2111
147 41 1 6.40312
148 51 1 7.14143
149 28 1 5.2915
150 46 1 6.78233
151 37 1 6.08276
152 47 1 6.85565
153 45 1 6.7082
154 41 1 6.40312
155 36 1 6
156 39 1 6.245
157 37 1 6.08276
158 41 1 6.40312
159 41 1 6.40312
160 38 1 6.16441
161 40 1 6.32456
162 24 1 4.89898
163 32 1 5.65685
164 27 1 5.19615
165 23 1 4.79583
166 30 1 5.47723
167 29 1 5.38516
168 36 1 6
169 27 1 5.19615
170 24 1 4.89898
171 23 1 4.79583
172 33 1 5.74456
173 27 1 5.19615
174 34 1 5.83095
175 22 1 4.69042
176 27 1 5.19615
177 27 1 5.19615
178 26 1 5.09902
179 25 1 5
180 22 1 4.69042
181 20 1 4.47214
182 17 1 4.12311
183 27 1 5.19615
184 23 1 4.79583
185 22 1 4.69042
186 24 1 4.89898
187 26 1 5.09902
188 22 1 4.69042
189 27 1 5.19615
190 18 1 4.24264
191 28 1 5.2915
192 13 1 3.60555
193 18 1 4.24264
194 26 1 5.09902
195 17 1 4.12311
196 17 1 4.12311
197 19 1 4.3589
198 13 1 3.60555
199 18 1 4.24264
200 11 1 3.31662
201 17 1 4.12311
202 17 1 4.12311
203 20 1 4.47214
204 12 1 3.4641
205 14 1 3.74166
206 21 1 4.58258
207 12 1 3.4641
208 20 1 4.47214
209 8 1 2.82843
210 11 1 3.31662
211 23 1 4.79583
212 10 1 3.16228
213 11 1 3.31662
214 16 1 4
215 23 1 4.79583
216 14 1 3.74166
217 14 1 3.74166
218 18 1 4.24264
219 14 1 3.74166
220 18 1 4.24264
221 10 1 3.16228
222 9 1 3
223 13 1 3.60555
224 15 1 3.87298
225 15 1 3.87298
226 15 1 3.87298
227 7 1 2.64575
228 14 1 3.74166
229 14 1 3.74166
230 10 1 3.16228
231 8 1 2.82843
232 13 1 3.60555
233 6 1 2.44949
234 9 1 3
235 14 1 3.74166
236 10 1 3.16228
237 8 1 2.82843
238 19 1 4.3589
239 5 1 2.23607
240 7 1 2.64575
241 10 1 3.16228
242 5 1 2.23607
243 10 1 3.16228
244 9 1 3
245 11 1 3.31662
246 17 1 4.12311
247 5 1 2.23607
248 19 1 4.3589
249 10 1 3.16228
250 8 1 2.82843
251 7 1 2.64575
252 9 1 3
253 11 1 3.31662
254 6 1 2.44949
255 2 1 1.41421
256 7 1 2.64575
257 9 1 3
258 7 1 2.64575
259 11 1 3.31662
260 5 1 2.23607
261 4 1 2
262 6 1 2.44949
263 17 1 4.12311
264 6 1 2.44949
265 13 1 3.60555
266 5 1 2.23607
267 5 1 2.23607
268 12 1 3.4641
269 8 1 2.82843
270 9 1 3
271 8 1 2.82843
272 5 1 2.23607
273 8 1 2.82843
274 8 1 2.82843
275 8 1 2.82843
276 4 1 2
277 4 1 2
278 8 1 2.82843
279 9 1 3
280 8 1 2.82843
281 5 1 2.23607
282 4 1 2
283 6 1 2.44949
284 6 1 2.44949
285 10 1 3.16228
286 1 1 1
287 4 1 2
288 3 1 1.73205
289 4 1 2
290 4 1 2
291 6 1 2.44949
292 2 1 1.41421
293 5 1 2.23607
294 6 1 2.44949
295 4 1 2
296 6 1 2.44949
297 5 1 2.23607
298 6 1 2.44949
299 8 1 2.82843
300 6 1 2.44949
301 5 1 2.23607
302 4 1 2
303 4 1 2
304 4 1 2
305 4 1 2
306 3 1 1.73205
307 5 1 2.23607
308 9 1 3
309 4 1 2
310 4 1 2
311 2 1 1.41421
312 5 1 2.23607
313 6 1 2.44949
314 5 1 2.23607
315 5 1 2.23607
316 8 1 2.82843
317 6 1 2.44949
318 4 1 2
319 3 1 1.73205
320 6 1 2.44949
321 8 1 2.82843
322 4 1 2
323 0 1 0
324 2 1 1.41421
325 4 1 2
326 3 1 1.73205
327 2 1 1.41421
328 4 1 2
329 3 1 1.73205
330 2 1 1.41421
331 3 1 1.73205
332 2 1 1.41421
333 3 1 1.73205
334 2 1 1.41421
335 3 1 1.73205
336 1 1 1
337 4 1 2
338 4 1 2
339 5 1 2.23607
340 2 1 1.41421
341 4 1 2
342 2 1 1.41421
343 7 1 2.64575
344 5 1 2.23607
345 3 1 1.73205
346 2 1 1.41421
347 6 1 2.44949
348 3 1 1.73205
349 2 1 1.41421
350 2 1 1.41421
351 1 1 1
352 7 1 2.64575
353 2 1 1.41421
354 6 1 2.44949
355 2 1 1.41421
356 1 1 1
357 5 1 2.23607
358 4 1 2
359 3 1 1.73205
360 0 1 0
361 1 1 1
362 3 1 1.73205
363 3 1 1.73205
364 3 1 1.73205
365 3 1 1.73205
366 1 1 1
367 2 1 1.41421
368 3 1 1.73205
369 4 1 2
370 1 1 1
371 2 1 1.41421
372 4 1 2
373 3 1 1.73205
374 5 1 2.23607
375 0 1 0
376 6 1 2.44949
377 3 1 1.73205
378 0 1 0
379 2 1 1.41421
380 0 1 0
381 1 1 1
382 3 1 1.73205
383 3 1 1.73205
384 1 1 1
385 3 1 1.73205
386 2 1 1.41421
387 2 1 1.41421
388 2 1 1.41421
389 5 1 2.23607
390 1 1 1
391 2 1 1.41421
392 4 1 2
393 1 1 1
394 3 1 1.73205
395 2 1 1.41421
396 2 1 1.41421
397 1 1 1
398 5 1 2.23607
399 0 1 0
400 1 1 1
401 1 1 1
402 2 1 1.41421
403 0 1 0
404 2 1 1.41421
405 0 1 0
406 0 1 0
407 1 1 1
408 0 1 0
409 0 1 0
410 2 1 1.41421
411 2 1 1.41421
412 1 1 1
413 2 1 1.41421
414 4 1 2
415 0 1 0
416 2 1 1.41421
417 1 1 1
418 0 1 0
419 1 1 1
420 0 1 0
421 2 1 1.41421
422 1 1 1
423 0 1 0
424 3 1 1.73205
425 4 1 2
426 3 1 1.73205
427 3 1 1.73205
428 1 1 1
429 0 1 0
430 0 1 0
431 2 1 1.41421
432 0 1 0
433 1 1 1
434 3 1 1.73205
435 5 1 2.23607
436 0 1 0
437 2 1 1.41421
438 0 1 0
439 3 1 1.73205
440 0 1 0
441 2 1 1.41421
442 2 1 1.41421
443 2 1 1.41421
444 4 1 2
445 2 1 1.41421
446 0 1 0
447 1 1 1
448 1 1 1
449 2 1 1.41421
450 1 1 1
451 2 1 1.41421
452 0 1 0
453 1 1 1
454 0 1 0
455 0 1 0
456 0 1 0
457 2 1 1.41421
458 4 1 2
459 1 1 1
460 2 1 1.41421
461 2 1 1.41421
462 0 1 0
463 4 1 2
464 1 1 1
465 1 1 1
466 3 1 1.73205
467 0 1 0
468 1 1 1
469 0 1 0
470 0 1 0
471 2 1 1.41421
472 1 1 1
473 1 1 1
474 3 1 1.73205
475 1 1 1
476 2 1 1.41421
477 1 1 1
478 1 1 1
479 1 1 1
480 1 1 1
481 0 1 0
482 0 1 0
483 2 1 1.41421
484 0 1 0
485 0 1 0
486 0 1 0
487 0 1 0
488 3 1 1.73205
489 1 1 1
490 0 1 0
491 1 1 1
492 0 1 0
493 1 1 1
494 1 1 1
495 0 1 0
496 2 1 1.41421
497 1 1 1
498 1 1 1
499 0 1 0
500 1 1 1
501 1 1 1
502 3 1 1.73205
503 0 1 0
504 1 1 1
505 0 1 0
506 2 1 1.41421
507 0 1 0
508 1 1 1
509 1 1 1
510 0 1 0
511 1 1 1
512 3 1 1.73205
513 1 1 1
514 0 1 0
515 1 1 1
516 0 1 0
517 2 1 1.41421
518 1 1 1
519 0 1 0
520 2 1 1.41421
521 1 1 1
522 1 1 1
523 1 1 1
524 0 1 0
525 0 1 0
526 0 1 0
527 0 1 0
528 2 1 1.41421
529 2 1 1.41421
530 0 1 0
531 1 1 1
532 3 1 1.73205
533 1 1 1
534 1 1 1
535 1 1 1
536 1 1 1
537 0 1 0
538 0 1 0
539 1 1 1
540 0 1 0
541 1 1 1
542 0 1 0
543 0 1 0
544 0 1 0
545 0 1 0
546 2 1 1.41421
547 0 1 0
548 1 1 1
549 0 1 0
550 1 1 1
551 1 1 1
552 1 1 1
553 0 1 0
554 1 1 1
555 0 1 0
556 0 1 0
557 0 1 0
558 0 1 0
559 0 1 0
560 1 1 1
561 1 1 1
562 0 1 0
563 1 1 1
564 3 1 1.73205
565 1 1 1
566 1 1 1
567 1 1 1
568 0 1 0
569 1 1 1
570 0 1 0
571 0 1 0
572 0 1 0
573 0 1 0
574 1 1 1
575 1 1 1
576 0 1 0
577 0 1 0
578 1 1 1
579 0 1 0
580 0 1 0
581 0 1 0
582 1 1 1
583 0 1 0
584 1 1 1
585 0 1 0
586 0 1 0
587 1 1 1
588 1 1 1
589 0 1 0
590 0 1 0
591 0 1 0
592 1 1 1
593 2 1 1.41421
594 0 1 0
595 0 1 0
596 0 1 0
597 1 1 1
598 0 1 0
599 0 1 0
600 0 1 0
601 1 1 1
602 0 1 0
603 0 1 0
604 1 1 1
605 2 1 1.41421
606 0 1 0
607 1 1 1
608 0 1 0
609 0 1 0
610 0 1 0
611 0 1 0
612 0 1 0
613 0 1 0
614 0 1 0
615 1 1 1
616 1 1 1
617 0 1 0
618 0 1 0
619 0 1 0
620 0 1 0
621 1 1 1
622 0 1 0
623 0 1 0
624 0 1 0
625 0 1 0
626 0 1 0
627 0 1 0
628 0 1 0
629 0 1 0
630 1 1 1
631 1 1 1
632 0 1 0
633 1 1 1
634 1 1 1
635 0 1 0
636 0 1 0
637 0 1 0
638 1 1 1
639 1 1 1
640 0 1 0
641 0 1 0
642 0 1 0
643 0 1 0
644 1 1 1
645 0 1 0
646 2 1 1.41421
647 1 1 1
648 0 1 0
649 0 1 0
650 0 1 0
651 1 1 1
652 1 1 1
653 0 1 0
654 1 1 1
655 0 1 0
656 0 1 0
657 0 1 0
658 2 1 1.41421
659 1 1 1
660 0 1 0
661 1 1 1
662 0 1 0
663 0 1 0
664 0 1 0
665 0 1 0
666 0 1 0
667 1 1 1
668 0 1 0
669 0 1 0
670 0 1 0
671 2 1 1.41421
672 0 1 0
673 0 1 0
674 0 1 0
675 0 1 0
676 0 1 0
677 0 1 0
678 0 1 0
679 0 1 0
680 1 1 1
681 1 1 1
682 0 1 0
683 0 1 0
684 1 1 1
685 0 1 0
686 0 1 0
687 1 1 1
688 0 1 0
689 0 1 0
690 0 1 0
691 0 1 0
692 1 1 1
693 0 1 0
694 0 1 0
695 0 1 0
696 1 1 1
697 1 1 1
698 0 1 0
699 1 1 1
700 1 1 1
701 1 1 1
702 0 1 0
703 0 1 0
704 0 1 0
705 0 1 0
706 0 1 0
707 0 1 0
708 0 1 0
709 0 1 0
710 2 1 1.41421
711 0 1 0
712 2 1 1.41421
713 0 1 0
714 0 1 0
715 0 1 0
716 0 1 0
717 0 1 0
718 0 1 0
719 0 1 0
720 0 1 0
721 1 1 1
722 0 1 0
723 0 1 0
724 1 1 1
725 1 1 1
726 0 1 0
727 0 1 0
728 0 1 0
729 0 1 0
730 0 1 0
731 0 1 0
732 0 1 0
733 0 1 0
734 1 1 1
735 0 1 0
736 0 1 0
737 0 1 0
738 0 1 0
739 1 1 1
740 0 1 0
741 0 1 0
742 0 1 0
743 2 1 1.41421
744 1 1 1
745 0 1 0
746 2 1 1.41421
747 0 1 0
748 1 1 1
749 0 1 0
750 0 1 0
751 0 1 0
752 0 1 0
753 2 1 1.41421
754 0 1 0
755 0 1 0
756 0 1 0
757 0 1 0
758 0 1 0
759 0 1 0
760 0 1 0
761 0 1 0
762 0 1 0
763 1 1 1
764 0 1 0
765 0 1 0
766 0 1 0
767 1 1 1
768 0 1 0
769 1 1 1
770 0 1 0
771 1 1 1
772 0 1 0
773 0 1 0
774 0 1 0
775 0 1 0
776 0 1 0
777 0 1 0
778 0 1 0
779 0 1 0
780 2 1 1.41421
781 0 1 0
782 1 1 1
783 0 1 0
784 0 1 0
785 0 1 0
786 1 1 1
787 0 1 0
788 0 1 0
789 0 1 0
790 0 1 0
791 0 1 0
792 0 1 0
793 0 1 0
794 0 1 0
795 0 1 0
796 0 1 0
797 0 1 0
798 0 1 0
799 0 1 0
800 0 1 0
801 0 1 0
802 1 1 1
803 0 1 0
804 0 1 0
805 0 1 0
806 1 1 1
807 0 1 0
808 1 1 1
809 0 1 0
810 1 1 1
811 0 1 0
812 1 1 1
813 0 1 0
814 0 1 0
815 0 1 0
816 0 1 0
817 0 1 0
818 0 1 0
819 0 1 0
820 0 1 0
821 1 1 1
822 1 1 1
823 0 1 0
824 0 1 0
825 0 1 0
826 0 1 0
827 0 1 0
828 0 1 0
829 0 1 0
830 0 1 0
831 0 1 0
832 0 1 0
833 1 1 1
834 1 1 1
835 2 1 1.41421
836 0 1 0
837 1 1 1
838 1 1 1
839 0 1 0
840 0 1 0
841 0 1 0
842 0 1 0
843 0 1 0
844 0 1 0
845 0 1 0
846 0 1 0
847 0 1 0
848 0 1 0
849 1 1 1
850 1 1 1
851 0 1 0
852 1 1 1
853 0 1 0
854 0 1 0
855 0 1 0
856 0 1 0
857 0 1 0
858 0 1 0
859 0 1 0
860 0 1 0
861 0 1 0
862 0 1 0
863 0 1 0
864 0 1 0
865 0 1 0
866 1 1 1
867 0 1 0
868 0 1 0
869 0 1 0
870 0 1 0
871 1 1 1
872 0 1 0
873 0 1 0
874 0 1 0
875 0 1 0
876 0 1 0
877 0 1 0
878 0 1 0
879 0 1 0
880 1 1 1
881 0 1 0
882 0 1 0
883 0 1 0
884 0 1 0
885 1 1 1
886 0 1 0
887 0 1 0
888 2 1 1.41421
889 0 1 0
890 0 1 0
891 1 1 1
892 0 1 0
893 0 1 0
894 1 1 1
895 0 1 0
896 0 1 0
897 0 1 0
898 0 1 0
899 0 1 0
900 0 1 0
901 0 1 0
902 0 1 0
903 0 1 0
904 0 1 0
905 0 1 0
906 1 1 1
907 0 1 0
908 0 1 0
909 0 1 0
910 0 1 0
911 0 1 0
912 0 1 0
913 0 1 0
914 0 1 0
915 0 1 0
916 0 1 0
917 0 1 0
918 0 1 0
919 0 1 0
920 0 1 0
921 0 1 0
922 0 1 0
923 0 1 0
924 0 1 0
925 0 1 0
926 1 1 1
927 0 1 0
928 1 1 1
929 0 1 0
930 0 1 0
931 0 1 0
932 0 1 0
933 0 1 0
934 0 1 0
935 0 1 0
936 0 1 0
937 0 1 0
938 2 1 1.41421
939 0 1 0
940 0 1 0
941 0 1 0
942 0 1 0
943 0 1 0
944 0 1 0
945 0 1 0
946 0 1 0
947 0 1 0
948 0 1 0
949 0 1 0
950 1 1 1
951 0 1 0
952 0 1 0
953 0 1 0
954 0 1 0
955 0 1 0
956 0 1 0
957 0 1 0
958 0 1 0
959 0 1 0
960 1 1 1
961 1 1 1
962 0 1 0
963 0 1 0
964 1 1 1
965 0 1 0
966 0 1 0
967 0 1 0
968 0 1 0
969 0 1 0
970 0 1 0
971 0 1 0
972 0 1 0
973 0 1 0
974 1 1 1
975 0 1 0
976 0 1 0
977 0 1 0
978 0 1 0
979 0 1 0
980 0 1 0
981 0 1 0
982 0 1 0
983 0 1 0
984 0 1 0
985 0 1 0
986 1 1 1
987 0 1 0
988 0 1 0
989 0 1 0
990 0 1 0
991 0 1 0
992 0 1 0
993 1 1 1
994 0 1 0
995 0 1 0
996 1 1 1
997 0 1 0
998 0 1 0
999 0 1 0
1000 0 1 0
1001 0 1 0
1002 0 1 0
1003 0 1 0
1004 0 1 0
1005 0 1 0
1006 1 1 1
1007 0 1 0
1008 0 1 0
1009 0 1 0
1010 1 1 1
1011 0 1 0
1012 0 1 0
1013 0 1 0
1014 0 1 0
1015 1 1 1
1016 0 1 0
1017 0 1 0
1018 0 1 0
1019 0 1 0
1020 0 1 0
1021 0 1 0
1022 0 1 0
1023 0 1 0
1024 0 1 0
1025 0 1 0
1026 0 1 0
1027 0 1 0
1028 0 1 0
1029 0 1 0
1030 0 1 0
1031 0 1 0
1032 0 1 0
1033 0 1 0
1034 0 1 0
1035 0 1 0
1036 0 1 0
1037 0 1 0
1038 0 1 0
1039 0 1 0
1040 0 1 0
1041 0 1 0
1042 0 1 0
1043 0 1 0
1044 0 1 0
1045 0 1 0
1046 0 1 0
1047 0 1 0
1048 0 1 0
1049 0 1 0
1050 1 1 1
1051 0 1 0
1052 0 1 0
1053 1 1 1
1054 0 1 0
1055 0 1 0
1056 0 1 0
1057 0 1 0
1058 0 1 0
1059 0 1 0
1060 0 1 0
1061 0 1 0
1062 0 1 0
1063 1 1 1
1064 0 1 0
1065 0 1 0
1066 1 1 1
1067 1 1 1
1068 0 1 0
1069 0 1 0
1070 0 1 0
1071 0 1 0
1072 0 1 0
1073 0 1 0
1074 0 1 0
1075 0 1 0
1076 0 1 0
1077 0 1 0
1078 0 1 0
1079 1 1 1
1080 0 1 0
1081 0 1 0
1082 0 1 0
1083 0 1 0
1084 0 1 0
1085 0 1 0
1086 0 1 0
1087 0 1 0
1088 0 1 0
1089 0 1 0
1090 0 1 0
1091 0 1 0
1092 0 1 0
1093 0 1 0
1094 0 1 0
1095 0 1 0
1096 0 1 0
1097 0 1 0
1098 0 1 0
1099 0 1 0
1100 0 1 0
1101 0 1 0
1102 1 1 1
1103 0 1 0
1104 0 1 0
1105 0 1 0
1106 0 1 0
1107 0 1 0
1108 1 1 1
1109 0 1 0
1110 0 1 0
1111 0 1 0
1112 0 1 0
1113 0 1 0
1114 0 1 0
1115 0 1 0
1116 0 1 0
1117 0 1 0
1118 0 1 0
1119 1 1 1
1120 0 1 0
1121 0 1 0
1122 0 1 0
1123 0 1 0
1124 0 1 0
1125 0 1 0
1126 0 1 0
1127 0 1 0
1128 0 1 0
1129 0 1 0
1130 0 1 0
1131 0 1 0
1132 0 1 0
1133 0 1 0
1134 0 1 0
1135 0 1 0
1136 0 1 0
1137 1 1 1
1138 0 1 0
1139 0 1 0
1140 1 1 1
1141 0 1 0
1142 0 1 0
1143 0 1 0
1144 0 1 0
1145 0 1 0
1146 0 1 0
1147 0 1 0
1148 0 1 0
1149 0 1 0
1150 0 1 0
1151 0 1 0
1152 0 1 0
1153 0 1 0
1154 0 1 0
1155 0 1 0
1156 0 1 0
1157 0 1 0
1158 0 1 0
1159 0 1 0
1160 0 1 0
1161 0 1 0
1162 0 1 0
1163 0 1 0
1164 0 1 0
1165 0 1 0
1166 0 1 0
1167 0 1 0
1168 0 1 0
1169 0 1 0
1170 0 1 0
1171 0 1 0
1172 0 1 0
1173 0 1 0
1174 0 1 0
1175 0 1 0
1176 0 1 0
1177 0 1 0
1178 0 1 0
1179 0 1 0
1180 0 1 0
1181 0 1 0
1182 0 1 0
1183 0 1 0
1184 0 1 0
1185 0 1 0
1186 0 1 0
1187 2 1 1.41421
1188 1 1 1
1189 0 1 0
1190 0 1 0
1191 0 1 0
1192 1 1 1
1193 0 1 0
1194 0 1 0
1195 0 1 0
1196 0 1 0
1197 0 1 0
1198 0 1 0
1199 0 1 0
1200 0 1 0
1201 0 1 0
1202 1 1 1
1203 1 1 1
1204 0 1 0
1205 0 1 0
1206 0 1 0
1207 0 1 0
1208 0 1 0
1209 0 1 0
1210 0 1 0
1211 0 1 0
1212 0 1 0
1213 0 1 0
1214 0 1 0
1215 0 1 0
1216 0 1 0
1217 0 1 0
1218 0 1 0
1219 0 1 0
1220 0 1 0
1221 0 1 0
1222 1 1 1
1223 0 1 0
1224 0 1 0
1225 0 1 0
1226 0 1 0
1227 0 1 0
1228 0 1 0
1229 0 1 0
1230 0 1 0
1231 0 1 0
1232 0 1 0
1233 0 1 0
1234 0 1 0
1235 0 1 0
1236 0 1 0
1237 0 1 0
1238 0 1 0
1239 0 1 0
1240 0 1 0
1241 0 1 0
1242 0 1 0
1243 0 1 0
1244 0 1 0
1245 0 1 0
1246 0 1 0
1247 0 1 0
1248 0 1 0
1249 0 1 0
1250 0 1 0
1251 0 1 0
1252 0 1 0
1253 0 1 0
1254 0 1 0
1255 0 1 0
1256 0 1 0
1257 0 1 0
1258 0 1 0
1259 0 1 0
1260 0 1 0
1261 0 1 0
1262 0 1 0
1263 0 1 0
1264 0 1 0
1265 0 1 0
1266 0 1 0
1267 0 1 0
1268 0 1 0
1269 0 1 0
1270 0 1 0
1271 1 1 1
1272 0 1 0
1273 0 1 0
1274 0 1 0
1275 0 1 0
1276 0 1 0
1277 1 1 1
1278 0 1 0
1279 0 1 0
1280 0 1 0
1281 0 1 0
1282 0 1 0
1283 0 1 0
1284 0 1 0
1285 1 1 1
1286 1 1 1
1287 0 1 0
1288 0 1 0
1289 0 1 0
1290 0 1 0
1291 0 1 0
1292 0 1 0
1293 0 1 0
1294 0 1 0
1295 0 1 0
1296 0 1 0
1297 0 1 0
1298 0 1 0
1299 0 1 0
1300 0 1 0
1301 0 1 0
1302 0 1 0
1303 0 1 0
1304 0 1 0
1305 0 1 0
1306 0 1 0
1307 0 1 0
1308 0 1 0
1309 0 1 0
1310 0 1 0
1311 1 1 1
1312 0 1 0
1313 0 1 0
1314 0 1 0
1315 0 1 0
1316 0 1 0
1317 0 1 0
1318 0 1 0
1319 0 1 0
1320 0 1 0
1321 0 1 0
1322 1 1 1
1323 0 1 0
1324 0 1 0
1325 0 1 0
1326 1 1 1
1327 0 1 0
1328 0 1 0
1329 0 1 0
1330 0 1 0
1331 0 1 0
1332 0 1 0
1333 0 1 0
1334 0 1 0
1335 0 1 0
1336 0 1 0
1337 0 1 0
1338 0 1 0
1339 0 1 0
1340 0 1 0
1341 0 1 0
1342 0 1 0
1343 0 1 0
1344 0 1 0
1345 0 1 0
1346 0 1 0
1347 0 1 0
1348 0 1 0
1349 0 1 0
1350 0 1 0
1351 0 1 0
1352 0 1 0
1353 0 1 0
1354 0 1 0
1355 0 1 0
1356 0 1 0
1357 0 1 0
1358 0 1 0
1359 0 1 0
1360 0 1 0
1361 0 1 0
1362 0 1 0
1363 0 1 0
1364 0 1 0
1365 0 1 0
1366 0 1 0
1367 0 1 0
1368 0 1 0
1369 0 1 0
1370 0 1 0
1371 0 1 0
1372 0 1 0
1373 0 1 0
1374 0 1 0
1375 0 1 0
1376 0 1 0
1377 0 1 0
1378 0 1 0
1379 0 1 0
1380 0 1 0
1381 0 1 0
1382 0 1 0
1383 0 1 0
1384 0 1 0
1385 0 1 0
1386 0 1 0
1387 0 1 0
1388 0 1 0
1389 0 1 0
1390 0 1 0
1391 0 1 0
1392 0 1 0
1393 1 1 1
1394 0 1 0
1395 0 1 0
1396 0 1 0
1397 0 1 0
1398 0 1 0
1399 0 1 0
1400 0 1 0
1401 0 1 0
1402 0 1 0
1403 0 1 0
1404 0 1 0
1405 0 1 0
1406 1 1 1
1407 0 1 0
1408 0 1 0
1409 0 1 0
1410 0 1 0
1411 0 1 0
1412 0 1 0
1413 0 1 0
1414 0 1 0
1415 0 1 0
1416 0 1 0
1417 0 1 0
1418 0 1 0
1419 0 1 0
1420 0 1 0
1421 0 1 0
1422 0 1 0
1423 0 1 0
1424 0 1 0
1425 0 1 0
1426 0 1 0
1427 0 1 0
1428 1 1 1
1429 0 1 0
1430 0 1 0
1431 1 1 1
1432 0 1 0
1433 0 1 0
1434 0 1 0
1435 0 1 0
1436 0 1 0
1437 0 1 0
1438 0 1 0
1439 1 1 1
1440 0 1 0
1441 0 1 0
1442 0 1 0
1443 0 1 0
1444 0 1 0
1445 0 1 0
1446 0 1 0
1447 0 1 0
1448 0 1 0
1449 0 1 0
1450 0 1 0
1451 0 1 0
1452 0 1 0
1453 0 1 0
1454 0 1 0
1455 0 1 0
1456 0 1 0
1457 0 1 0
1458 0 1 0
1459 0 1 0
1460 0 1 0
1461 0 1 0
1462 0 1 0
1463 0 1 0
1464 0 1 0
1465 0 1 0
1466 0 1 0
1467 0 1 0
1468 0 1 0
1469 0 1 0
1470 0 1 0
1471 0 1 0
1472 0 1 0
1473 0 1 0
1474 0 1 0
1475 0 1 0
1476 0 1 0
1477 0 1 0
1478 0 1 0
1479 0 1 0
1480 0 1 0
1481 0 1 0
1482 0 1 0
1483 0 1 0
1484 0 1 0
1485 0 1 0
1486 0 1 0
1487 0 1 0
1488 0 1 0
1489 0 1 0
1490 0 1 0
1491 0 1 0
1492 0 1 0
1493 0 1 0
1494 0 1 0
1495 0 1 0
1496 0 1 0
1497 0 1 0
1498 0 1 0
1499 0 1 0
1500 0 1 0
1501 0 1 0
1502 0 1 0
1503 0 1 0
1504 0 1 0
1505 0 1 0
1506 0 1 0
1507 0 1 0
1508 0 1 0
1509 0 1 0
1510 0 1 0
1511 0 1 0
1512 0 1 0
1513 0 1 0
1514 0 1 0
1515 0 1 0
1516 0 1 0
1517 0 1 0
1518 0 1 0
1519 0 1 0
1520 0 1 0
1521 0 1 0
1522 0 1 0
1523 0 1 0
1524 0 1 0
1525 1 1 1
1526 0 1 0
1527 0 1 0
1528 0 1 0
1529 0 1 0
1530 0 1 0
1531 0 1 0
1532 0 1 0
1533 0 1 0
1534 0 1 0
1535 0 1 0
1536 0 1 0
1537 0 1 0
1538 0 1 0
1539 0 1 0
1540 0 1 0
1541 0 1 0
1542 0 1 0
1543 0 1 0
1544 0 1 0
1545 0 1 0
1546 0 1 0
1547 0 1 0
1548 0 1 0
1549 0 1 0
1550 0 1 0
1551 0 1 0
1552 0 1 0
1553 0 1 0
1554 0 1 0
1555 0 1 0
1556 0 1 0
1557 0 1 0
1558 0 1 0
1559 0 1 0
1560 0 1 0
1561 0 1 0
1562 0 1 0
1563 0 1 0
1564 0 1 0
1565 0 1 0
1566 0 1 0
1567 0 1 0
1568 0 1 0
1569 0 1 0
1570 0 1 0
1571 0 1 0
1572 0 1 0
1573 0 1 0
1574 0 1 0
1575 0 1 0
1576 0 1 0
1577 0 1 0
1578 0 1 0
1579 0 1 0
1580 0 1 0
1581 0 1 0
1582 0 1 0
1583 0 1 0
1584 0 1 0
1585 0 1 0
1586 0 1 0
1587 0 1 0
1588 0 1 0
1589 0 1 0
1590 0 1 0
1591 0 1 0
1592 1 1 1
1593 0 1 0
1594 0 1 0
1595 0 1 0
1596 0 1 0
1597 0 1 0
1598 0 1 0
1599 0 1 0
1600 0 1 0
1601 0 1 0
1602 0 1 0
1603 0 1 0
1604 0 1 0
1605 0 1 0
1606 0 1 0
1607 0 1 0
1608 0 1 0
1609 0 1 0
1610 0 1 0
1611 0 1 0
1612 0 1 0
1613 0 1 0
1614 0 1 0
1615 0 1 0
1616 0 1 0
1617 0 1 0
1618 0 1 0
1619 0 1 0
1620 0 1 0
1621 0 1 0
1622 0 1 0
1623 0 1 0
1624 0 1 0
1625 0 1 0
1626 0 1 0
1627 0 1 0
1628 0 1 0
1629 0 1 0
1630 0 1 0
1631 0 1 0
1632 0 1 0
1633 0 1 0
1634 0 1 0
1635 0 1 0
1636 0 1 0
1637 0 1 0
1638 0 1 0
1639 0 1 0
1640 0 1 0
1641 0 1 0
1642 0 1 0
1643 0 1 0
1644 0 1 0
1645 0 1 0
1646 0 1 0
1647 0 1 0
1648 0 1 0
1649 0 1 0
1650 0 1 0
1651 0 1 0
1652 0 1 0
1653 0 1 0
1654 0 1 0
1655 0 1 0
1656 0 1 0
1657 1 1 1
1658 0 1 0
1659 0 1 0
1660 0 1 0
1661 0 1 0
1662 0 1 0
1663 0 1 0
1664 0 1 0
1665 0 1 0
1666 0 1 0
1667 0 1 0
1668 0 1 0
1669 0 1 0
1670 0 1 0
1671 0 1 0
1672 0 1 0
1673 0 1 0
1674 0 1 0
1675 0 1 0
1676 0 1 0
1677 0 1 0
1678 0 1 0
1679 0 1 0
1680 0 1 0
1681 0 1 0
1682 0 1 0
1683 0 1 0
1684 0 1 0
1685 0 1 0
1686 0 1 0
1687 0 1 0
1688 0 1 0
1689 0 1 0
1690 0 1 0
1691 0 1 0
1692 0 1 0
1693 0 1 0
1694 0 1 0
1695 0 1 0
1696 0 1 0
1697 0 1 0
1698 0 1 0
1699 0 1 0
1700 0 1 0
1701 0 1 0
1702 0 1 0
1703 0 1 0
1704 0 1 0
1705 0 1 0
1706 0 1 0
1707 0 1 0
1708 0 1 0
1709 0 1 0
1710 0 1 0
1711 0 1 0
1712 0 1 0
1713 0 1 0
1714 0 1 0
1715 0 1 0
1716 0 1 0
1717 0 1 0
1718 1 1 1
1719 0 1 0
1720 0 1 0
1721 0 1 0
1722 0 1 0
1723 0 1 0
1724 0 1 0
1725 0 1 0
1726 0 1 0
1727 0 1 0
1728 0 1 0
1729 0 1 0
1730 0 1 0
1731 0 1 0
1732 0 1 0
1733 0 1 0
1734 0 1 0
1735 0 1 0
1736 0 1 0
1737 0 1 0
1738 0 1 0
1739 0 1 0
1740 0 1 0
1741 1 1 1
1742 0 1 0
1743 0 1 0
1744 0 1 0
1745 0 1 0
1746 0 1 0
1747 0 1 0
1748 0 1 0
1749 0 1 0
1750 0 1 0
1751 0 1 0
1752 0 1 0
1753 1 1 1
1754 0 1 0
1755 0 1 0
1756 0 1 0
1757 0 1 0
1758 0 1 0
1759 0 1 0
1760 0 1 0
1761 0 1 0
1762 0 1 0
1763 0 1 0
1764 0 1 0
1765 0 1 0
1766 0 1 0
1767 0 1 0
1768 0 1 0
1769 0 1 0
1770 0 1 0
1771 0 1 0
1772 0 1 0
1773 0 1 0
1774 0 1 0
1775 0 1 0
1776 1 1 1
1777 0 1 0
1778 0 1 0
1779 0 1 0
1780 0 1 0
1781 0 1 0
1782 0 1 0
1783 0 1 0
1784 0 1 0
1785 0 1 0
1786 0 1 0
1787 0 1 0
1788 0 1 0
1789 0 1 0
1790 0 1 0
1791 0 1 0
1792 1 1 1
1793 0 1 0
1794 0 1 0
1795 0 1 0
1796 0 1 0
1797 0 1 0
1798 0 1 0
1799 0 1 0
