0 0 0.08 0
0.08 0 0.08 0
0.16 0 0.08 0
0.24 0 0.08 0
0.32 0 0.08 0
0.4 1 0.08 1
0.48 0 0.08 0
0.56 3 0.08 1.73205
0.64 1 0.08 1
0.72 5 0.08 2.23607
0.8 4 0.08 2
0.88 8 0.08 2.82843
0.96 46 0.08 6.78233
1.04 117 0.08 10.8167
1.12 545 0.08 23.3452
1.2 2610 0.08 51.0882
1.28 7040 0.08 83.9047
1.36 13370 0.08 115.629
1.44 19324 0.08 139.011
1.52 23283 0.08 152.588
1.6 25254 0.08 158.915
1.68 24416 0.08 156.256
1.76 22369 0.08 149.563
1.84 19613 0.08 140.046
1.92 17500 0.08 132.288
2 15126 0.08 122.988
2.08 12951 0.08 113.802
2.16 11182 0.08 105.745
2.24 9527 0.08 97.6064
2.32 7967 0.08 89.2581
2.4 6963 0.08 83.4446
2.48 5891 0.08 76.7529
2.56 4785 0.08 69.1737
2.64 4309 0.08 65.643
2.72 3549 0.08 59.5735
2.8 2941 0.08 54.231
2.88 2573 0.08 50.7247
2.96 2018 0.08 44.9222
3.04 1736 0.08 41.6653
3.12 1445 0.08 38.0132
3.2 1174 0.08 34.2637
3.28 1106 0.08 33.2566
3.36 843 0.08 29.0345
3.44 696 0.08 26.3818
3.52 608 0.08 24.6577
3.6 475 0.08 21.7945
3.68 396 0.08 19.8997
3.76 325 0.08 18.0278
3.84 296 0.08 17.2047
3.92 238 0.08 15.4272
4 169 0.08 13
4.08 159 0.08 12.6095
4.16 114 0.08 10.6771
4.24 93 0.08 9.64365
4.32 69 0.08 8.30662
4.4 50 0.08 7.07107
4.48 48 0.08 6.9282
4.56 39 0.08 6.245
4.64 50 0.08 7.07107
4.72 27 0.08 5.19615
4.8 14 0.08 3.74166
4.88 18 0.08 4.24264
4.96 10 0.08 3.16228
5.04 4 0.08 2
5.12 3 0.08 1.73205
5.2 1 0.08 1
5.28 2 0.08 1.41421
5.36 0 0.08 0
5.44 0 0.08 0
5.52 0 0.08 0
5.6 0 0.08 0
5.68 0 0.08 0
5.76 0 0.08 0
5.84 0 0.08 0
5.92 0 0.08 0
6 0 0.08 0
6.08 0 0.08 0
6.16 0 0.08 0
6.24 0 0.08 0
6.32 0 0.08 0
6.4 0 0.08 0
6.48 0 0.08 0
6.56 0 0.08 0
6.64 0 0.08 0
6.72 0 0.08 0
6.8 0 0.08 0
6.88 0 0.08 0
6.96 0 0.08 0
7.04 0 0.08 0
7.12 0 0.08 0
7.2 0 0.08 0
7.28 0 0.08 0
7.36 0 0.08 0
7.44 0 0.08 0
7.52 0 0.08 0
7.6 0 0.08 0
7.68 0 0.08 0
7.76 0 0.08 0
7.84 0 0.08 0
7.92 0 0.08 0
