0 0 0.08 0
0.08 0 0.08 0
0.16 0 0.08 0
0.24 0 0.08 0
0.32 0 0.08 0
0.4 0 0.08 0
0.48 1 0.08 1
0.56 1 0.08 1
0.64 2 0.08 1.41421
0.72 11 0.08 3.31662
0.8 32 0.08 5.65685
0.88 43 0.08 6.55744
0.96 50 0.08 7.07107
1.04 75 0.08 8.66025
1.12 207 0.08 14.3875
1.2 699 0.08 26.4386
1.28 2682 0.08 51.788
1.36 8466 0.08 92.0109
1.44 19644 0.08 140.157
1.52 29965 0.08 173.104
1.6 34334 0.08 185.294
1.68 34013 0.08 184.426
1.76 31870 0.08 178.522
1.84 28612 0.08 169.151
1.92 25165 0.08 158.635
2 22164 0.08 148.876
2.08 19246 0.08 138.73
2.16 16749 0.08 129.418
2.24 14465 0.08 120.271
2.32 12633 0.08 112.397
2.4 10735 0.08 103.61
2.48 9199 0.08 95.9114
2.56 8003 0.08 89.4595
2.64 6918 0.08 83.1745
2.72 5753 0.08 75.8485
2.8 4847 0.08 69.6204
2.88 4182 0.08 64.6684
2.96 3663 0.08 60.5227
3.04 3016 0.08 54.9181
3.12 2712 0.08 52.0769
3.2 2205 0.08 46.9574
3.28 1803 0.08 42.4617
3.36 1669 0.08 40.8534
3.44 1290 0.08 35.9166
3.52 970 0.08 31.1448
3.6 805 0.08 28.3725
3.68 614 0.08 24.779
3.76 494 0.08 22.2261
3.84 322 0.08 17.9444
3.92 246 0.08 15.6844
4 171 0.08 13.0767
4.08 162 0.08 12.7279
4.16 103 0.08 10.1489
4.24 51 0.08 7.14143
4.32 34 0.08 5.83095
4.4 39 0.08 6.245
4.48 23 0.08 4.79583
4.56 17 0.08 4.12311
4.64 7 0.08 2.64575
4.72 9 0.08 3
4.8 1 0.08 1
4.88 1 0.08 1
4.96 0 0.08 0
5.04 0 0.08 0
5.12 0 0.08 0
5.2 0 0.08 0
5.28 0 0.08 0
5.36 0 0.08 0
5.44 0 0.08 0
5.52 0 0.08 0
5.6 0 0.08 0
5.68 0 0.08 0
5.76 0 0.08 0
5.84 0 0.08 0
5.92 0 0.08 0
6 0 0.08 0
6.08 0 0.08 0
6.16 0 0.08 0
6.24 0 0.08 0
6.32 0 0.08 0
6.4 0 0.08 0
6.48 0 0.08 0
6.56 0 0.08 0
6.64 0 0.08 0
6.72 0 0.08 0
6.8 0 0.08 0
6.88 0 0.08 0
6.96 0 0.08 0
7.04 0 0.08 0
7.12 0 0.08 0
7.2 0 0.08 0
7.28 0 0.08 0
7.36 0 0.08 0
7.44 0 0.08 0
7.52 0 0.08 0
7.6 0 0.08 0
7.68 0 0.08 0
7.76 0 0.08 0
7.84 0 0.08 0
7.92 0 0.08 0
