0 5.91343e+06 0.01 2431.75
0.01 18 0.01 4.24264
0.02 982 0.01 31.3369
0.03 5276 0.01 72.6361
0.04 13459 0.01 116.013
0.05 29274 0.01 171.096
0.06 44886 0.01 211.863
0.07 52006 0.01 228.048
0.08 50978 0.01 225.783
0.09 45059 0.01 212.271
0.1 35720 0.01 188.997
0.11 25713 0.01 160.353
0.12 16953 0.01 130.204
0.13 10513 0.01 102.533
0.14 6296 0.01 79.3473
0.15 4058 0.01 63.7024
0.16 2547 0.01 50.4678
0.17 1728 0.01 41.5692
0.18 1175 0.01 34.2783
0.19 823 0.01 28.688
0.2 580 0.01 24.0832
0.21 445 0.01 21.095
0.22 343 0.01 18.5203
0.23 271 0.01 16.4621
0.24 203 0.01 14.2478
0.25 202 0.01 14.2127
0.26 154 0.01 12.4097
0.27 124 0.01 11.1355
0.28 107 0.01 10.3441
0.29 73 0.01 8.544
0.3 89 0.01 9.43398
0.31 55 0.01 7.4162
0.32 61 0.01 7.81025
0.33 38 0.01 6.16441
0.34 43 0.01 6.55744
0.35 28 0.01 5.2915
0.36 28 0.01 5.2915
0.37 25 0.01 5
0.38 18 0.01 4.24264
0.39 22 0.01 4.69042
0.4 19 0.01 4.3589
0.41 18 0.01 4.24264
0.42 19 0.01 4.3589
0.43 12 0.01 3.4641
0.44 16 0.01 4
0.45 10 0.01 3.16228
0.46 9 0.01 3
0.47 15 0.01 3.87298
0.48 7 0.01 2.64575
0.49 9 0.01 3
0.5 5 0.01 2.23607
0.51 5 0.01 2.23607
0.52 7 0.01 2.64575
0.53 5 0.01 2.23607
0.54 4 0.01 2
0.55 5 0.01 2.23607
0.56 7 0.01 2.64575
0.57 5 0.01 2.23607
0.58 2 0.01 1.41421
0.59 3 0.01 1.73205
0.6 4 0.01 2
0.61 2 0.01 1.41421
0.62 5 0.01 2.23607
0.63 1 0.01 1
0.64 3 0.01 1.73205
0.65 0 0.01 0
0.66 5 0.01 2.23607
0.67 4 0.01 2
0.68 1 0.01 1
0.69 1 0.01 1
0.7 2 0.01 1.41421
0.71 0 0.01 0
0.72 1 0.01 1
0.73 1 0.01 1
0.74 0 0.01 0
0.75 0 0.01 0
0.76 0 0.01 0
0.77 0 0.01 0
0.78 1 0.01 1
0.79 2 0.01 1.41421
0.8 0 0.01 0
0.81 0 0.01 0
0.82 1 0.01 1
0.83 0 0.01 0
0.84 0 0.01 0
0.85 0 0.01 0
0.86 0 0.01 0
0.87 0 0.01 0
0.88 0 0.01 0
0.89 1 0.01 1
0.9 1 0.01 1
0.91 2 0.01 1.41421
0.92 0 0.01 0
0.93 0 0.01 0
0.94 0 0.01 0
0.95 0 0.01 0
0.96 0 0.01 0
0.97 0 0.01 0
0.98 0 0.01 0
0.99 0 0.01 0
1 0 0.01 0
1.01 0 0.01 0
1.02 0 0.01 0
1.03 0 0.01 0
1.04 0 0.01 0
1.05 0 0.01 0
1.06 0 0.01 0
1.07 0 0.01 0
1.08 0 0.01 0
1.09 0 0.01 0
1.1 0 0.01 0
1.11 0 0.01 0
1.12 0 0.01 0
1.13 0 0.01 0
1.14 0 0.01 0
1.15 0 0.01 0
1.16 0 0.01 0
1.17 0 0.01 0
1.18 0 0.01 0
1.19 0 0.01 0
1.2 0 0.01 0
1.21 0 0.01 0
1.22 0 0.01 0
1.23 0 0.01 0
1.24 0 0.01 0
1.25 0 0.01 0
1.26 0 0.01 0
1.27 0 0.01 0
1.28 0 0.01 0
1.29 0 0.01 0
1.3 0 0.01 0
1.31 0 0.01 0
1.32 0 0.01 0
1.33 0 0.01 0
1.34 0 0.01 0
1.35 0 0.01 0
1.36 0 0.01 0
1.37 0 0.01 0
1.38 0 0.01 0
1.39 0 0.01 0
1.4 0 0.01 0
1.41 0 0.01 0
1.42 0 0.01 0
1.43 0 0.01 0
1.44 0 0.01 0
1.45 0 0.01 0
1.46 0 0.01 0
1.47 0 0.01 0
1.48 0 0.01 0
1.49 0 0.01 0
1.5 0 0.01 0
1.51 0 0.01 0
1.52 0 0.01 0
1.53 0 0.01 0
1.54 0 0.01 0
1.55 0 0.01 0
1.56 0 0.01 0
1.57 0 0.01 0
1.58 0 0.01 0
1.59 0 0.01 0
1.6 0 0.01 0
1.61 0 0.01 0
1.62 0 0.01 0
1.63 0 0.01 0
1.64 0 0.01 0
1.65 0 0.01 0
1.66 0 0.01 0
1.67 0 0.01 0
1.68 0 0.01 0
1.69 0 0.01 0
