0 5.8655e+06 0.01 2421.88
0.01 7 0.01 2.64575
0.02 843 0.01 29.0345
0.03 6522 0.01 80.7589
0.04 16854 0.01 129.823
0.05 35976 0.01 189.673
0.06 54456 0.01 233.358
0.07 59731 0.01 244.399
0.08 56816 0.01 238.361
0.09 49488 0.01 222.459
0.1 38727 0.01 196.792
0.11 28239 0.01 168.045
0.12 18266 0.01 135.152
0.13 11227 0.01 105.958
0.14 6666 0.01 81.6456
0.15 3697 0.01 60.803
0.16 2378 0.01 48.7647
0.17 1544 0.01 39.2938
0.18 1182 0.01 34.3802
0.19 827 0.01 28.7576
0.2 731 0.01 27.037
0.21 575 0.01 23.9792
0.22 459 0.01 21.4243
0.23 383 0.01 19.5704
0.24 318 0.01 17.8326
0.25 296 0.01 17.2047
0.26 250 0.01 15.8114
0.27 214 0.01 14.6287
0.28 186 0.01 13.6382
0.29 162 0.01 12.7279
0.3 172 0.01 13.1149
0.31 118 0.01 10.8628
0.32 104 0.01 10.198
0.33 102 0.01 10.0995
0.34 84 0.01 9.16515
0.35 77 0.01 8.77496
0.36 67 0.01 8.18535
0.37 55 0.01 7.4162
0.38 65 0.01 8.06226
0.39 47 0.01 6.85565
0.4 48 0.01 6.9282
0.41 43 0.01 6.55744
0.42 33 0.01 5.74456
0.43 35 0.01 5.91608
0.44 36 0.01 6
0.45 31 0.01 5.56776
0.46 29 0.01 5.38516
0.47 22 0.01 4.69042
0.48 21 0.01 4.58258
0.49 19 0.01 4.3589
0.5 25 0.01 5
0.51 23 0.01 4.79583
0.52 14 0.01 3.74166
0.53 12 0.01 3.4641
0.54 9 0.01 3
0.55 7 0.01 2.64575
0.56 11 0.01 3.31662
0.57 15 0.01 3.87298
0.58 6 0.01 2.44949
0.59 13 0.01 3.60555
0.6 4 0.01 2
0.61 6 0.01 2.44949
0.62 12 0.01 3.4641
0.63 4 0.01 2
0.64 11 0.01 3.31662
0.65 2 0.01 1.41421
0.66 6 0.01 2.44949
0.67 4 0.01 2
0.68 5 0.01 2.23607
0.69 8 0.01 2.82843
0.7 8 0.01 2.82843
0.71 2 0.01 1.41421
0.72 1 0.01 1
0.73 6 0.01 2.44949
0.74 2 0.01 1.41421
0.75 1 0.01 1
0.76 6 0.01 2.44949
0.77 4 0.01 2
0.78 3 0.01 1.73205
0.79 3 0.01 1.73205
0.8 0 0.01 0
0.81 6 0.01 2.44949
0.82 3 0.01 1.73205
0.83 2 0.01 1.41421
0.84 5 0.01 2.23607
0.85 0 0.01 0
0.86 1 0.01 1
0.87 2 0.01 1.41421
0.88 2 0.01 1.41421
0.89 4 0.01 2
0.9 0 0.01 0
0.91 1 0.01 1
0.92 1 0.01 1
0.93 1 0.01 1
0.94 3 0.01 1.73205
0.95 0 0.01 0
0.96 1 0.01 1
0.97 2 0.01 1.41421
0.98 2 0.01 1.41421
0.99 2 0.01 1.41421
1 2 0.01 1.41421
1.01 0 0.01 0
1.02 0 0.01 0
1.03 1 0.01 1
1.04 1 0.01 1
1.05 2 0.01 1.41421
1.06 0 0.01 0
1.07 1 0.01 1
1.08 0 0.01 0
1.09 0 0.01 0
1.1 1 0.01 1
1.11 0 0.01 0
1.12 0 0.01 0
1.13 0 0.01 0
1.14 1 0.01 1
1.15 0 0.01 0
1.16 0 0.01 0
1.17 1 0.01 1
1.18 0 0.01 0
1.19 0 0.01 0
1.2 0 0.01 0
1.21 0 0.01 0
1.22 0 0.01 0
1.23 0 0.01 0
1.24 0 0.01 0
1.25 0 0.01 0
1.26 0 0.01 0
1.27 1 0.01 1
1.28 0 0.01 0
1.29 0 0.01 0
1.3 1 0.01 1
1.31 0 0.01 0
1.32 1 0.01 1
1.33 1 0.01 1
1.34 0 0.01 0
1.35 1 0.01 1
1.36 0 0.01 0
1.37 0 0.01 0
1.38 0 0.01 0
1.39 1 0.01 1
1.4 0 0.01 0
1.41 0 0.01 0
1.42 0 0.01 0
1.43 0 0.01 0
1.44 0 0.01 0
1.45 0 0.01 0
1.46 0 0.01 0
1.47 0 0.01 0
1.48 0 0.01 0
1.49 0 0.01 0
1.5 0 0.01 0
1.51 0 0.01 0
1.52 0 0.01 0
1.53 1 0.01 1
1.54 0 0.01 0
1.55 0 0.01 0
1.56 0 0.01 0
1.57 0 0.01 0
1.58 0 0.01 0
1.59 0 0.01 0
1.6 0 0.01 0
1.61 0 0.01 0
1.62 0 0.01 0
1.63 0 0.01 0
1.64 0 0.01 0
1.65 0 0.01 0
1.66 0 0.01 0
1.67 0 0.01 0
1.68 0 0.01 0
1.69 0 0.01 0
