0 1.67772e+07 0.01 4885.21
0.01 15 0.01 3.87298
0.02 729 0.01 27
0.03 3087 0.01 55.5608
0.04 8589 0.01 92.6769
0.05 17805 0.01 133.435
0.06 28820 0.01 169.765
0.07 36241 0.01 190.371
0.08 38388 0.01 195.929
0.09 36770 0.01 191.755
0.1 30766 0.01 175.402
0.11 23365 0.01 152.856
0.12 16489 0.01 128.41
0.13 11048 0.01 105.109
0.14 6905 0.01 83.0963
0.15 4457 0.01 66.7608
0.16 2889 0.01 53.7494
0.17 1900 0.01 43.589
0.18 1310 0.01 36.1939
0.19 938 0.01 30.6268
0.2 644 0.01 25.3772
0.21 487 0.01 22.0681
0.22 399 0.01 19.975
0.23 272 0.01 16.4924
0.24 242 0.01 15.5563
0.25 185 0.01 13.6015
0.26 159 0.01 12.6095
0.27 135 0.01 11.619
0.28 118 0.01 10.8628
0.29 106 0.01 10.2956
0.3 84 0.01 9.16515
0.31 77 0.01 8.77496
0.32 68 0.01 8.24621
0.33 56 0.01 7.48331
0.34 60 0.01 7.74597
0.35 41 0.01 6.40312
0.36 40 0.01 6.32456
0.37 29 0.01 5.38516
0.38 23 0.01 4.79583
0.39 47 0.01 6.85565
0.4 28 0.01 5.2915
0.41 29 0.01 5.38516
0.42 25 0.01 5
0.43 19 0.01 4.3589
0.44 24 0.01 4.89898
0.45 25 0.01 5
0.46 17 0.01 4.12311
0.47 15 0.01 3.87298
0.48 14 0.01 3.74166
0.49 17 0.01 4.12311
0.5 7 0.01 2.64575
0.51 7 0.01 2.64575
0.52 7 0.01 2.64575
0.53 8 0.01 2.82843
0.54 9 0.01 3
0.55 10 0.01 3.16228
0.56 1 0.01 1
0.57 1 0.01 1
0.58 5 0.01 2.23607
0.59 6 0.01 2.44949
0.6 1 0.01 1
0.61 2 0.01 1.41421
0.62 1 0.01 1
0.63 3 0.01 1.73205
0.64 1 0.01 1
0.65 4 0.01 2
0.66 1 0.01 1
0.67 3 0.01 1.73205
0.68 2 0.01 1.41421
0.69 2 0.01 1.41421
0.7 2 0.01 1.41421
0.71 0 0.01 0
0.72 2 0.01 1.41421
0.73 0 0.01 0
0.74 0 0.01 0
0.75 0 0.01 0
0.76 1 0.01 1
0.77 0 0.01 0
0.78 1 0.01 1
0.79 1 0.01 1
0.8 0 0.01 0
0.81 0 0.01 0
0.82 1 0.01 1
0.83 0 0.01 0
0.84 0 0.01 0
0.85 0 0.01 0
0.86 0 0.01 0
0.87 0 0.01 0
0.88 0 0.01 0
0.89 0 0.01 0
0.9 0 0.01 0
0.91 0 0.01 0
0.92 0 0.01 0
0.93 0 0.01 0
0.94 0 0.01 0
0.95 0 0.01 0
0.96 0 0.01 0
0.97 0 0.01 0
0.98 0 0.01 0
0.99 0 0.01 0
1 0 0.01 0
1.01 0 0.01 0
1.02 0 0.01 0
1.03 0 0.01 0
1.04 0 0.01 0
1.05 0 0.01 0
1.06 0 0.01 0
1.07 0 0.01 0
1.08 0 0.01 0
1.09 0 0.01 0
1.1 0 0.01 0
1.11 0 0.01 0
1.12 0 0.01 0
1.13 0 0.01 0
1.14 0 0.01 0
1.15 0 0.01 0
1.16 0 0.01 0
1.17 0 0.01 0
1.18 0 0.01 0
1.19 0 0.01 0
1.2 0 0.01 0
1.21 0 0.01 0
1.22 0 0.01 0
1.23 0 0.01 0
1.24 0 0.01 0
1.25 0 0.01 0
1.26 0 0.01 0
1.27 0 0.01 0
1.28 0 0.01 0
1.29 0 0.01 0
1.3 0 0.01 0
1.31 0 0.01 0
1.32 0 0.01 0
1.33 0 0.01 0
1.34 0 0.01 0
1.35 0 0.01 0
1.36 0 0.01 0
1.37 0 0.01 0
1.38 0 0.01 0
1.39 0 0.01 0
1.4 0 0.01 0
1.41 0 0.01 0
1.42 0 0.01 0
1.43 0 0.01 0
1.44 0 0.01 0
1.45 0 0.01 0
1.46 0 0.01 0
1.47 0 0.01 0
1.48 0 0.01 0
1.49 0 0.01 0
1.5 0 0.01 0
1.51 0 0.01 0
1.52 0 0.01 0
1.53 0 0.01 0
1.54 0 0.01 0
1.55 0 0.01 0
1.56 0 0.01 0
1.57 0 0.01 0
1.58 0 0.01 0
1.59 0 0.01 0
1.6 0 0.01 0
1.61 0 0.01 0
1.62 0 0.01 0
1.63 0 0.01 0
1.64 0 0.01 0
1.65 0 0.01 0
1.66 0 0.01 0
1.67 0 0.01 0
1.68 0 0.01 0
1.69 0 0.01 0
