0 1.31032e+06 0.01 1144.69
0.01 1143 0.01 33.8083
0.02 15479 0.01 124.415
0.03 59252 0.01 243.417
0.04 73896 0.01 271.838
0.05 66901 0.01 258.652
0.06 52053 0.01 228.151
0.07 37466 0.01 193.561
0.08 24483 0.01 156.47
0.09 14786 0.01 121.598
0.1 8363 0.01 91.4494
0.11 4973 0.01 70.5195
0.12 3052 0.01 55.2449
0.13 1989 0.01 44.5982
0.14 1390 0.01 37.2827
0.15 1028 0.01 32.0624
0.16 758 0.01 27.5318
0.17 533 0.01 23.0868
0.18 455 0.01 21.3307
0.19 337 0.01 18.3576
0.2 313 0.01 17.6918
0.21 208 0.01 14.4222
0.22 185 0.01 13.6015
0.23 170 0.01 13.0384
0.24 151 0.01 12.2882
0.25 90 0.01 9.48683
0.26 91 0.01 9.53939
0.27 65 0.01 8.06226
0.28 80 0.01 8.94427
0.29 53 0.01 7.28011
0.3 51 0.01 7.14143
0.31 50 0.01 7.07107
0.32 44 0.01 6.63325
0.33 44 0.01 6.63325
0.34 38 0.01 6.16441
0.35 31 0.01 5.56776
0.36 23 0.01 4.79583
0.37 24 0.01 4.89898
0.38 21 0.01 4.58258
0.39 9 0.01 3
0.4 15 0.01 3.87298
0.41 14 0.01 3.74166
0.42 9 0.01 3
0.43 12 0.01 3.4641
0.44 8 0.01 2.82843
0.45 7 0.01 2.64575
0.46 11 0.01 3.31662
0.47 7 0.01 2.64575
0.48 12 0.01 3.4641
0.49 7 0.01 2.64575
0.5 6 0.01 2.44949
0.51 8 0.01 2.82843
0.52 5 0.01 2.23607
0.53 8 0.01 2.82843
0.54 8 0.01 2.82843
0.55 6 0.01 2.44949
0.56 5 0.01 2.23607
0.57 3 0.01 1.73205
0.58 5 0.01 2.23607
0.59 1 0.01 1
0.6 3 0.01 1.73205
0.61 6 0.01 2.44949
0.62 2 0.01 1.41421
0.63 3 0.01 1.73205
0.64 2 0.01 1.41421
0.65 0 0.01 0
0.66 1 0.01 1
0.67 1 0.01 1
0.68 2 0.01 1.41421
0.69 3 0.01 1.73205
0.7 0 0.01 0
0.71 0 0.01 0
0.72 0 0.01 0
0.73 0 0.01 0
0.74 2 0.01 1.41421
0.75 4 0.01 2
0.76 1 0.01 1
0.77 1 0.01 1
0.78 0 0.01 0
0.79 0 0.01 0
0.8 0 0.01 0
0.81 0 0.01 0
0.82 1 0.01 1
0.83 0 0.01 0
0.84 0 0.01 0
0.85 1 0.01 1
0.86 0 0.01 0
0.87 0 0.01 0
0.88 0 0.01 0
0.89 0 0.01 0
0.9 0 0.01 0
0.91 0 0.01 0
0.92 0 0.01 0
0.93 0 0.01 0
0.94 0 0.01 0
0.95 0 0.01 0
0.96 0 0.01 0
0.97 0 0.01 0
0.98 0 0.01 0
0.99 0 0.01 0
1 0 0.01 0
1.01 0 0.01 0
1.02 0 0.01 0
1.03 0 0.01 0
1.04 0 0.01 0
1.05 0 0.01 0
1.06 0 0.01 0
1.07 0 0.01 0
1.08 0 0.01 0
1.09 0 0.01 0
1.1 0 0.01 0
1.11 0 0.01 0
1.12 0 0.01 0
1.13 0 0.01 0
1.14 0 0.01 0
1.15 0 0.01 0
1.16 0 0.01 0
1.17 0 0.01 0
1.18 0 0.01 0
1.19 0 0.01 0
1.2 0 0.01 0
1.21 0 0.01 0
1.22 0 0.01 0
1.23 0 0.01 0
1.24 0 0.01 0
1.25 0 0.01 0
1.26 0 0.01 0
1.27 0 0.01 0
1.28 0 0.01 0
1.29 0 0.01 0
1.3 0 0.01 0
1.31 0 0.01 0
1.32 0 0.01 0
1.33 0 0.01 0
1.34 0 0.01 0
1.35 0 0.01 0
1.36 0 0.01 0
1.37 0 0.01 0
1.38 0 0.01 0
1.39 0 0.01 0
1.4 0 0.01 0
1.41 0 0.01 0
1.42 0 0.01 0
1.43 0 0.01 0
1.44 0 0.01 0
1.45 0 0.01 0
1.46 0 0.01 0
1.47 0 0.01 0
1.48 0 0.01 0
1.49 0 0.01 0
1.5 0 0.01 0
1.51 0 0.01 0
1.52 0 0.01 0
1.53 0 0.01 0
1.54 0 0.01 0
1.55 0 0.01 0
1.56 0 0.01 0
1.57 0 0.01 0
1.58 0 0.01 0
1.59 0 0.01 0
1.6 0 0.01 0
1.61 0 0.01 0
1.62 0 0.01 0
1.63 0 0.01 0
1.64 0 0.01 0
1.65 0 0.01 0
1.66 0 0.01 0
1.67 0 0.01 0
1.68 0 0.01 0
1.69 0 0.01 0
