0 0 0.005
0.005 0 0.005
0.01 0 0.005
0.015 0 0.005
0.02 0 0.005
0.025 0 0.005
0.03 0 0.005
0.035 0 0.005
0.04 1 0.005
0.045 3 0.005
0.05 6 0.005
0.055 16 0.005
0.06 44 0.005
0.065 143 0.005
0.07 474 0.005
0.075 1069 0.005
0.08 1065 0.005
0.085 1603 0.005
0.09 1951 0.005
0.095 2113 0.005
0.1 2075 0.005
0.105 2104 0.005
0.11 1954 0.005
0.115 1805 0.005
0.12 1725 0.005
0.125 1747 0.005
0.13 1665 0.005
0.135 1672 0.005
0.14 1590 0.005
0.145 1576 0.005
0.15 1567 0.005
0.155 1575 0.005
0.16 1466 0.005
0.165 1493 0.005
0.17 1423 0.005
0.175 1390 0.005
0.18 1370 0.005
0.185 1356 0.005
0.19 1380 0.005
0.195 1287 0.005
0.2 1307 0.005
0.205 1264 0.005
0.21 1303 0.005
0.215 1232 0.005
0.22 1200 0.005
0.225 1200 0.005
0.23 1162 0.005
0.235 1100 0.005
0.24 1111 0.005
0.245 1109 0.005
0.25 993 0.005
0.255 1053 0.005
0.26 986 0.005
0.265 1006 0.005
0.27 1045 0.005
0.275 981 0.005
0.28 1004 0.005
0.285 963 0.005
0.29 871 0.005
0.295 971 0.005
0.3 927 0.005
0.305 907 0.005
0.31 925 0.005
0.315 879 0.005
0.32 848 0.005
0.325 921 0.005
0.33 880 0.005
0.335 814 0.005
0.34 872 0.005
0.345 830 0.005
0.35 853 0.005
0.355 796 0.005
0.36 814 0.005
0.365 774 0.005
0.37 807 0.005
0.375 822 0.005
0.38 797 0.005
0.385 803 0.005
0.39 739 0.005
0.395 718 0.005
0.4 728 0.005
0.405 775 0.005
0.41 727 0.005
0.415 745 0.005
0.42 718 0.005
0.425 655 0.005
0.43 732 0.005
0.435 676 0.005
0.44 691 0.005
0.445 675 0.005
0.45 637 0.005
0.455 652 0.005
0.46 649 0.005
0.465 663 0.005
0.47 638 0.005
0.475 635 0.005
0.48 626 0.005
0.485 594 0.005
0.49 569 0.005
0.495 573 0.005
0.5 585 0.005
0.505 558 0.005
0.51 583 0.005
0.515 498 0.005
0.52 522 0.005
0.525 532 0.005
0.53 469 0.005
0.535 484 0.005
0.54 509 0.005
0.545 509 0.005
0.55 491 0.005
0.555 464 0.005
0.56 449 0.005
0.565 447 0.005
0.57 408 0.005
0.575 457 0.005
0.58 414 0.005
0.585 397 0.005
0.59 446 0.005
0.595 386 0.005
0.6 417 0.005
0.605 431 0.005
0.61 384 0.005
0.615 386 0.005
0.62 376 0.005
0.625 359 0.005
0.63 357 0.005
0.635 358 0.005
0.64 355 0.005
0.645 345 0.005
0.65 345 0.005
0.655 344 0.005
0.66 311 0.005
0.665 306 0.005
0.67 338 0.005
0.675 332 0.005
0.68 315 0.005
0.685 299 0.005
0.69 316 0.005
0.695 280 0.005
0.7 282 0.005
0.705 313 0.005
0.71 287 0.005
0.715 299 0.005
0.72 316 0.005
0.725 284 0.005
0.73 278 0.005
0.735 291 0.005
0.74 265 0.005
0.745 275 0.005
0.75 247 0.005
0.755 245 0.005
0.76 286 0.005
0.765 223 0.005
0.77 229 0.005
0.775 225 0.005
0.78 236 0.005
0.785 194 0.005
0.79 224 0.005
0.795 211 0.005
0.8 238 0.005
0.805 216 0.005
0.81 227 0.005
0.815 215 0.005
0.82 218 0.005
0.825 220 0.005
0.83 205 0.005
0.835 233 0.005
0.84 176 0.005
0.845 224 0.005
0.85 198 0.005
0.855 224 0.005
0.86 225 0.005
0.865 168 0.005
0.87 188 0.005
0.875 191 0.005
0.88 196 0.005
0.885 153 0.005
0.89 185 0.005
0.895 173 0.005
0.9 175 0.005
0.905 173 0.005
0.91 164 0.005
0.915 156 0.005
0.92 142 0.005
0.925 143 0.005
0.93 162 0.005
0.935 171 0.005
0.94 156 0.005
0.945 161 0.005
0.95 139 0.005
0.955 138 0.005
0.96 144 0.005
0.965 143 0.005
0.97 133 0.005
0.975 160 0.005
0.98 162 0.005
0.985 126 0.005
0.99 140 0.005
0.995 130 0.005
