0 0 0.005
0.005 0 0.005
0.01 0 0.005
0.015 0 0.005
0.02 0 0.005
0.025 0 0.005
0.03 1 0.005
0.035 14 0.005
0.04 137 0.005
0.045 208 0.005
0.05 465 0.005
0.055 706 0.005
0.06 965 0.005
0.065 994 0.005
0.07 977 0.005
0.075 1079 0.005
0.08 1013 0.005
0.085 926 0.005
0.09 967 0.005
0.095 868 0.005
0.1 830 0.005
0.105 770 0.005
0.11 749 0.005
0.115 624 0.005
0.12 569 0.005
0.125 563 0.005
0.13 523 0.005
0.135 494 0.005
0.14 474 0.005
0.145 435 0.005
0.15 396 0.005
0.155 363 0.005
0.16 350 0.005
0.165 337 0.005
0.17 314 0.005
0.175 295 0.005
0.18 305 0.005
0.185 292 0.005
0.19 299 0.005
0.195 246 0.005
0.2 286 0.005
0.205 252 0.005
0.21 253 0.005
0.215 242 0.005
0.22 224 0.005
0.225 195 0.005
0.23 214 0.005
0.235 218 0.005
0.24 220 0.005
0.245 207 0.005
0.25 202 0.005
0.255 188 0.005
0.26 168 0.005
0.265 203 0.005
0.27 187 0.005
0.275 196 0.005
0.28 189 0.005
0.285 185 0.005
0.29 176 0.005
0.295 167 0.005
0.3 175 0.005
0.305 168 0.005
0.31 145 0.005
0.315 137 0.005
0.32 166 0.005
0.325 155 0.005
0.33 148 0.005
0.335 166 0.005
0.34 135 0.005
0.345 156 0.005
0.35 139 0.005
0.355 153 0.005
0.36 136 0.005
0.365 170 0.005
0.37 114 0.005
0.375 158 0.005
0.38 126 0.005
0.385 117 0.005
0.39 134 0.005
0.395 125 0.005
0.4 109 0.005
0.405 117 0.005
0.41 113 0.005
0.415 108 0.005
0.42 97 0.005
0.425 98 0.005
0.43 111 0.005
0.435 119 0.005
0.44 88 0.005
0.445 87 0.005
0.45 69 0.005
0.455 95 0.005
0.46 108 0.005
0.465 102 0.005
0.47 91 0.005
0.475 85 0.005
0.48 99 0.005
0.485 91 0.005
0.49 67 0.005
0.495 93 0.005
0.5 90 0.005
0.505 80 0.005
0.51 92 0.005
0.515 84 0.005
0.52 85 0.005
0.525 74 0.005
0.53 79 0.005
0.535 73 0.005
0.54 71 0.005
0.545 68 0.005
0.55 71 0.005
0.555 74 0.005
0.56 70 0.005
0.565 53 0.005
0.57 75 0.005
0.575 76 0.005
0.58 56 0.005
0.585 55 0.005
0.59 51 0.005
0.595 57 0.005
0.6 53 0.005
0.605 61 0.005
0.61 67 0.005
0.615 50 0.005
0.62 44 0.005
0.625 55 0.005
0.63 54 0.005
0.635 45 0.005
0.64 36 0.005
0.645 39 0.005
0.65 42 0.005
0.655 52 0.005
0.66 45 0.005
0.665 41 0.005
0.67 36 0.005
0.675 46 0.005
0.68 46 0.005
0.685 39 0.005
0.69 30 0.005
0.695 33 0.005
0.7 27 0.005
0.705 32 0.005
0.71 31 0.005
0.715 23 0.005
0.72 26 0.005
0.725 26 0.005
0.73 23 0.005
0.735 23 0.005
0.74 28 0.005
0.745 21 0.005
0.75 25 0.005
0.755 27 0.005
0.76 26 0.005
0.765 22 0.005
0.77 25 0.005
0.775 15 0.005
0.78 18 0.005
0.785 32 0.005
0.79 18 0.005
0.795 13 0.005
0.8 13 0.005
0.805 12 0.005
0.81 11 0.005
0.815 14 0.005
0.82 12 0.005
0.825 11 0.005
0.83 18 0.005
0.835 16 0.005
0.84 14 0.005
0.845 10 0.005
0.85 13 0.005
0.855 9 0.005
0.86 16 0.005
0.865 5 0.005
0.87 11 0.005
0.875 4 0.005
0.88 10 0.005
0.885 9 0.005
0.89 6 0.005
0.895 10 0.005
0.9 5 0.005
0.905 8 0.005
0.91 5 0.005
0.915 3 0.005
0.92 5 0.005
0.925 7 0.005
0.93 3 0.005
0.935 10 0.005
0.94 4 0.005
0.945 4 0.005
0.95 5 0.005
0.955 4 0.005
0.96 4 0.005
0.965 2 0.005
0.97 4 0.005
0.975 3 0.005
0.98 5 0.005
0.985 4 0.005
0.99 3 0.005
0.995 0 0.005
