0 0 0.005
0.005 0 0.005
0.01 0 0.005
0.015 0 0.005
0.02 0 0.005
0.025 0 0.005
0.03 0 0.005
0.035 0 0.005
0.04 0 0.005
0.045 0 0.005
0.05 0 0.005
0.055 0 0.005
0.06 0 0.005
0.065 1 0.005
0.07 0 0.005
0.075 2 0.005
0.08 1 0.005
0.085 7 0.005
0.09 12 0.005
0.095 23 0.005
0.1 92 0.005
0.105 92 0.005
0.11 88 0.005
0.115 152 0.005
0.12 174 0.005
0.125 189 0.005
0.13 236 0.005
0.135 285 0.005
0.14 256 0.005
0.145 293 0.005
0.15 294 0.005
0.155 361 0.005
0.16 345 0.005
0.165 422 0.005
0.17 402 0.005
0.175 451 0.005
0.18 437 0.005
0.185 496 0.005
0.19 533 0.005
0.195 556 0.005
0.2 535 0.005
0.205 547 0.005
0.21 576 0.005
0.215 641 0.005
0.22 647 0.005
0.225 620 0.005
0.23 664 0.005
0.235 686 0.005
0.24 687 0.005
0.245 704 0.005
0.25 670 0.005
0.255 674 0.005
0.26 717 0.005
0.265 672 0.005
0.27 669 0.005
0.275 679 0.005
0.28 730 0.005
0.285 685 0.005
0.29 694 0.005
0.295 705 0.005
0.3 648 0.005
0.305 687 0.005
0.31 622 0.005
0.315 642 0.005
0.32 654 0.005
0.325 673 0.005
0.33 651 0.005
0.335 643 0.005
0.34 614 0.005
0.345 621 0.005
0.35 602 0.005
0.355 575 0.005
0.36 592 0.005
0.365 652 0.005
0.37 578 0.005
0.375 566 0.005
0.38 579 0.005
0.385 578 0.005
0.39 575 0.005
0.395 570 0.005
0.4 570 0.005
0.405 543 0.005
0.41 551 0.005
0.415 546 0.005
0.42 562 0.005
0.425 498 0.005
0.43 492 0.005
0.435 477 0.005
0.44 502 0.005
0.445 467 0.005
0.45 494 0.005
0.455 485 0.005
0.46 491 0.005
0.465 459 0.005
0.47 431 0.005
0.475 464 0.005
0.48 456 0.005
0.485 410 0.005
0.49 442 0.005
0.495 431 0.005
0.5 411 0.005
0.505 393 0.005
0.51 410 0.005
0.515 401 0.005
0.52 398 0.005
0.525 397 0.005
0.53 361 0.005
0.535 377 0.005
0.54 348 0.005
0.545 347 0.005
0.55 367 0.005
0.555 360 0.005
0.56 356 0.005
0.565 357 0.005
0.57 354 0.005
0.575 334 0.005
0.58 331 0.005
0.585 334 0.005
0.59 332 0.005
0.595 316 0.005
0.6 320 0.005
0.605 342 0.005
0.61 337 0.005
0.615 287 0.005
0.62 309 0.005
0.625 295 0.005
0.63 292 0.005
0.635 288 0.005
0.64 273 0.005
0.645 277 0.005
0.65 274 0.005
0.655 241 0.005
0.66 267 0.005
0.665 276 0.005
0.67 243 0.005
0.675 240 0.005
0.68 248 0.005
0.685 277 0.005
0.69 256 0.005
0.695 260 0.005
0.7 232 0.005
0.705 227 0.005
0.71 228 0.005
0.715 214 0.005
0.72 211 0.005
0.725 221 0.005
0.73 236 0.005
0.735 226 0.005
0.74 207 0.005
0.745 202 0.005
0.75 224 0.005
0.755 212 0.005
0.76 228 0.005
0.765 212 0.005
0.77 190 0.005
0.775 182 0.005
0.78 209 0.005
0.785 196 0.005
0.79 200 0.005
0.795 152 0.005
0.8 177 0.005
0.805 159 0.005
0.81 179 0.005
0.815 158 0.005
0.82 180 0.005
0.825 175 0.005
0.83 160 0.005
0.835 158 0.005
0.84 154 0.005
0.845 170 0.005
0.85 136 0.005
0.855 147 0.005
0.86 146 0.005
0.865 131 0.005
0.87 160 0.005
0.875 169 0.005
0.88 155 0.005
0.885 143 0.005
0.89 129 0.005
0.895 131 0.005
0.9 149 0.005
0.905 153 0.005
0.91 152 0.005
0.915 154 0.005
0.92 125 0.005
0.925 153 0.005
0.93 120 0.005
0.935 130 0.005
0.94 131 0.005
0.945 111 0.005
0.95 134 0.005
0.955 119 0.005
0.96 133 0.005
0.965 123 0.005
0.97 105 0.005
0.975 108 0.005
0.98 108 0.005
0.985 116 0.005
0.99 127 0.005
0.995 116 0.005
