0 0 1
1 0 1
2 2 1
3 3 1
4 25 1
5 33 1
6 52 1
7 52 1
8 60 1
9 58 1
10 66 1
11 73 1
12 71 1
13 86 1
14 97 1
15 120 1
16 118 1
17 118 1
18 143 1
19 136 1
20 116 1
21 138 1
22 155 1
23 151 1
24 133 1
25 171 1
26 158 1
27 173 1
28 147 1
29 191 1
30 183 1
31 157 1
32 142 1
33 147 1
34 151 1
35 161 1
36 157 1
37 161 1
38 138 1
39 162 1
40 139 1
41 165 1
42 109 1
43 121 1
44 129 1
45 139 1
46 116 1
47 107 1
48 115 1
49 98 1
50 106 1
51 104 1
52 94 1
53 83 1
54 87 1
55 79 1
56 77 1
57 82 1
58 75 1
59 71 1
60 67 1
61 72 1
62 72 1
63 56 1
64 56 1
65 57 1
66 54 1
67 55 1
68 54 1
69 50 1
70 42 1
71 25 1
72 47 1
73 39 1
74 32 1
75 36 1
76 32 1
77 34 1
78 25 1
79 26 1
80 32 1
81 22 1
82 27 1
83 24 1
84 22 1
85 30 1
86 22 1
87 20 1
88 26 1
89 25 1
90 14 1
91 22 1
92 18 1
93 16 1
94 19 1
95 10 1
96 17 1
97 17 1
98 11 1
99 17 1
100 14 1
101 12 1
102 14 1
103 11 1
104 8 1
105 14 1
106 12 1
107 8 1
108 13 1
109 16 1
110 9 1
111 13 1
112 8 1
113 10 1
114 5 1
115 14 1
116 13 1
117 11 1
118 4 1
119 4 1
120 6 1
121 6 1
122 9 1
123 8 1
124 9 1
125 5 1
126 8 1
127 9 1
128 11 1
129 10 1
130 6 1
131 10 1
132 1 1
133 5 1
134 3 1
135 5 1
136 6 1
137 5 1
138 7 1
139 5 1
140 5 1
141 6 1
142 1 1
143 4 1
144 3 1
145 3 1
146 7 1
147 5 1
148 2 1
149 1 1
150 7 1
151 3 1
152 5 1
153 2 1
154 4 1
155 2 1
156 3 1
157 3 1
158 7 1
159 4 1
160 3 1
161 2 1
162 5 1
163 4 1
164 3 1
165 5 1
166 3 1
167 3 1
168 2 1
169 4 1
170 3 1
171 1 1
172 1 1
173 7 1
174 5 1
175 4 1
176 2 1
177 1 1
178 1 1
179 3 1
180 2 1
181 1 1
182 1 1
183 3 1
184 1 1
185 2 1
186 1 1
187 1 1
188 1 1
189 1 1
190 1 1
191 2 1
192 1 1
193 2 1
194 2 1
195 0 1
196 0 1
197 1 1
198 1 1
199 1 1
