0 0 1
1 0 1
2 11 1
3 56 1
4 773 1
5 1016 1
6 999 1
7 851 1
8 662 1
9 503 1
10 359 1
11 274 1
12 216 1
13 171 1
14 147 1
15 112 1
16 74 1
17 72 1
18 52 1
19 43 1
20 30 1
21 27 1
22 25 1
23 22 1
24 28 1
25 22 1
26 20 1
27 11 1
28 17 1
29 8 1
30 3 1
31 10 1
32 6 1
33 13 1
34 7 1
35 7 1
36 6 1
37 6 1
38 6 1
39 3 1
40 10 1
41 4 1
42 3 1
43 4 1
44 3 1
45 3 1
46 1 1
47 6 1
48 3 1
49 3 1
50 3 1
51 1 1
52 1 1
53 5 1
54 4 1
55 3 1
56 2 1
57 1 1
58 1 1
59 2 1
60 4 1
61 2 1
62 2 1
63 0 1
64 1 1
65 4 1
66 0 1
67 2 1
68 1 1
69 0 1
70 1 1
71 3 1
72 2 1
73 0 1
74 0 1
75 1 1
76 0 1
77 0 1
78 0 1
79 1 1
80 0 1
81 2 1
82 1 1
83 1 1
84 0 1
85 1 1
86 2 1
87 0 1
88 0 1
89 0 1
90 0 1
91 0 1
92 0 1
93 0 1
94 2 1
95 0 1
96 0 1
97 0 1
98 0 1
99 0 1
100 0 1
101 0 1
102 1 1
103 1 1
104 0 1
105 0 1
106 1 1
107 1 1
108 0 1
109 1 1
110 0 1
111 2 1
112 0 1
113 0 1
114 0 1
115 0 1
116 0 1
117 0 1
118 0 1
119 0 1
120 0 1
121 0 1
122 1 1
123 0 1
124 0 1
125 1 1
126 1 1
127 0 1
128 0 1
129 0 1
130 0 1
131 0 1
132 2 1
133 0 1
134 0 1
135 1 1
136 0 1
137 0 1
138 1 1
139 0 1
140 0 1
141 0 1
142 0 1
143 0 1
144 1 1
145 0 1
146 0 1
147 0 1
148 1 1
149 0 1
150 0 1
151 0 1
152 0 1
153 0 1
154 0 1
155 0 1
156 0 1
157 0 1
158 0 1
159 0 1
160 0 1
161 0 1
162 0 1
163 0 1
164 0 1
165 0 1
166 0 1
167 0 1
168 0 1
169 0 1
170 0 1
171 0 1
172 1 1
173 0 1
174 0 1
175 0 1
176 0 1
177 0 1
178 0 1
179 0 1
180 0 1
181 0 1
182 0 1
183 0 1
184 0 1
185 0 1
186 0 1
187 0 1
188 0 1
189 0 1
190 0 1
191 0 1
192 0 1
193 0 1
194 0 1
195 0 1
196 0 1
197 1 1
198 0 1
199 0 1
