0 0 1
1 0 1
2 71 1
3 164 1
4 2634 1
5 3697 1
6 3935 1
7 3641 1
8 3294 1
9 2674 1
10 2217 1
11 1807 1
12 1601 1
13 1286 1
14 1130 1
15 923 1
16 751 1
17 620 1
18 520 1
19 457 1
20 379 1
21 334 1
22 261 1
23 222 1
24 189 1
25 157 1
26 161 1
27 127 1
28 116 1
29 102 1
30 77 1
31 79 1
32 74 1
33 66 1
34 56 1
35 48 1
36 32 1
37 44 1
38 42 1
39 26 1
40 36 1
41 27 1
42 17 1
43 23 1
44 17 1
45 26 1
46 17 1
47 18 1
48 9 1
49 18 1
50 14 1
51 7 1
52 12 1
53 7 1
54 9 1
55 9 1
56 6 1
57 10 1
58 9 1
59 10 1
60 11 1
61 5 1
62 9 1
63 5 1
64 6 1
65 5 1
66 6 1
67 5 1
68 4 1
69 5 1
70 3 1
71 4 1
72 2 1
73 3 1
74 3 1
75 1 1
76 3 1
77 3 1
78 1 1
79 2 1
80 5 1
81 5 1
82 4 1
83 1 1
84 2 1
85 1 1
86 2 1
87 1 1
88 0 1
89 2 1
90 0 1
91 1 1
92 2 1
93 4 1
94 4 1
95 0 1
96 1 1
97 0 1
98 0 1
99 0 1
100 1 1
101 0 1
102 0 1
103 2 1
104 0 1
105 2 1
106 1 1
107 1 1
108 1 1
109 0 1
110 0 1
111 0 1
112 0 1
113 0 1
114 0 1
115 0 1
116 1 1
117 1 1
118 1 1
119 0 1
120 2 1
121 0 1
122 0 1
123 0 1
124 0 1
125 1 1
126 0 1
127 0 1
128 1 1
129 0 1
130 0 1
131 0 1
132 0 1
133 0 1
134 0 1
135 0 1
136 1 1
137 0 1
138 1 1
139 0 1
140 0 1
141 0 1
142 0 1
143 0 1
144 0 1
145 0 1
146 0 1
147 0 1
148 0 1
149 0 1
150 1 1
151 0 1
152 0 1
153 0 1
154 0 1
155 0 1
156 1 1
157 1 1
158 1 1
159 0 1
160 0 1
161 0 1
162 1 1
163 0 1
164 0 1
165 0 1
166 0 1
167 0 1
168 0 1
169 0 1
170 0 1
171 0 1
172 0 1
173 0 1
174 0 1
175 0 1
176 0 1
177 0 1
178 0 1
179 0 1
180 1 1
181 0 1
182 0 1
183 0 1
184 0 1
185 0 1
186 1 1
187 0 1
188 0 1
189 0 1
190 0 1
191 0 1
192 0 1
193 0 1
194 1 1
195 0 1
196 0 1
197 0 1
198 1 1
199 0 1
