0 0 1
1 0 1
2 101 1
3 269 1
4 3835 1
5 5406 1
6 5881 1
7 5620 1
8 5182 1
9 4442 1
10 3966 1
11 3411 1
12 3231 1
13 2795 1
14 2640 1
15 2251 1
16 2077 1
17 1898 1
18 1700 1
19 1607 1
20 1298 1
21 1305 1
22 1147 1
23 1090 1
24 986 1
25 903 1
26 910 1
27 803 1
28 724 1
29 717 1
30 661 1
31 624 1
32 576 1
33 525 1
34 505 1
35 469 1
36 405 1
37 453 1
38 397 1
39 399 1
40 339 1
41 373 1
42 266 1
43 276 1
44 277 1
45 288 1
46 244 1
47 253 1
48 236 1
49 223 1
50 213 1
51 194 1
52 197 1
53 177 1
54 185 1
55 173 1
56 149 1
57 162 1
58 153 1
59 140 1
60 155 1
61 143 1
62 145 1
63 112 1
64 107 1
65 109 1
66 97 1
67 110 1
68 101 1
69 98 1
70 83 1
71 70 1
72 93 1
73 83 1
74 74 1
75 70 1
76 59 1
77 67 1
78 55 1
79 61 1
80 62 1
81 53 1
82 63 1
83 55 1
84 53 1
85 47 1
86 51 1
87 42 1
88 42 1
89 44 1
90 28 1
91 43 1
92 42 1
93 35 1
94 37 1
95 22 1
96 35 1
97 29 1
98 24 1
99 31 1
100 32 1
101 26 1
102 30 1
103 31 1
104 21 1
105 35 1
106 33 1
107 21 1
108 18 1
109 30 1
110 20 1
111 25 1
112 21 1
113 20 1
114 21 1
115 19 1
116 20 1
117 22 1
118 14 1
119 11 1
120 22 1
121 19 1
122 17 1
123 17 1
124 17 1
125 19 1
126 16 1
127 16 1
128 21 1
129 13 1
130 16 1
131 16 1
132 8 1
133 13 1
134 8 1
135 11 1
136 19 1
137 13 1
138 12 1
139 10 1
140 10 1
141 15 1
142 8 1
143 8 1
144 9 1
145 9 1
146 10 1
147 8 1
148 5 1
149 4 1
150 14 1
151 5 1
152 8 1
153 7 1
154 10 1
155 5 1
156 8 1
157 9 1
158 12 1
159 5 1
160 10 1
161 7 1
162 7 1
163 10 1
164 8 1
165 12 1
166 6 1
167 7 1
168 3 1
169 6 1
170 7 1
171 2 1
172 4 1
173 10 1
174 8 1
175 5 1
176 6 1
177 4 1
178 2 1
179 7 1
180 8 1
181 3 1
182 3 1
183 4 1
184 3 1
185 2 1
186 7 1
187 1 1
188 2 1
189 4 1
190 5 1
191 3 1
192 4 1
193 3 1
194 6 1
195 3 1
196 1 1
197 2 1
198 4 1
199 4 1
