0 0 1
1 0 1
2 17 1
3 46 1
4 398 1
5 659 1
6 893 1
7 1072 1
8 1165 1
9 1204 1
10 1323 1
11 1256 1
12 1342 1
13 1248 1
14 1260 1
15 1095 1
16 1130 1
17 1078 1
18 976 1
19 962 1
20 770 1
21 801 1
22 697 1
23 680 1
24 631 1
25 544 1
26 561 1
27 481 1
28 432 1
29 406 1
30 377 1
31 373 1
32 346 1
33 288 1
34 286 1
35 237 1
36 196 1
37 229 1
38 194 1
39 188 1
40 146 1
41 163 1
42 127 1
43 122 1
44 116 1
45 112 1
46 95 1
47 105 1
48 97 1
49 87 1
50 75 1
51 67 1
52 74 1
53 71 1
54 71 1
55 63 1
56 51 1
57 50 1
58 52 1
59 41 1
60 55 1
61 48 1
62 52 1
63 31 1
64 27 1
65 32 1
66 20 1
67 30 1
68 21 1
69 21 1
70 24 1
71 19 1
72 26 1
73 23 1
74 21 1
75 13 1
76 13 1
77 14 1
78 14 1
79 14 1
80 13 1
81 7 1
82 17 1
83 16 1
84 17 1
85 4 1
86 10 1
87 11 1
88 9 1
89 8 1
90 4 1
91 9 1
92 9 1
93 7 1
94 7 1
95 5 1
96 3 1
97 4 1
98 5 1
99 4 1
100 3 1
101 6 1
102 5 1
103 7 1
104 2 1
105 10 1
106 8 1
107 2 1
108 2 1
109 5 1
110 5 1
111 5 1
112 6 1
113 5 1
114 5 1
115 2 1
116 2 1
117 3 1
118 2 1
119 4 1
120 4 1
121 4 1
122 1 1
123 1 1
124 3 1
125 4 1
126 1 1
127 2 1
128 3 1
129 1 1
130 3 1
131 0 1
132 1 1
133 3 1
134 0 1
135 1 1
136 6 1
137 2 1
138 0 1
139 2 1
140 0 1
141 1 1
142 2 1
143 1 1
144 1 1
145 3 1
146 1 1
147 0 1
148 0 1
149 1 1
150 1 1
151 0 1
152 0 1
153 1 1
154 4 1
155 1 1
156 0 1
157 1 1
158 2 1
159 0 1
160 0 1
161 0 1
162 0 1
163 2 1
164 1 1
165 2 1
166 2 1
167 1 1
168 0 1
169 0 1
170 0 1
171 0 1
172 0 1
173 0 1
174 2 1
175 0 1
176 1 1
177 0 1
178 0 1
179 2 1
180 2 1
181 0 1
182 1 1
183 0 1
184 0 1
185 0 1
186 1 1
187 0 1
188 0 1
189 0 1
190 0 1
191 0 1
192 1 1
193 0 1
194 0 1
195 1 1
196 0 1
197 0 1
198 0 1
199 0 1
