2 0 0.004
2.004 0 0.004
2.008 0 0.004
2.012 0 0.004
2.016 0 0.004
2.02 0 0.004
2.024 0 0.004
2.028 0 0.004
2.032 0 0.004
2.036 0 0.004
2.04 0 0.004
2.044 0 0.004
2.048 0 0.004
2.052 0 0.004
2.056 0 0.004
2.06 0 0.004
2.064 0 0.004
2.068 0 0.004
2.072 0 0.004
2.076 0 0.004
2.08 0 0.004
2.084 0 0.004
2.088 0 0.004
2.092 0 0.004
2.096 0 0.004
2.1 0 0.004
2.104 0 0.004
2.108 0 0.004
2.112 0 0.004
2.116 0 0.004
2.12 0 0.004
2.124 0 0.004
2.128 0 0.004
2.132 0 0.004
2.136 0 0.004
2.14 0 0.004
2.144 0 0.004
2.148 0 0.004
2.152 0 0.004
2.156 0 0.004
2.16 0 0.004
2.164 0 0.004
2.168 0 0.004
2.172 0 0.004
2.176 0 0.004
2.18 0 0.004
2.184 0 0.004
2.188 0 0.004
2.192 0 0.004
2.196 0 0.004
2.2 0 0.004
2.204 0 0.004
2.208 0 0.004
2.212 0 0.004
2.216 0 0.004
2.22 0 0.004
2.224 0 0.004
2.228 0 0.004
2.232 0 0.004
2.236 0 0.004
2.24 0 0.004
2.244 0 0.004
2.248 0 0.004
2.252 0 0.004
2.256 0 0.004
2.26 0 0.004
2.264 0 0.004
2.268 0 0.004
2.272 0 0.004
2.276 0 0.004
2.28 0 0.004
2.284 0 0.004
2.288 0 0.004
2.292 0 0.004
2.296 0 0.004
2.3 0 0.004
2.304 0 0.004
2.308 0 0.004
2.312 0 0.004
2.316 0 0.004
2.32 0 0.004
2.324 0 0.004
2.328 0 0.004
2.332 0 0.004
2.336 0 0.004
2.34 0 0.004
2.344 0 0.004
2.348 0 0.004
2.352 0 0.004
2.356 0 0.004
2.36 0 0.004
2.364 0 0.004
2.368 0 0.004
2.372 0 0.004
2.376 0 0.004
2.38 0 0.004
2.384 0 0.004
2.388 0 0.004
2.392 0 0.004
2.396 0 0.004
2.4 0 0.004
2.404 0 0.004
2.408 0 0.004
2.412 0 0.004
2.416 0 0.004
2.42 0 0.004
2.424 0 0.004
2.428 0 0.004
2.432 0 0.004
2.436 0 0.004
2.44 0 0.004
2.444 0 0.004
2.448 0 0.004
2.452 0 0.004
2.456 0 0.004
2.46 0 0.004
2.464 0 0.004
2.468 0 0.004
2.472 0 0.004
2.476 0 0.004
2.48 0 0.004
2.484 0 0.004
2.488 0 0.004
2.492 0 0.004
2.496 0 0.004
2.5 0 0.004
2.504 0 0.004
2.508 0 0.004
2.512 0 0.004
2.516 0 0.004
2.52 0 0.004
2.524 0 0.004
2.528 0 0.004
2.532 0 0.004
2.536 0 0.004
2.54 0 0.004
2.544 0 0.004
2.548 0 0.004
2.552 0 0.004
2.556 0 0.004
2.56 0 0.004
2.564 0 0.004
2.568 0 0.004
2.572 0 0.004
2.576 0 0.004
2.58 0 0.004
2.584 0 0.004
2.588 0 0.004
2.592 0 0.004
2.596 0 0.004
2.6 0 0.004
2.604 0 0.004
2.608 0 0.004
2.612 0 0.004
2.616 0 0.004
2.62 0 0.004
2.624 0 0.004
2.628 0 0.004
2.632 0 0.004
2.636 0 0.004
2.64 0 0.004
2.644 0 0.004
2.648 0 0.004
2.652 0 0.004
2.656 0 0.004
2.66 0 0.004
2.664 0 0.004
2.668 0 0.004
2.672 0 0.004
2.676 0 0.004
2.68 0 0.004
2.684 0 0.004
2.688 0 0.004
2.692 0 0.004
2.696 0 0.004
2.7 0 0.004
2.704 0 0.004
2.708 0 0.004
2.712 0 0.004
2.716 0 0.004
2.72 0 0.004
2.724 0 0.004
2.728 0 0.004
2.732 0 0.004
2.736 0 0.004
2.74 0 0.004
2.744 0 0.004
2.748 0 0.004
2.752 0 0.004
2.756 0 0.004
2.76 0 0.004
2.764 0 0.004
2.768 0 0.004
2.772 0 0.004
2.776 0 0.004
2.78 0 0.004
2.784 0 0.004
2.788 0 0.004
2.792 0 0.004
2.796 0 0.004
2.8 0 0.004
2.804 0 0.004
2.808 0 0.004
2.812 0 0.004
2.816 0 0.004
2.82 0 0.004
2.824 0 0.004
2.828 0 0.004
2.832 0 0.004
2.836 0 0.004
2.84 0 0.004
2.844 0 0.004
2.848 0 0.004
2.852 0 0.004
2.856 0 0.004
2.86 0 0.004
2.864 0 0.004
2.868 0 0.004
2.872 0 0.004
2.876 0 0.004
2.88 0 0.004
2.884 0 0.004
2.888 0 0.004
2.892 0 0.004
2.896 0 0.004
2.9 0 0.004
2.904 1 0.004
2.908 0 0.004
2.912 0 0.004
2.916 0 0.004
2.92 0 0.004
2.924 0 0.004
2.928 0 0.004
2.932 0 0.004
2.936 0 0.004
2.94 0 0.004
2.944 0 0.004
2.948 0 0.004
2.952 0 0.004
2.956 0 0.004
2.96 0 0.004
2.964 0 0.004
2.968 0 0.004
2.972 1 0.004
2.976 1 0.004
2.98 0 0.004
2.984 0 0.004
2.988 0 0.004
2.992 0 0.004
2.996 0 0.004
3 0 0.004
3.004 0 0.004
3.008 0 0.004
3.012 0 0.004
3.016 0 0.004
3.02 0 0.004
3.024 0 0.004
3.028 1 0.004
3.032 0 0.004
3.036 0 0.004
3.04 0 0.004
3.044 0 0.004
3.048 0 0.004
3.052 0 0.004
3.056 0 0.004
3.06 0 0.004
3.064 0 0.004
3.068 0 0.004
3.072 1 0.004
3.076 1 0.004
3.08 0 0.004
3.084 0 0.004
3.088 0 0.004
3.092 0 0.004
3.096 0 0.004
3.1 1 0.004
3.104 0 0.004
3.108 0 0.004
3.112 1 0.004
3.116 1 0.004
3.12 1 0.004
3.124 1 0.004
3.128 1 0.004
3.132 0 0.004
3.136 0 0.004
3.14 2 0.004
3.144 1 0.004
3.148 0 0.004
3.152 3 0.004
3.156 1 0.004
3.16 0 0.004
3.164 0 0.004
3.168 1 0.004
3.172 0 0.004
3.176 0 0.004
3.18 1 0.004
3.184 1 0.004
3.188 1 0.004
3.192 1 0.004
3.196 0 0.004
3.2 1 0.004
3.204 1 0.004
3.208 0 0.004
3.212 1 0.004
3.216 1 0.004
3.22 1 0.004
3.224 0 0.004
3.228 0 0.004
3.232 0 0.004
3.236 1 0.004
3.24 0 0.004
3.244 1 0.004
3.248 0 0.004
3.252 0 0.004
3.256 1 0.004
3.26 2 0.004
3.264 1 0.004
3.268 0 0.004
3.272 1 0.004
3.276 0 0.004
3.28 1 0.004
3.284 1 0.004
3.288 2 0.004
3.292 1 0.004
3.296 0 0.004
3.3 2 0.004
3.304 0 0.004
3.308 2 0.004
3.312 2 0.004
3.316 1 0.004
3.32 0 0.004
3.324 0 0.004
3.328 1 0.004
3.332 0 0.004
3.336 0 0.004
3.34 2 0.004
3.344 1 0.004
3.348 0 0.004
3.352 0 0.004
3.356 3 0.004
3.36 0 0.004
3.364 1 0.004
3.368 2 0.004
3.372 0 0.004
3.376 2 0.004
3.38 0 0.004
3.384 0 0.004
3.388 1 0.004
3.392 1 0.004
3.396 2 0.004
3.4 3 0.004
3.404 2 0.004
3.408 1 0.004
3.412 1 0.004
3.416 3 0.004
3.42 3 0.004
3.424 3 0.004
3.428 2 0.004
3.432 2 0.004
3.436 0 0.004
3.44 1 0.004
3.444 4 0.004
3.448 2 0.004
3.452 4 0.004
3.456 2 0.004
3.46 2 0.004
3.464 3 0.004
3.468 4 0.004
3.472 3 0.004
3.476 0 0.004
3.48 2 0.004
3.484 5 0.004
3.488 0 0.004
3.492 4 0.004
3.496 4 0.004
3.5 5 0.004
3.504 9 0.004
3.508 7 0.004
3.512 12 0.004
3.516 6 0.004
3.52 11 0.004
3.524 4 0.004
3.528 8 0.004
3.532 7 0.004
3.536 8 0.004
3.54 17 0.004
3.544 9 0.004
3.548 15 0.004
3.552 12 0.004
3.556 17 0.004
3.56 11 0.004
3.564 20 0.004
3.568 10 0.004
3.572 16 0.004
3.576 15 0.004
3.58 21 0.004
3.584 20 0.004
3.588 14 0.004
3.592 18 0.004
3.596 27 0.004
3.6 21 0.004
3.604 21 0.004
3.608 24 0.004
3.612 26 0.004
3.616 34 0.004
3.62 26 0.004
3.624 27 0.004
3.628 22 0.004
3.632 38 0.004
3.636 29 0.004
3.64 39 0.004
3.644 24 0.004
3.648 46 0.004
3.652 41 0.004
3.656 49 0.004
3.66 51 0.004
3.664 51 0.004
3.668 51 0.004
3.672 53 0.004
3.676 52 0.004
3.68 64 0.004
3.684 63 0.004
3.688 58 0.004
3.692 67 0.004
3.696 61 0.004
3.7 51 0.004
3.704 76 0.004
3.708 75 0.004
3.712 76 0.004
3.716 84 0.004
3.72 89 0.004
3.724 86 0.004
3.728 75 0.004
3.732 76 0.004
3.736 84 0.004
3.74 76 0.004
3.744 85 0.004
3.748 75 0.004
3.752 92 0.004
3.756 101 0.004
3.76 97 0.004
3.764 93 0.004
3.768 92 0.004
3.772 95 0.004
3.776 97 0.004
3.78 103 0.004
3.784 109 0.004
3.788 121 0.004
3.792 101 0.004
3.796 93 0.004
3.8 118 0.004
3.804 113 0.004
3.808 119 0.004
3.812 114 0.004
3.816 107 0.004
3.82 112 0.004
3.824 106 0.004
3.828 124 0.004
3.832 107 0.004
3.836 117 0.004
3.84 111 0.004
3.844 109 0.004
3.848 105 0.004
3.852 99 0.004
3.856 127 0.004
3.86 129 0.004
3.864 130 0.004
3.868 115 0.004
3.872 114 0.004
3.876 118 0.004
3.88 117 0.004
3.884 110 0.004
3.888 101 0.004
3.892 122 0.004
3.896 120 0.004
3.9 115 0.004
3.904 130 0.004
3.908 117 0.004
3.912 123 0.004
3.916 122 0.004
3.92 110 0.004
3.924 112 0.004
3.928 135 0.004
3.932 110 0.004
3.936 116 0.004
3.94 112 0.004
3.944 127 0.004
3.948 118 0.004
3.952 120 0.004
3.956 123 0.004
3.96 119 0.004
3.964 105 0.004
3.968 115 0.004
3.972 99 0.004
3.976 115 0.004
3.98 109 0.004
3.984 98 0.004
3.988 111 0.004
3.992 96 0.004
3.996 107 0.004
4 103 0.004
4.004 101 0.004
4.008 106 0.004
4.012 102 0.004
4.016 95 0.004
4.02 119 0.004
4.024 102 0.004
4.028 100 0.004
4.032 114 0.004
4.036 113 0.004
4.04 112 0.004
4.044 104 0.004
4.048 103 0.004
4.052 128 0.004
4.056 129 0.004
4.06 100 0.004
4.064 116 0.004
4.068 82 0.004
4.072 128 0.004
4.076 101 0.004
4.08 93 0.004
4.084 99 0.004
4.088 109 0.004
4.092 96 0.004
4.096 94 0.004
4.1 103 0.004
4.104 106 0.004
4.108 112 0.004
4.112 104 0.004
4.116 91 0.004
4.12 103 0.004
4.124 94 0.004
4.128 84 0.004
4.132 100 0.004
4.136 106 0.004
4.14 86 0.004
4.144 98 0.004
4.148 96 0.004
4.152 89 0.004
4.156 100 0.004
4.16 86 0.004
4.164 91 0.004
4.168 86 0.004
4.172 89 0.004
4.176 91 0.004
4.18 93 0.004
4.184 105 0.004
4.188 99 0.004
4.192 81 0.004
4.196 94 0.004
4.2 93 0.004
4.204 87 0.004
4.208 92 0.004
4.212 78 0.004
4.216 105 0.004
4.22 84 0.004
4.224 101 0.004
4.228 83 0.004
4.232 91 0.004
4.236 79 0.004
4.24 91 0.004
4.244 92 0.004
4.248 87 0.004
4.252 96 0.004
4.256 86 0.004
4.26 102 0.004
4.264 82 0.004
4.268 98 0.004
4.272 89 0.004
4.276 84 0.004
4.28 80 0.004
4.284 78 0.004
4.288 91 0.004
4.292 81 0.004
4.296 82 0.004
4.3 83 0.004
4.304 90 0.004
4.308 80 0.004
4.312 90 0.004
4.316 101 0.004
4.32 76 0.004
4.324 81 0.004
4.328 84 0.004
4.332 84 0.004
4.336 89 0.004
4.34 67 0.004
4.344 78 0.004
4.348 96 0.004
4.352 91 0.004
4.356 77 0.004
4.36 90 0.004
4.364 98 0.004
4.368 79 0.004
4.372 90 0.004
4.376 91 0.004
4.38 69 0.004
4.384 75 0.004
4.388 81 0.004
4.392 62 0.004
4.396 101 0.004
4.4 85 0.004
4.404 73 0.004
4.408 81 0.004
4.412 81 0.004
4.416 80 0.004
4.42 80 0.004
4.424 73 0.004
4.428 71 0.004
4.432 87 0.004
4.436 81 0.004
4.44 69 0.004
4.444 86 0.004
4.448 81 0.004
4.452 73 0.004
4.456 86 0.004
4.46 69 0.004
4.464 73 0.004
4.468 84 0.004
4.472 82 0.004
4.476 72 0.004
4.48 70 0.004
4.484 68 0.004
4.488 91 0.004
4.492 67 0.004
4.496 58 0.004
4.5 76 0.004
4.504 69 0.004
4.508 65 0.004
4.512 69 0.004
4.516 64 0.004
4.52 72 0.004
4.524 72 0.004
4.528 82 0.004
4.532 63 0.004
4.536 80 0.004
4.54 75 0.004
4.544 57 0.004
4.548 67 0.004
4.552 62 0.004
4.556 64 0.004
4.56 70 0.004
4.564 62 0.004
4.568 63 0.004
4.572 60 0.004
4.576 52 0.004
4.58 62 0.004
4.584 73 0.004
4.588 62 0.004
4.592 60 0.004
4.596 67 0.004
4.6 78 0.004
4.604 62 0.004
4.608 64 0.004
4.612 51 0.004
4.616 69 0.004
4.62 62 0.004
4.624 52 0.004
4.628 59 0.004
4.632 65 0.004
4.636 58 0.004
4.64 66 0.004
4.644 58 0.004
4.648 55 0.004
4.652 62 0.004
4.656 63 0.004
4.66 53 0.004
4.664 41 0.004
4.668 65 0.004
4.672 60 0.004
4.676 54 0.004
4.68 46 0.004
4.684 56 0.004
4.688 49 0.004
4.692 43 0.004
4.696 69 0.004
4.7 57 0.004
4.704 39 0.004
4.708 56 0.004
4.712 55 0.004
4.716 47 0.004
4.72 43 0.004
4.724 58 0.004
4.728 57 0.004
4.732 35 0.004
4.736 49 0.004
4.74 49 0.004
4.744 50 0.004
4.748 46 0.004
4.752 58 0.004
4.756 45 0.004
4.76 54 0.004
4.764 40 0.004
4.768 52 0.004
4.772 42 0.004
4.776 43 0.004
4.78 45 0.004
4.784 54 0.004
4.788 46 0.004
4.792 53 0.004
4.796 40 0.004
4.8 46 0.004
4.804 47 0.004
4.808 44 0.004
4.812 57 0.004
4.816 42 0.004
4.82 49 0.004
4.824 43 0.004
4.828 42 0.004
4.832 39 0.004
4.836 26 0.004
4.84 27 0.004
4.844 34 0.004
4.848 39 0.004
4.852 44 0.004
4.856 38 0.004
4.86 41 0.004
4.864 39 0.004
4.868 33 0.004
4.872 33 0.004
4.876 35 0.004
4.88 40 0.004
4.884 28 0.004
4.888 42 0.004
4.892 39 0.004
4.896 40 0.004
4.9 38 0.004
4.904 35 0.004
4.908 38 0.004
4.912 30 0.004
4.916 43 0.004
4.92 26 0.004
4.924 40 0.004
4.928 30 0.004
4.932 34 0.004
4.936 35 0.004
4.94 37 0.004
4.944 36 0.004
4.948 32 0.004
4.952 31 0.004
4.956 33 0.004
4.96 40 0.004
4.964 24 0.004
4.968 31 0.004
4.972 27 0.004
4.976 39 0.004
4.98 32 0.004
4.984 33 0.004
4.988 28 0.004
4.992 37 0.004
4.996 25 0.004
5 29 0.004
5.004 44 0.004
5.008 28 0.004
5.012 35 0.004
5.016 25 0.004
5.02 29 0.004
5.024 29 0.004
5.028 35 0.004
5.032 32 0.004
5.036 33 0.004
5.04 28 0.004
5.044 32 0.004
5.048 30 0.004
5.052 13 0.004
5.056 22 0.004
5.06 25 0.004
5.064 29 0.004
5.068 26 0.004
5.072 21 0.004
5.076 27 0.004
5.08 24 0.004
5.084 22 0.004
5.088 28 0.004
5.092 22 0.004
5.096 20 0.004
5.1 25 0.004
5.104 27 0.004
5.108 30 0.004
5.112 35 0.004
5.116 22 0.004
5.12 24 0.004
5.124 20 0.004
5.128 25 0.004
5.132 19 0.004
5.136 19 0.004
5.14 26 0.004
5.144 21 0.004
5.148 22 0.004
5.152 24 0.004
5.156 22 0.004
5.16 21 0.004
5.164 20 0.004
5.168 25 0.004
5.172 21 0.004
5.176 25 0.004
5.18 28 0.004
5.184 23 0.004
5.188 23 0.004
5.192 20 0.004
5.196 16 0.004
5.2 17 0.004
5.204 15 0.004
5.208 20 0.004
5.212 20 0.004
5.216 17 0.004
5.22 27 0.004
5.224 18 0.004
5.228 18 0.004
5.232 22 0.004
5.236 22 0.004
5.24 16 0.004
5.244 26 0.004
5.248 22 0.004
5.252 15 0.004
5.256 21 0.004
5.26 17 0.004
5.264 23 0.004
5.268 13 0.004
5.272 20 0.004
5.276 18 0.004
5.28 15 0.004
5.284 21 0.004
5.288 20 0.004
5.292 8 0.004
5.296 14 0.004
5.3 17 0.004
5.304 24 0.004
5.308 21 0.004
5.312 18 0.004
5.316 18 0.004
5.32 21 0.004
5.324 12 0.004
5.328 11 0.004
5.332 11 0.004
5.336 7 0.004
5.34 20 0.004
5.344 8 0.004
5.348 13 0.004
5.352 15 0.004
5.356 15 0.004
5.36 17 0.004
5.364 7 0.004
5.368 10 0.004
5.372 16 0.004
5.376 20 0.004
5.38 16 0.004
5.384 15 0.004
5.388 14 0.004
5.392 12 0.004
5.396 13 0.004
5.4 14 0.004
5.404 20 0.004
5.408 16 0.004
5.412 13 0.004
5.416 8 0.004
5.42 15 0.004
5.424 19 0.004
5.428 13 0.004
5.432 14 0.004
5.436 13 0.004
5.44 15 0.004
5.444 7 0.004
5.448 10 0.004
5.452 9 0.004
5.456 5 0.004
5.46 15 0.004
5.464 15 0.004
5.468 8 0.004
5.472 13 0.004
5.476 15 0.004
5.48 8 0.004
5.484 7 0.004
5.488 12 0.004
5.492 15 0.004
5.496 17 0.004
5.5 14 0.004
5.504 9 0.004
5.508 14 0.004
5.512 12 0.004
5.516 10 0.004
5.52 20 0.004
5.524 9 0.004
5.528 10 0.004
5.532 13 0.004
5.536 15 0.004
5.54 10 0.004
5.544 12 0.004
5.548 9 0.004
5.552 10 0.004
5.556 11 0.004
5.56 8 0.004
5.564 12 0.004
5.568 4 0.004
5.572 8 0.004
5.576 11 0.004
5.58 12 0.004
5.584 10 0.004
5.588 13 0.004
5.592 7 0.004
5.596 8 0.004
5.6 7 0.004
5.604 10 0.004
5.608 7 0.004
5.612 7 0.004
5.616 24 0.004
5.62 5 0.004
5.624 10 0.004
5.628 10 0.004
5.632 15 0.004
5.636 14 0.004
5.64 12 0.004
5.644 9 0.004
5.648 11 0.004
5.652 5 0.004
5.656 4 0.004
5.66 12 0.004
5.664 7 0.004
5.668 8 0.004
5.672 7 0.004
5.676 8 0.004
5.68 6 0.004
5.684 10 0.004
5.688 6 0.004
5.692 11 0.004
5.696 10 0.004
5.7 14 0.004
5.704 8 0.004
5.708 3 0.004
5.712 8 0.004
5.716 9 0.004
5.72 5 0.004
5.724 8 0.004
5.728 5 0.004
5.732 10 0.004
5.736 7 0.004
5.74 6 0.004
5.744 8 0.004
5.748 6 0.004
5.752 11 0.004
5.756 3 0.004
5.76 9 0.004
5.764 11 0.004
5.768 9 0.004
5.772 8 0.004
5.776 7 0.004
5.78 5 0.004
5.784 5 0.004
5.788 7 0.004
5.792 7 0.004
5.796 7 0.004
5.8 13 0.004
5.804 1 0.004
5.808 8 0.004
5.812 7 0.004
5.816 9 0.004
5.82 6 0.004
5.824 5 0.004
5.828 2 0.004
5.832 6 0.004
5.836 11 0.004
5.84 8 0.004
5.844 11 0.004
5.848 7 0.004
5.852 3 0.004
5.856 5 0.004
5.86 10 0.004
5.864 3 0.004
5.868 3 0.004
5.872 5 0.004
5.876 7 0.004
5.88 5 0.004
5.884 8 0.004
5.888 7 0.004
5.892 4 0.004
5.896 5 0.004
5.9 8 0.004
5.904 4 0.004
5.908 3 0.004
5.912 5 0.004
5.916 2 0.004
5.92 5 0.004
5.924 4 0.004
5.928 2 0.004
5.932 6 0.004
5.936 6 0.004
5.94 6 0.004
5.944 3 0.004
5.948 8 0.004
5.952 6 0.004
5.956 0 0.004
5.96 7 0.004
5.964 9 0.004
5.968 7 0.004
5.972 7 0.004
5.976 4 0.004
5.98 2 0.004
5.984 6 0.004
5.988 6 0.004
5.992 5 0.004
5.996 8 0.004
