2 0 0.06
2.06 0 0.06
2.12 1 0.06
2.18 1 0.06
2.24 2 0.06
2.3 7 0.06
2.36 16 0.06
2.42 19 0.06
2.48 24 0.06
2.54 34 0.06
2.6 35 0.06
2.66 44 0.06
2.72 51 0.06
2.78 54 0.06
2.84 51 0.06
2.9 92 0.06
2.96 104 0.06
3.02 346 0.06
3.08 1286 0.06
3.14 3602 0.06
3.2 5682 0.06
3.26 7209 0.06
3.32 7703 0.06
3.38 7869 0.06
3.44 7457 0.06
3.5 7242 0.06
3.56 6896 0.06
3.62 6419 0.06
3.68 6117 0.06
3.74 5579 0.06
3.8 5186 0.06
3.86 4645 0.06
3.92 4386 0.06
3.98 4088 0.06
4.04 3780 0.06
4.1 3369 0.06
4.16 3072 0.06
4.22 2783 0.06
4.28 2608 0.06
4.34 2338 0.06
4.4 2107 0.06
4.46 1865 0.06
4.52 1716 0.06
4.58 1568 0.06
4.64 1289 0.06
4.7 1177 0.06
4.76 1115 0.06
4.82 960 0.06
4.88 835 0.06
4.94 783 0.06
5 661 0.06
5.06 650 0.06
5.12 553 0.06
5.18 472 0.06
5.24 425 0.06
5.3 360 0.06
5.36 385 0.06
5.42 291 0.06
5.48 274 0.06
5.54 247 0.06
5.6 201 0.06
5.66 197 0.06
5.72 146 0.06
5.78 123 0.06
5.84 117 0.06
5.9 111 0.06
5.96 87 0.06
6.02 82 0.06
6.08 78 0.06
6.14 63 0.06
6.2 52 0.06
6.26 51 0.06
6.32 39 0.06
6.38 45 0.06
6.44 26 0.06
6.5 27 0.06
6.56 20 0.06
6.62 35 0.06
6.68 23 0.06
6.74 11 0.06
6.8 18 0.06
6.86 9 0.06
6.92 4 0.06
6.98 4 0.06
7.04 2 0.06
7.1 0 0.06
7.16 4 0.06
7.22 3 0.06
7.28 2 0.06
7.34 1 0.06
7.4 2 0.06
7.46 1 0.06
7.52 1 0.06
7.58 0 0.06
7.64 0 0.06
7.7 0 0.06
7.76 0 0.06
7.82 0 0.06
7.88 0 0.06
7.94 0 0.06
