2 0 0.04
2.04 0 0.04
2.08 0 0.04
2.12 0 0.04
2.16 0 0.04
2.2 0 0.04
2.24 3 0.04
2.28 1 0.04
2.32 1 0.04
2.36 1 0.04
2.4 0 0.04
2.44 1 0.04
2.48 1 0.04
2.52 2 0.04
2.56 5 0.04
2.6 1 0.04
2.64 4 0.04
2.68 4 0.04
2.72 4 0.04
2.76 4 0.04
2.8 13 0.04
2.84 12 0.04
2.88 13 0.04
2.92 18 0.04
2.96 18 0.04
3 67 0.04
3.04 157 0.04
3.08 488 0.04
3.12 881 0.04
3.16 1191 0.04
3.2 1464 0.04
3.24 1768 0.04
3.28 1921 0.04
3.32 2102 0.04
3.36 2297 0.04
3.4 2376 0.04
3.44 2464 0.04
3.48 2503 0.04
3.52 2491 0.04
3.56 2448 0.04
3.6 2453 0.04
3.64 2456 0.04
3.68 2380 0.04
3.72 2368 0.04
3.76 2317 0.04
3.8 2205 0.04
3.84 2147 0.04
3.88 2104 0.04
3.92 2041 0.04
3.96 1832 0.04
4 1855 0.04
4.04 1706 0.04
4.08 1571 0.04
4.12 1490 0.04
4.16 1424 0.04
4.2 1317 0.04
4.24 1192 0.04
4.28 1125 0.04
4.32 1108 0.04
4.36 957 0.04
4.4 930 0.04
4.44 843 0.04
4.48 821 0.04
4.52 691 0.04
4.56 664 0.04
4.6 604 0.04
4.64 519 0.04
4.68 555 0.04
4.72 479 0.04
4.76 458 0.04
4.8 408 0.04
4.84 380 0.04
4.88 384 0.04
4.92 304 0.04
4.96 282 0.04
5 252 0.04
5.04 230 0.04
5.08 243 0.04
5.12 218 0.04
5.16 188 0.04
5.2 162 0.04
5.24 158 0.04
5.28 139 0.04
5.32 122 0.04
5.36 124 0.04
5.4 121 0.04
5.44 102 0.04
5.48 90 0.04
5.52 75 0.04
5.56 73 0.04
5.6 66 0.04
5.64 61 0.04
5.68 43 0.04
5.72 56 0.04
5.76 41 0.04
5.8 45 0.04
5.84 45 0.04
5.88 29 0.04
5.92 33 0.04
5.96 34 0.04
