0 88 0.005
0.005 0 0.005
0.01 9 0.005
0.015 53 0.005
0.02 196 0.005
0.025 479 0.005
0.03 1223 0.005
0.035 2210 0.005
0.04 2346 0.005
0.045 2390 0.005
0.05 2407 0.005
0.055 2072 0.005
0.06 1782 0.005
0.065 1479 0.005
0.07 1241 0.005
0.075 1030 0.005
0.08 906 0.005
0.085 750 0.005
0.09 733 0.005
0.095 680 0.005
0.1 553 0.005
0.105 498 0.005
0.11 507 0.005
0.115 445 0.005
0.12 442 0.005
0.125 390 0.005
0.13 354 0.005
0.135 367 0.005
0.14 303 0.005
0.145 303 0.005
0.15 253 0.005
0.155 263 0.005
0.16 254 0.005
0.165 216 0.005
0.17 227 0.005
0.175 201 0.005
0.18 190 0.005
0.185 196 0.005
0.19 170 0.005
0.195 181 0.005
0.2 139 0.005
0.205 143 0.005
0.21 126 0.005
0.215 133 0.005
0.22 129 0.005
0.225 100 0.005
0.23 112 0.005
0.235 90 0.005
0.24 84 0.005
0.245 72 0.005
0.25 86 0.005
0.255 72 0.005
0.26 70 0.005
0.265 70 0.005
0.27 72 0.005
0.275 56 0.005
0.28 64 0.005
0.285 37 0.005
0.29 44 0.005
0.295 40 0.005
0.3 39 0.005
0.305 43 0.005
0.31 47 0.005
0.315 35 0.005
0.32 28 0.005
0.325 23 0.005
0.33 17 0.005
0.335 36 0.005
0.34 34 0.005
0.345 19 0.005
0.35 16 0.005
0.355 20 0.005
0.36 20 0.005
0.365 15 0.005
0.37 11 0.005
0.375 17 0.005
0.38 17 0.005
0.385 9 0.005
0.39 12 0.005
0.395 8 0.005
0.4 14 0.005
0.405 11 0.005
0.41 12 0.005
0.415 10 0.005
0.42 6 0.005
0.425 2 0.005
0.43 10 0.005
0.435 6 0.005
0.44 4 0.005
0.445 3 0.005
0.45 4 0.005
0.455 5 0.005
0.46 6 0.005
0.465 5 0.005
0.47 4 0.005
0.475 5 0.005
0.48 6 0.005
0.485 7 0.005
0.49 4 0.005
0.495 2 0.005
