0 500 0.005
0.005 0 0.005
0.01 2 0.005
0.015 4 0.005
0.02 45 0.005
0.025 155 0.005
0.03 375 0.005
0.035 712 0.005
0.04 1218 0.005
0.045 1784 0.005
0.05 2932 0.005
0.055 3930 0.005
0.06 4984 0.005
0.065 5820 0.005
0.07 6178 0.005
0.075 4337 0.005
0.08 4527 0.005
0.085 4469 0.005
0.09 4237 0.005
0.095 3902 0.005
0.1 3859 0.005
0.105 3647 0.005
0.11 3617 0.005
0.115 3560 0.005
0.12 3407 0.005
0.125 3375 0.005
0.13 3291 0.005
0.135 3274 0.005
0.14 3080 0.005
0.145 3017 0.005
0.15 2798 0.005
0.155 2598 0.005
0.16 2466 0.005
0.165 2355 0.005
0.17 2177 0.005
0.175 2056 0.005
0.18 2017 0.005
0.185 1810 0.005
0.19 1734 0.005
0.195 1599 0.005
0.2 1481 0.005
0.205 1487 0.005
0.21 1354 0.005
0.215 1224 0.005
0.22 1155 0.005
0.225 1123 0.005
0.23 1028 0.005
0.235 976 0.005
0.24 834 0.005
0.245 863 0.005
0.25 778 0.005
0.255 752 0.005
0.26 677 0.005
0.265 653 0.005
0.27 607 0.005
0.275 557 0.005
0.28 469 0.005
0.285 471 0.005
0.29 429 0.005
0.295 393 0.005
0.3 332 0.005
0.305 382 0.005
0.31 321 0.005
0.315 313 0.005
0.32 290 0.005
0.325 265 0.005
0.33 240 0.005
0.335 218 0.005
0.34 201 0.005
0.345 210 0.005
0.35 202 0.005
0.355 188 0.005
0.36 184 0.005
0.365 140 0.005
0.37 145 0.005
0.375 135 0.005
0.38 112 0.005
0.385 119 0.005
0.39 112 0.005
0.395 107 0.005
0.4 111 0.005
0.405 91 0.005
0.41 95 0.005
0.415 72 0.005
0.42 90 0.005
0.425 62 0.005
0.43 66 0.005
0.435 62 0.005
0.44 58 0.005
0.445 59 0.005
0.45 46 0.005
0.455 56 0.005
0.46 59 0.005
0.465 55 0.005
0.47 45 0.005
0.475 46 0.005
0.48 45 0.005
0.485 38 0.005
0.49 44 0.005
0.495 34 0.005
