0 109 0.005
0.005 0 0.005
0.01 0 0.005
0.015 0 0.005
0.02 0 0.005
0.025 1 0.005
0.03 6 0.005
0.035 31 0.005
0.04 51 0.005
0.045 99 0.005
0.05 138 0.005
0.055 189 0.005
0.06 272 0.005
0.065 423 0.005
0.07 538 0.005
0.075 694 0.005
0.08 862 0.005
0.085 1101 0.005
0.09 1231 0.005
0.095 1488 0.005
0.1 1449 0.005
0.105 1485 0.005
0.11 1780 0.005
0.115 1913 0.005
0.12 2054 0.005
0.125 2256 0.005
0.13 2291 0.005
0.135 2411 0.005
0.14 2584 0.005
0.145 2646 0.005
0.15 2624 0.005
0.155 2615 0.005
0.16 2591 0.005
0.165 2542 0.005
0.17 2386 0.005
0.175 2314 0.005
0.18 2125 0.005
0.185 1986 0.005
0.19 1862 0.005
0.195 1808 0.005
0.2 1576 0.005
0.205 1511 0.005
0.21 1368 0.005
0.215 1270 0.005
0.22 1171 0.005
0.225 1011 0.005
0.23 1061 0.005
0.235 892 0.005
0.24 829 0.005
0.245 765 0.005
0.25 679 0.005
0.255 593 0.005
0.26 594 0.005
0.265 557 0.005
0.27 469 0.005
0.275 469 0.005
0.28 378 0.005
0.285 361 0.005
0.29 338 0.005
0.295 298 0.005
0.3 305 0.005
0.305 272 0.005
0.31 267 0.005
0.315 226 0.005
0.32 210 0.005
0.325 197 0.005
0.33 197 0.005
0.335 162 0.005
0.34 181 0.005
0.345 146 0.005
0.35 136 0.005
0.355 134 0.005
0.36 130 0.005
0.365 119 0.005
0.37 92 0.005
0.375 98 0.005
0.38 84 0.005
0.385 83 0.005
0.39 93 0.005
0.395 81 0.005
0.4 82 0.005
0.405 71 0.005
0.41 55 0.005
0.415 50 0.005
0.42 61 0.005
0.425 50 0.005
0.43 49 0.005
0.435 49 0.005
0.44 58 0.005
0.445 50 0.005
0.45 46 0.005
0.455 47 0.005
0.46 34 0.005
0.465 26 0.005
0.47 41 0.005
0.475 39 0.005
0.48 35 0.005
0.485 34 0.005
0.49 28 0.005
0.495 25 0.005
