0 0 0.005
0.005 0 0.005
0.01 0 0.005
0.015 0 0.005
0.02 0 0.005
0.025 0 0.005
0.03 0 0.005
0.035 0 0.005
0.04 0 0.005
0.045 0 0.005
0.05 1 0.005
0.055 1 0.005
0.06 2 0.005
0.065 1 0.005
0.07 4 0.005
0.075 8 0.005
0.08 7 0.005
0.085 16 0.005
0.09 43 0.005
0.095 89 0.005
0.1 293 0.005
0.105 316 0.005
0.11 383 0.005
0.115 613 0.005
0.12 872 0.005
0.125 1155 0.005
0.13 1394 0.005
0.135 1713 0.005
0.14 1894 0.005
0.145 2209 0.005
0.15 2430 0.005
0.155 2558 0.005
0.16 2860 0.005
0.165 2961 0.005
0.17 3180 0.005
0.175 3183 0.005
0.18 3377 0.005
0.185 3563 0.005
0.19 3655 0.005
0.195 3607 0.005
0.2 3694 0.005
0.205 3742 0.005
0.21 3805 0.005
0.215 3741 0.005
0.22 3582 0.005
0.225 3684 0.005
0.23 3597 0.005
0.235 3572 0.005
0.24 3440 0.005
0.245 3458 0.005
0.25 3313 0.005
0.255 3256 0.005
0.26 3237 0.005
0.265 3236 0.005
0.27 3055 0.005
0.275 2988 0.005
0.28 2905 0.005
0.285 2819 0.005
0.29 2762 0.005
0.295 2658 0.005
0.3 2611 0.005
0.305 2544 0.005
0.31 2514 0.005
0.315 2475 0.005
0.32 2348 0.005
0.325 2321 0.005
0.33 2244 0.005
0.335 2212 0.005
0.34 2225 0.005
0.345 2177 0.005
0.35 2074 0.005
0.355 2088 0.005
0.36 2075 0.005
0.365 1895 0.005
0.37 1928 0.005
0.375 1867 0.005
0.38 1804 0.005
0.385 1872 0.005
0.39 1859 0.005
0.395 1786 0.005
0.4 1795 0.005
0.405 1661 0.005
0.41 1616 0.005
0.415 1647 0.005
0.42 1607 0.005
0.425 1611 0.005
0.43 1567 0.005
0.435 1518 0.005
0.44 1500 0.005
0.445 1505 0.005
0.45 1503 0.005
0.455 1476 0.005
0.46 1450 0.005
0.465 1401 0.005
0.47 1390 0.005
0.475 1373 0.005
0.48 1315 0.005
0.485 1320 0.005
0.49 1296 0.005
0.495 1360 0.005
0.5 1310 0.005
0.505 1267 0.005
0.51 1312 0.005
0.515 1225 0.005
0.52 1200 0.005
0.525 1246 0.005
0.53 1207 0.005
0.535 1214 0.005
0.54 1160 0.005
0.545 1226 0.005
0.55 1209 0.005
0.555 1172 0.005
0.56 1128 0.005
0.565 1139 0.005
0.57 1053 0.005
0.575 1091 0.005
0.58 1105 0.005
0.585 1120 0.005
0.59 1125 0.005
0.595 1092 0.005
0.6 1103 0.005
0.605 1065 0.005
0.61 1052 0.005
0.615 1011 0.005
0.62 1053 0.005
0.625 1014 0.005
0.63 1034 0.005
0.635 993 0.005
0.64 1052 0.005
0.645 1005 0.005
0.65 1011 0.005
0.655 1002 0.005
0.66 1002 0.005
0.665 1019 0.005
0.67 1010 0.005
0.675 1001 0.005
0.68 939 0.005
0.685 954 0.005
0.69 1003 0.005
0.695 891 0.005
0.7 985 0.005
0.705 922 0.005
0.71 975 0.005
0.715 907 0.005
0.72 891 0.005
0.725 899 0.005
0.73 898 0.005
0.735 855 0.005
0.74 874 0.005
0.745 838 0.005
0.75 802 0.005
0.755 815 0.005
0.76 776 0.005
0.765 785 0.005
0.77 751 0.005
0.775 701 0.005
0.78 679 0.005
0.785 671 0.005
0.79 618 0.005
0.795 572 0.005
0.8 512 0.005
0.805 506 0.005
0.81 469 0.005
0.815 459 0.005
0.82 423 0.005
0.825 394 0.005
0.83 405 0.005
0.835 352 0.005
0.84 327 0.005
0.845 254 0.005
0.85 277 0.005
0.855 241 0.005
0.86 201 0.005
0.865 218 0.005
0.87 217 0.005
0.875 161 0.005
0.88 157 0.005
0.885 130 0.005
0.89 103 0.005
0.895 111 0.005
0.9 81 0.005
0.905 82 0.005
0.91 59 0.005
0.915 61 0.005
0.92 40 0.005
0.925 55 0.005
0.93 52 0.005
0.935 34 0.005
0.94 38 0.005
0.945 41 0.005
0.95 27 0.005
0.955 35 0.005
0.96 30 0.005
0.965 20 0.005
0.97 16 0.005
0.975 15 0.005
0.98 18 0.005
0.985 17 0.005
0.99 14 0.005
0.995 15 0.005
