0 0 0.005
0.005 0 0.005
0.01 0 0.005
0.015 0 0.005
0.02 0 0.005
0.025 0 0.005
0.03 0 0.005
0.035 0 0.005
0.04 0 0.005
0.045 0 0.005
0.05 0 0.005
0.055 0 0.005
0.06 1 0.005
0.065 0 0.005
0.07 5 0.005
0.075 39 0.005
0.08 84 0.005
0.085 80 0.005
0.09 146 0.005
0.095 263 0.005
0.1 365 0.005
0.105 494 0.005
0.11 633 0.005
0.115 879 0.005
0.12 1014 0.005
0.125 1294 0.005
0.13 1555 0.005
0.135 1703 0.005
0.14 2054 0.005
0.145 2292 0.005
0.15 2533 0.005
0.155 2744 0.005
0.16 2984 0.005
0.165 3166 0.005
0.17 3395 0.005
0.175 3580 0.005
0.18 3851 0.005
0.185 3880 0.005
0.19 4078 0.005
0.195 4179 0.005
0.2 4003 0.005
0.205 4174 0.005
0.21 4306 0.005
0.215 4177 0.005
0.22 4127 0.005
0.225 4072 0.005
0.23 4062 0.005
0.235 4021 0.005
0.24 3935 0.005
0.245 3871 0.005
0.25 3787 0.005
0.255 3703 0.005
0.26 3514 0.005
0.265 3521 0.005
0.27 3422 0.005
0.275 3306 0.005
0.28 3210 0.005
0.285 3168 0.005
0.29 3064 0.005
0.295 3071 0.005
0.3 2947 0.005
0.305 2964 0.005
0.31 2853 0.005
0.315 2813 0.005
0.32 2768 0.005
0.325 2781 0.005
0.33 2562 0.005
0.335 2709 0.005
0.34 2579 0.005
0.345 2503 0.005
0.35 2462 0.005
0.355 2409 0.005
0.36 2491 0.005
0.365 2327 0.005
0.37 2405 0.005
0.375 2376 0.005
0.38 2281 0.005
0.385 2316 0.005
0.39 2183 0.005
0.395 2152 0.005
0.4 2144 0.005
0.405 2050 0.005
0.41 2003 0.005
0.415 2026 0.005
0.42 2055 0.005
0.425 1997 0.005
0.43 2020 0.005
0.435 2029 0.005
0.44 1952 0.005
0.445 1944 0.005
0.45 1924 0.005
0.455 1725 0.005
0.46 1783 0.005
0.465 1768 0.005
0.47 1772 0.005
0.475 1627 0.005
0.48 1706 0.005
0.485 1577 0.005
0.49 1697 0.005
0.495 1632 0.005
0.5 1639 0.005
0.505 1646 0.005
0.51 1603 0.005
0.515 1572 0.005
0.52 1467 0.005
0.525 1567 0.005
0.53 1450 0.005
0.535 1396 0.005
0.54 1448 0.005
0.545 1371 0.005
0.55 1389 0.005
0.555 1360 0.005
0.56 1398 0.005
0.565 1299 0.005
0.57 1354 0.005
0.575 1321 0.005
0.58 1273 0.005
0.585 1332 0.005
0.59 1232 0.005
0.595 1348 0.005
0.6 1188 0.005
0.605 1195 0.005
0.61 1205 0.005
0.615 1154 0.005
0.62 1138 0.005
0.625 1150 0.005
0.63 1191 0.005
0.635 1136 0.005
0.64 1127 0.005
0.645 1169 0.005
0.65 1080 0.005
0.655 1185 0.005
0.66 1052 0.005
0.665 1048 0.005
0.67 1039 0.005
0.675 1041 0.005
0.68 1000 0.005
0.685 1053 0.005
0.69 960 0.005
0.695 952 0.005
0.7 956 0.005
0.705 883 0.005
0.71 835 0.005
0.715 857 0.005
0.72 755 0.005
0.725 728 0.005
0.73 736 0.005
0.735 675 0.005
0.74 596 0.005
0.745 605 0.005
0.75 569 0.005
0.755 538 0.005
0.76 508 0.005
0.765 446 0.005
0.77 432 0.005
0.775 433 0.005
0.78 349 0.005
0.785 356 0.005
0.79 353 0.005
0.795 306 0.005
0.8 281 0.005
0.805 257 0.005
0.81 248 0.005
0.815 216 0.005
0.82 188 0.005
0.825 171 0.005
0.83 190 0.005
0.835 155 0.005
0.84 121 0.005
0.845 111 0.005
0.85 90 0.005
0.855 86 0.005
0.86 72 0.005
0.865 64 0.005
0.87 52 0.005
0.875 34 0.005
0.88 46 0.005
0.885 35 0.005
0.89 21 0.005
0.895 34 0.005
0.9 27 0.005
0.905 29 0.005
0.91 27 0.005
0.915 17 0.005
0.92 20 0.005
0.925 15 0.005
0.93 8 0.005
0.935 14 0.005
0.94 10 0.005
0.945 11 0.005
0.95 9 0.005
0.955 6 0.005
0.96 8 0.005
0.965 10 0.005
0.97 2 0.005
0.975 4 0.005
0.98 5 0.005
0.985 3 0.005
0.99 6 0.005
0.995 7 0.005
