0 0 0.005
0.005 0 0.005
0.01 0 0.005
0.015 0 0.005
0.02 0 0.005
0.025 0 0.005
0.03 0 0.005
0.035 0 0.005
0.04 0 0.005
0.045 1 0.005
0.05 5 0.005
0.055 11 0.005
0.06 26 0.005
0.065 91 0.005
0.07 415 0.005
0.075 1022 0.005
0.08 991 0.005
0.085 1619 0.005
0.09 2609 0.005
0.095 3550 0.005
0.1 4356 0.005
0.105 4987 0.005
0.11 5627 0.005
0.115 6076 0.005
0.12 6475 0.005
0.125 6919 0.005
0.13 7120 0.005
0.135 7304 0.005
0.14 7543 0.005
0.145 7817 0.005
0.15 7822 0.005
0.155 7818 0.005
0.16 7707 0.005
0.165 7507 0.005
0.17 7499 0.005
0.175 7293 0.005
0.18 7151 0.005
0.185 6936 0.005
0.19 6928 0.005
0.195 6549 0.005
0.2 6487 0.005
0.205 6245 0.005
0.21 6084 0.005
0.215 5841 0.005
0.22 5732 0.005
0.225 5672 0.005
0.23 5359 0.005
0.235 5129 0.005
0.24 4935 0.005
0.245 4844 0.005
0.25 4659 0.005
0.255 4495 0.005
0.26 4452 0.005
0.265 4288 0.005
0.27 4108 0.005
0.275 4110 0.005
0.28 3933 0.005
0.285 3829 0.005
0.29 3841 0.005
0.295 3569 0.005
0.3 3474 0.005
0.305 3425 0.005
0.31 3302 0.005
0.315 3269 0.005
0.32 3155 0.005
0.325 3055 0.005
0.33 3077 0.005
0.335 2914 0.005
0.34 2874 0.005
0.345 2732 0.005
0.35 2821 0.005
0.355 2728 0.005
0.36 2606 0.005
0.365 2665 0.005
0.37 2560 0.005
0.375 2489 0.005
0.38 2458 0.005
0.385 2368 0.005
0.39 2443 0.005
0.395 2348 0.005
0.4 2270 0.005
0.405 2289 0.005
0.41 2144 0.005
0.415 2184 0.005
0.42 2045 0.005
0.425 2108 0.005
0.43 2091 0.005
0.435 2000 0.005
0.44 1986 0.005
0.445 1992 0.005
0.45 1946 0.005
0.455 1898 0.005
0.46 1956 0.005
0.465 1882 0.005
0.47 1851 0.005
0.475 1920 0.005
0.48 1860 0.005
0.485 1817 0.005
0.49 1741 0.005
0.495 1858 0.005
0.5 1708 0.005
0.505 1679 0.005
0.51 1752 0.005
0.515 1591 0.005
0.52 1652 0.005
0.525 1624 0.005
0.53 1680 0.005
0.535 1585 0.005
0.54 1559 0.005
0.545 1521 0.005
0.55 1538 0.005
0.555 1538 0.005
0.56 1496 0.005
0.565 1517 0.005
0.57 1419 0.005
0.575 1527 0.005
0.58 1452 0.005
0.585 1444 0.005
0.59 1463 0.005
0.595 1351 0.005
0.6 1386 0.005
0.605 1329 0.005
0.61 1341 0.005
0.615 1259 0.005
0.62 1233 0.005
0.625 1212 0.005
0.63 1207 0.005
0.635 1103 0.005
0.64 1131 0.005
0.645 947 0.005
0.65 987 0.005
0.655 940 0.005
0.66 908 0.005
0.665 836 0.005
0.67 812 0.005
0.675 690 0.005
0.68 734 0.005
0.685 657 0.005
0.69 588 0.005
0.695 576 0.005
0.7 529 0.005
0.705 528 0.005
0.71 453 0.005
0.715 404 0.005
0.72 416 0.005
0.725 360 0.005
0.73 325 0.005
0.735 294 0.005
0.74 285 0.005
0.745 249 0.005
0.75 216 0.005
0.755 195 0.005
0.76 187 0.005
0.765 171 0.005
0.77 158 0.005
0.775 159 0.005
0.78 149 0.005
0.785 141 0.005
0.79 130 0.005
0.795 100 0.005
0.8 122 0.005
0.805 103 0.005
0.81 117 0.005
0.815 76 0.005
0.82 79 0.005
0.825 76 0.005
0.83 52 0.005
0.835 63 0.005
0.84 59 0.005
0.845 61 0.005
0.85 47 0.005
0.855 51 0.005
0.86 53 0.005
0.865 48 0.005
0.87 27 0.005
0.875 47 0.005
0.88 38 0.005
0.885 37 0.005
0.89 29 0.005
0.895 21 0.005
0.9 32 0.005
0.905 28 0.005
0.91 28 0.005
0.915 27 0.005
0.92 22 0.005
0.925 20 0.005
0.93 18 0.005
0.935 15 0.005
0.94 17 0.005
0.945 9 0.005
0.95 15 0.005
0.955 19 0.005
0.96 3 0.005
0.965 9 0.005
0.97 8 0.005
0.975 15 0.005
0.98 12 0.005
0.985 5 0.005
0.99 7 0.005
0.995 5 0.005
