0 0 0.005
0.005 0 0.005
0.01 0 0.005
0.015 0 0.005
0.02 0 0.005
0.025 0 0.005
0.03 0 0.005
0.035 1 0.005
0.04 3 0.005
0.045 9 0.005
0.05 14 0.005
0.055 27 0.005
0.06 40 0.005
0.065 117 0.005
0.07 345 0.005
0.075 740 0.005
0.08 903 0.005
0.085 1470 0.005
0.09 1993 0.005
0.095 2736 0.005
0.1 3375 0.005
0.105 3935 0.005
0.11 4372 0.005
0.115 4933 0.005
0.12 5159 0.005
0.125 5404 0.005
0.13 5801 0.005
0.135 5962 0.005
0.14 6125 0.005
0.145 6260 0.005
0.15 6353 0.005
0.155 6608 0.005
0.16 6289 0.005
0.165 6312 0.005
0.17 6206 0.005
0.175 6069 0.005
0.18 6089 0.005
0.185 5943 0.005
0.19 5729 0.005
0.195 5755 0.005
0.2 5565 0.005
0.205 5191 0.005
0.21 5235 0.005
0.215 5119 0.005
0.22 5096 0.005
0.225 4814 0.005
0.23 4634 0.005
0.235 4402 0.005
0.24 4388 0.005
0.245 4191 0.005
0.25 4188 0.005
0.255 4057 0.005
0.26 3892 0.005
0.265 3863 0.005
0.27 3651 0.005
0.275 3669 0.005
0.28 3537 0.005
0.285 3468 0.005
0.29 3428 0.005
0.295 3221 0.005
0.3 3108 0.005
0.305 3046 0.005
0.31 3008 0.005
0.315 3049 0.005
0.32 2882 0.005
0.325 2840 0.005
0.33 2791 0.005
0.335 2745 0.005
0.34 2670 0.005
0.345 2627 0.005
0.35 2624 0.005
0.355 2585 0.005
0.36 2483 0.005
0.365 2461 0.005
0.37 2409 0.005
0.375 2408 0.005
0.38 2453 0.005
0.385 2371 0.005
0.39 2343 0.005
0.395 2276 0.005
0.4 2241 0.005
0.405 2233 0.005
0.41 2233 0.005
0.415 2157 0.005
0.42 2185 0.005
0.425 2077 0.005
0.43 2033 0.005
0.435 2079 0.005
0.44 1981 0.005
0.445 2047 0.005
0.45 2072 0.005
0.455 1971 0.005
0.46 1860 0.005
0.465 1907 0.005
0.47 1890 0.005
0.475 1766 0.005
0.48 1766 0.005
0.485 1781 0.005
0.49 1754 0.005
0.495 1772 0.005
0.5 1678 0.005
0.505 1690 0.005
0.51 1697 0.005
0.515 1658 0.005
0.52 1662 0.005
0.525 1657 0.005
0.53 1594 0.005
0.535 1601 0.005
0.54 1602 0.005
0.545 1541 0.005
0.55 1581 0.005
0.555 1463 0.005
0.56 1463 0.005
0.565 1431 0.005
0.57 1454 0.005
0.575 1422 0.005
0.58 1431 0.005
0.585 1404 0.005
0.59 1303 0.005
0.595 1317 0.005
0.6 1205 0.005
0.605 1197 0.005
0.61 1172 0.005
0.615 1108 0.005
0.62 1025 0.005
0.625 1009 0.005
0.63 1009 0.005
0.635 979 0.005
0.64 932 0.005
0.645 822 0.005
0.65 858 0.005
0.655 809 0.005
0.66 744 0.005
0.665 700 0.005
0.67 689 0.005
0.675 580 0.005
0.68 569 0.005
0.685 528 0.005
0.69 469 0.005
0.695 389 0.005
0.7 402 0.005
0.705 350 0.005
0.71 351 0.005
0.715 330 0.005
0.72 283 0.005
0.725 276 0.005
0.73 235 0.005
0.735 193 0.005
0.74 181 0.005
0.745 156 0.005
0.75 141 0.005
0.755 124 0.005
0.76 118 0.005
0.765 101 0.005
0.77 92 0.005
0.775 101 0.005
0.78 78 0.005
0.785 64 0.005
0.79 57 0.005
0.795 55 0.005
0.8 59 0.005
0.805 49 0.005
0.81 50 0.005
0.815 36 0.005
0.82 33 0.005
0.825 31 0.005
0.83 41 0.005
0.835 29 0.005
0.84 22 0.005
0.845 27 0.005
0.85 20 0.005
0.855 25 0.005
0.86 21 0.005
0.865 25 0.005
0.87 16 0.005
0.875 18 0.005
0.88 20 0.005
0.885 16 0.005
0.89 12 0.005
0.895 14 0.005
0.9 21 0.005
0.905 15 0.005
0.91 13 0.005
0.915 11 0.005
0.92 14 0.005
0.925 14 0.005
0.93 13 0.005
0.935 8 0.005
0.94 18 0.005
0.945 10 0.005
0.95 18 0.005
0.955 10 0.005
0.96 11 0.005
0.965 17 0.005
0.97 11 0.005
0.975 8 0.005
0.98 7 0.005
0.985 9 0.005
0.99 13 0.005
0.995 19 0.005
