0 0 0.005
0.005 0 0.005
0.01 0 0.005
0.015 0 0.005
0.02 1 0.005
0.025 1 0.005
0.03 6 0.005
0.035 89 0.005
0.04 1519 0.005
0.045 1733 0.005
0.05 4218 0.005
0.055 6767 0.005
0.06 8290 0.005
0.065 9337 0.005
0.07 9918 0.005
0.075 10569 0.005
0.08 11092 0.005
0.085 11207 0.005
0.09 11230 0.005
0.095 10914 0.005
0.1 10913 0.005
0.105 10784 0.005
0.11 10527 0.005
0.115 9907 0.005
0.12 9914 0.005
0.125 9270 0.005
0.13 8861 0.005
0.135 8598 0.005
0.14 7993 0.005
0.145 7808 0.005
0.15 7551 0.005
0.155 7247 0.005
0.16 6933 0.005
0.165 6715 0.005
0.17 6323 0.005
0.175 6056 0.005
0.18 5814 0.005
0.185 5504 0.005
0.19 5386 0.005
0.195 5151 0.005
0.2 5041 0.005
0.205 4970 0.005
0.21 4699 0.005
0.215 4554 0.005
0.22 4336 0.005
0.225 4179 0.005
0.23 4058 0.005
0.235 4008 0.005
0.24 3861 0.005
0.245 3900 0.005
0.25 3790 0.005
0.255 3567 0.005
0.26 3483 0.005
0.265 3397 0.005
0.27 3330 0.005
0.275 3248 0.005
0.28 3130 0.005
0.285 3007 0.005
0.29 3047 0.005
0.295 2807 0.005
0.3 2686 0.005
0.305 2584 0.005
0.31 2496 0.005
0.315 2330 0.005
0.32 2242 0.005
0.325 2170 0.005
0.33 2035 0.005
0.335 1971 0.005
0.34 1842 0.005
0.345 1714 0.005
0.35 1539 0.005
0.355 1470 0.005
0.36 1370 0.005
0.365 1284 0.005
0.37 1186 0.005
0.375 1086 0.005
0.38 904 0.005
0.385 920 0.005
0.39 801 0.005
0.395 751 0.005
0.4 698 0.005
0.405 613 0.005
0.41 536 0.005
0.415 490 0.005
0.42 458 0.005
0.425 451 0.005
0.43 361 0.005
0.435 330 0.005
0.44 307 0.005
0.445 270 0.005
0.45 246 0.005
0.455 222 0.005
0.46 179 0.005
0.465 152 0.005
0.47 152 0.005
0.475 160 0.005
0.48 133 0.005
0.485 117 0.005
0.49 109 0.005
0.495 103 0.005
0.5 99 0.005
0.505 82 0.005
0.51 75 0.005
0.515 74 0.005
0.52 69 0.005
0.525 59 0.005
0.53 44 0.005
0.535 40 0.005
0.54 40 0.005
0.545 25 0.005
0.55 25 0.005
0.555 32 0.005
0.56 24 0.005
0.565 23 0.005
0.57 19 0.005
0.575 24 0.005
0.58 12 0.005
0.585 24 0.005
0.59 22 0.005
0.595 16 0.005
0.6 18 0.005
0.605 9 0.005
0.61 11 0.005
0.615 11 0.005
0.62 12 0.005
0.625 13 0.005
0.63 4 0.005
0.635 13 0.005
0.64 7 0.005
0.645 12 0.005
0.65 14 0.005
0.655 10 0.005
0.66 11 0.005
0.665 11 0.005
0.67 8 0.005
0.675 7 0.005
0.68 5 0.005
0.685 9 0.005
0.69 7 0.005
0.695 2 0.005
0.7 1 0.005
0.705 5 0.005
0.71 3 0.005
0.715 5 0.005
0.72 3 0.005
0.725 2 0.005
0.73 7 0.005
0.735 1 0.005
0.74 4 0.005
0.745 1 0.005
0.75 4 0.005
0.755 2 0.005
0.76 1 0.005
0.765 3 0.005
0.77 2 0.005
0.775 2 0.005
0.78 4 0.005
0.785 3 0.005
0.79 5 0.005
0.795 3 0.005
0.8 6 0.005
0.805 2 0.005
0.81 3 0.005
0.815 0 0.005
0.82 2 0.005
0.825 2 0.005
0.83 1 0.005
0.835 1 0.005
0.84 2 0.005
0.845 0 0.005
0.85 0 0.005
0.855 2 0.005
0.86 1 0.005
0.865 3 0.005
0.87 3 0.005
0.875 1 0.005
0.88 1 0.005
0.885 0 0.005
0.89 2 0.005
0.895 1 0.005
0.9 2 0.005
0.905 1 0.005
0.91 0 0.005
0.915 2 0.005
0.92 0 0.005
0.925 1 0.005
0.93 0 0.005
0.935 0 0.005
0.94 2 0.005
0.945 0 0.005
0.95 1 0.005
0.955 0 0.005
0.96 0 0.005
0.965 0 0.005
0.97 1 0.005
0.975 0 0.005
0.98 1 0.005
0.985 1 0.005
0.99 1 0.005
0.995 1 0.005
