0 5 1
1 13 1
2 57 1
3 61 1
4 148 1
5 70 1
6 98 1
7 64 1
8 82 1
9 49 1
10 42 1
11 32 1
12 39 1
13 22 1
14 26 1
15 33 1
16 29 1
17 25 1
18 24 1
19 31 1
20 25 1
21 28 1
22 24 1
23 33 1
24 29 1
25 26 1
26 26 1
27 28 1
28 12 1
29 10 1
30 18 1
31 15 1
32 23 1
33 16 1
34 12 1
35 13 1
36 15 1
37 17 1
38 12 1
39 14 1
40 21 1
41 18 1
42 22 1
43 20 1
44 15 1
45 16 1
46 9 1
47 7 1
48 12 1
49 6 1
50 9 1
51 16 1
52 15 1
53 11 1
54 16 1
55 5 1
56 9 1
57 13 1
58 14 1
59 14 1
60 11 1
61 9 1
62 14 1
63 14 1
64 10 1
65 11 1
66 7 1
67 8 1
68 8 1
69 12 1
70 14 1
71 14 1
72 6 1
73 8 1
74 10 1
75 14 1
76 11 1
77 10 1
78 9 1
79 12 1
80 9 1
81 5 1
82 7 1
83 5 1
84 11 1
85 9 1
86 7 1
87 11 1
88 8 1
89 7 1
90 14 1
91 12 1
92 7 1
93 6 1
94 5 1
95 7 1
96 9 1
97 5 1
98 12 1
99 6 1
100 5 1
101 7 1
102 10 1
103 6 1
104 4 1
105 8 1
106 3 1
107 3 1
108 4 1
109 3 1
110 6 1
111 7 1
112 5 1
113 1 1
114 8 1
115 5 1
116 6 1
117 4 1
118 9 1
119 1 1
120 4 1
121 8 1
122 3 1
123 4 1
124 1 1
125 5 1
126 1 1
127 7 1
128 2 1
129 8 1
130 6 1
131 6 1
132 3 1
133 2 1
134 6 1
135 5 1
136 5 1
137 5 1
138 6 1
139 3 1
140 3 1
141 3 1
142 3 1
143 4 1
144 3 1
145 6 1
146 2 1
147 4 1
148 5 1
149 2 1
150 4 1
151 1 1
152 2 1
153 2 1
154 3 1
155 3 1
156 2 1
157 3 1
158 1 1
159 3 1
160 1 1
161 3 1
162 0 1
163 2 1
164 0 1
165 3 1
166 0 1
167 3 1
168 1 1
169 1 1
170 0 1
171 2 1
172 0 1
173 1 1
174 1 1
175 1 1
176 1 1
177 0 1
178 1 1
179 0 1
180 0 1
181 0 1
182 0 1
183 0 1
184 0 1
185 0 1
186 0 1
187 0 1
188 0 1
189 0 1
190 1 1
191 1 1
192 0 1
193 1 1
194 1 1
195 0 1
196 0 1
197 0 1
198 0 1
199 0 1
