0 3 1
1 28 1
2 181 1
3 747 1
4 1554 1
5 625 1
6 846 1
7 507 1
8 618 1
9 468 1
10 463 1
11 413 1
12 403 1
13 331 1
14 307 1
15 283 1
16 232 1
17 223 1
18 237 1
19 258 1
20 227 1
21 249 1
22 251 1
23 231 1
24 240 1
25 210 1
26 191 1
27 189 1
28 206 1
29 154 1
30 167 1
31 175 1
32 176 1
33 156 1
34 140 1
35 148 1
36 130 1
37 114 1
38 110 1
39 106 1
40 99 1
41 109 1
42 94 1
43 90 1
44 80 1
45 95 1
46 81 1
47 79 1
48 64 1
49 80 1
50 83 1
51 68 1
52 60 1
53 68 1
54 65 1
55 86 1
56 73 1
57 74 1
58 59 1
59 69 1
60 58 1
61 74 1
62 59 1
63 59 1
64 67 1
65 63 1
66 50 1
67 51 1
68 62 1
69 40 1
70 50 1
71 57 1
72 55 1
73 43 1
74 47 1
75 45 1
76 31 1
77 36 1
78 36 1
79 34 1
80 40 1
81 19 1
82 28 1
83 24 1
84 32 1
85 27 1
86 24 1
87 16 1
88 24 1
89 26 1
90 18 1
91 19 1
92 22 1
93 22 1
94 20 1
95 17 1
96 13 1
97 12 1
98 17 1
99 11 1
100 17 1
101 9 1
102 3 1
103 5 1
104 7 1
105 10 1
106 8 1
107 6 1
108 12 1
109 5 1
110 8 1
111 4 1
112 6 1
113 2 1
114 4 1
115 2 1
116 6 1
117 3 1
118 5 1
119 1 1
120 1 1
121 3 1
122 1 1
123 1 1
124 1 1
125 2 1
126 0 1
127 3 1
128 1 1
129 0 1
130 0 1
131 1 1
132 1 1
133 0 1
134 0 1
135 0 1
136 0 1
137 0 1
138 0 1
139 0 1
140 0 1
141 0 1
142 0 1
143 0 1
144 0 1
145 0 1
146 0 1
147 0 1
148 0 1
149 0 1
150 0 1
151 0 1
152 0 1
153 0 1
154 0 1
155 0 1
156 0 1
157 0 1
158 0 1
159 0 1
160 0 1
161 0 1
162 0 1
163 0 1
164 0 1
165 0 1
166 0 1
167 0 1
168 0 1
169 0 1
170 0 1
171 0 1
172 0 1
173 0 1
174 0 1
175 0 1
176 0 1
177 0 1
178 0 1
179 0 1
180 0 1
181 0 1
182 0 1
183 0 1
184 0 1
185 0 1
186 0 1
187 0 1
188 0 1
189 0 1
190 0 1
191 0 1
192 0 1
193 0 1
194 0 1
195 0 1
196 0 1
197 0 1
198 0 1
199 0 1
