0 11 1
1 181 1
2 1543 1
3 3704 1
4 4928 1
5 1702 1
6 1927 1
7 921 1
8 934 1
9 530 1
10 425 1
11 354 1
12 321 1
13 243 1
14 231 1
15 189 1
16 168 1
17 123 1
18 114 1
19 116 1
20 84 1
21 81 1
22 72 1
23 77 1
24 71 1
25 56 1
26 50 1
27 52 1
28 27 1
29 28 1
30 32 1
31 28 1
32 32 1
33 26 1
34 21 1
35 18 1
36 22 1
37 19 1
38 15 1
39 14 1
40 19 1
41 15 1
42 16 1
43 15 1
44 13 1
45 13 1
46 3 1
47 3 1
48 11 1
49 2 1
50 9 1
51 10 1
52 12 1
53 4 1
54 5 1
55 1 1
56 2 1
57 4 1
58 1 1
59 4 1
60 1 1
61 2 1
62 3 1
63 2 1
64 0 1
65 2 1
66 1 1
67 1 1
68 1 1
69 1 1
70 3 1
71 1 1
72 1 1
73 1 1
74 0 1
75 0 1
76 1 1
77 0 1
78 1 1
79 0 1
80 1 1
81 0 1
82 0 1
83 0 1
84 0 1
85 0 1
86 1 1
87 0 1
88 0 1
89 1 1
90 0 1
91 0 1
92 1 1
93 0 1
94 0 1
95 0 1
96 0 1
97 0 1
98 0 1
99 0 1
100 0 1
101 0 1
102 0 1
103 0 1
104 0 1
105 0 1
106 0 1
107 0 1
108 0 1
109 0 1
110 0 1
111 0 1
112 0 1
113 0 1
114 0 1
115 0 1
116 0 1
117 0 1
118 0 1
119 0 1
120 0 1
121 0 1
122 0 1
123 0 1
124 0 1
125 0 1
126 0 1
127 0 1
128 0 1
129 0 1
130 0 1
131 0 1
132 0 1
133 0 1
134 0 1
135 0 1
136 0 1
137 0 1
138 0 1
139 0 1
140 0 1
141 0 1
142 0 1
143 0 1
144 0 1
145 0 1
146 0 1
147 0 1
148 0 1
149 0 1
150 0 1
151 0 1
152 0 1
153 0 1
154 0 1
155 0 1
156 0 1
157 0 1
158 0 1
159 0 1
160 0 1
161 0 1
162 0 1
163 0 1
164 0 1
165 0 1
166 0 1
167 0 1
168 0 1
169 0 1
170 0 1
171 0 1
172 0 1
173 0 1
174 0 1
175 0 1
176 0 1
177 0 1
178 0 1
179 0 1
180 0 1
181 0 1
182 0 1
183 0 1
184 0 1
185 0 1
186 0 1
187 0 1
188 0 1
189 0 1
190 0 1
191 0 1
192 0 1
193 0 1
194 0 1
195 0 1
196 0 1
197 0 1
198 0 1
199 0 1
