0 196 1
1 2400 1
2 9663 1
3 9237 1
4 6501 1
5 5637 1
6 5229 1
7 4018 1
8 3771 1
9 3206 1
10 3281 1
11 3042 1
12 1954 1
13 1699 1
14 1467 1
15 1353 1
16 1182 1
17 1132 1
18 969 1
19 995 1
20 938 1
21 935 1
22 786 1
23 775 1
24 683 1
25 679 1
26 550 1
27 527 1
28 527 1
29 498 1
30 432 1
31 366 1
32 387 1
33 291 1
34 292 1
35 277 1
36 282 1
37 217 1
38 243 1
39 219 1
40 195 1
41 188 1
42 189 1
43 159 1
44 148 1
45 141 1
46 123 1
47 154 1
48 113 1
49 134 1
50 121 1
51 107 1
52 102 1
53 99 1
54 100 1
55 97 1
56 91 1
57 68 1
58 66 1
59 76 1
60 70 1
61 69 1
62 68 1
63 55 1
64 57 1
65 64 1
66 44 1
67 41 1
68 49 1
69 32 1
70 38 1
71 49 1
72 38 1
73 33 1
74 44 1
75 36 1
76 25 1
77 29 1
78 28 1
79 30 1
80 37 1
81 16 1
82 20 1
83 24 1
84 30 1
85 26 1
86 20 1
87 14 1
88 22 1
89 22 1
90 19 1
91 19 1
92 23 1
93 22 1
94 19 1
95 16 1
96 13 1
97 12 1
98 17 1
99 10 1
100 15 1
101 8 1
102 4 1
103 6 1
104 6 1
105 11 1
106 8 1
107 7 1
108 13 1
109 5 1
110 9 1
111 9 1
112 9 1
113 3 1
114 8 1
115 5 1
116 8 1
117 5 1
118 9 1
119 2 1
120 1 1
121 9 1
122 2 1
123 3 1
124 2 1
125 6 1
126 1 1
127 7 1
128 2 1
129 5 1
130 6 1
131 4 1
132 4 1
133 2 1
134 6 1
135 5 1
136 3 1
137 4 1
138 5 1
139 3 1
140 3 1
141 4 1
142 2 1
143 4 1
144 2 1
145 5 1
146 1 1
147 4 1
148 3 1
149 2 1
150 3 1
151 1 1
152 3 1
153 2 1
154 3 1
155 3 1
156 2 1
157 3 1
158 1 1
159 3 1
160 1 1
161 3 1
162 0 1
163 2 1
164 0 1
165 3 1
166 0 1
167 4 1
168 1 1
169 1 1
170 1 1
171 2 1
172 0 1
173 1 1
174 1 1
175 1 1
176 1 1
177 0 1
178 1 1
179 1 1
180 0 1
181 0 1
182 0 1
183 0 1
184 0 1
185 1 1
186 0 1
187 1 1
188 0 1
189 0 1
190 2 1
191 1 1
192 0 1
193 1 1
194 1 1
195 1 1
196 0 1
197 0 1
198 0 1
199 1 1
