0 284 1
1 3502 1
2 15638 1
3 18365 1
4 16741 1
5 11863 1
6 15693 1
7 7953 1
8 7157 1
9 5514 1
10 5230 1
11 4682 1
12 3430 1
13 2938 1
14 2663 1
15 2363 1
16 2114 1
17 1921 1
18 1731 1
19 1668 1
20 1494 1
21 1433 1
22 1251 1
23 1171 1
24 1068 1
25 1002 1
26 825 1
27 790 1
28 784 1
29 693 1
30 633 1
31 576 1
32 594 1
33 479 1
34 448 1
35 437 1
36 422 1
37 341 1
38 354 1
39 331 1
40 303 1
41 301 1
42 284 1
43 250 1
44 221 1
45 230 1
46 191 1
47 210 1
48 167 1
49 193 1
50 187 1
51 176 1
52 157 1
53 140 1
54 149 1
55 139 1
56 127 1
57 120 1
58 111 1
59 114 1
60 101 1
61 106 1
62 97 1
63 86 1
64 85 1
65 88 1
66 62 1
67 62 1
68 72 1
69 55 1
70 65 1
71 71 1
72 61 1
73 52 1
74 57 1
75 59 1
76 43 1
77 46 1
78 46 1
79 47 1
80 50 1
81 24 1
82 35 1
83 30 1
84 43 1
85 36 1
86 33 1
87 27 1
88 32 1
89 34 1
90 32 1
91 31 1
92 30 1
93 29 1
94 26 1
95 24 1
96 22 1
97 17 1
98 31 1
99 18 1
100 26 1
101 16 1
102 15 1
103 12 1
104 13 1
105 18 1
106 11 1
107 9 1
108 19 1
109 8 1
110 16 1
111 12 1
112 11 1
113 3 1
114 13 1
115 8 1
116 12 1
117 9 1
118 15 1
119 2 1
120 6 1
121 12 1
122 5 1
123 5 1
124 3 1
125 7 1
126 2 1
127 10 1
128 4 1
129 8 1
130 7 1
131 7 1
132 6 1
133 3 1
134 6 1
135 6 1
136 7 1
137 5 1
138 6 1
139 4 1
140 3 1
141 4 1
142 3 1
143 4 1
144 3 1
145 6 1
146 2 1
147 4 1
148 5 1
149 3 1
150 4 1
151 2 1
152 3 1
153 2 1
154 4 1
155 3 1
156 3 1
157 4 1
158 1 1
159 3 1
160 1 1
161 3 1
162 0 1
163 2 1
164 1 1
165 3 1
166 0 1
167 4 1
168 2 1
169 1 1
170 1 1
171 2 1
172 0 1
173 1 1
174 1 1
175 1 1
176 1 1
177 0 1
178 1 1
179 1 1
180 0 1
181 0 1
182 0 1
183 0 1
184 0 1
185 1 1
186 0 1
187 1 1
188 0 1
189 0 1
190 2 1
191 1 1
192 0 1
193 1 1
194 1 1
195 1 1
196 0 1
197 0 1
198 0 1
199 1 1
