0 67 1
1 895 1
2 4315 1
3 5281 1
4 5107 1
5 4452 1
6 8472 1
7 2974 1
8 2421 1
9 1760 1
10 1512 1
11 1276 1
12 1143 1
13 990 1
14 964 1
15 817 1
16 764 1
17 665 1
18 648 1
19 557 1
20 471 1
21 415 1
22 393 1
23 319 1
24 314 1
25 267 1
26 225 1
27 210 1
28 230 1
29 167 1
30 169 1
31 182 1
32 175 1
33 162 1
34 135 1
35 142 1
36 118 1
37 105 1
38 96 1
39 98 1
40 89 1
41 98 1
42 79 1
43 76 1
44 60 1
45 76 1
46 65 1
47 53 1
48 43 1
49 57 1
50 57 1
51 59 1
52 43 1
53 37 1
54 44 1
55 41 1
56 34 1
57 48 1
58 44 1
59 34 1
60 30 1
61 35 1
62 26 1
63 29 1
64 28 1
65 22 1
66 17 1
67 20 1
68 22 1
69 22 1
70 24 1
71 21 1
72 22 1
73 18 1
74 13 1
75 23 1
76 17 1
77 17 1
78 17 1
79 17 1
80 12 1
81 8 1
82 15 1
83 6 1
84 13 1
85 10 1
86 12 1
87 13 1
88 10 1
89 11 1
90 13 1
91 12 1
92 6 1
93 7 1
94 7 1
95 8 1
96 9 1
97 5 1
98 14 1
99 8 1
100 11 1
101 8 1
102 11 1
103 6 1
104 7 1
105 7 1
106 3 1
107 2 1
108 6 1
109 3 1
110 7 1
111 3 1
112 2 1
113 0 1
114 5 1
115 3 1
116 4 1
117 4 1
118 6 1
119 0 1
120 5 1
121 3 1
122 3 1
123 2 1
124 1 1
125 1 1
126 1 1
127 3 1
128 2 1
129 3 1
130 1 1
131 3 1
132 2 1
133 1 1
134 0 1
135 1 1
136 4 1
137 1 1
138 1 1
139 1 1
140 0 1
141 0 1
142 1 1
143 0 1
144 1 1
145 1 1
146 1 1
147 0 1
148 2 1
149 1 1
150 1 1
151 1 1
152 0 1
153 0 1
154 1 1
155 0 1
156 1 1
157 1 1
158 0 1
159 0 1
160 0 1
161 0 1
162 0 1
163 0 1
164 1 1
165 0 1
166 0 1
167 0 1
168 1 1
169 0 1
170 0 1
171 0 1
172 0 1
173 0 1
174 0 1
175 0 1
176 0 1
177 0 1
178 0 1
179 0 1
180 0 1
181 0 1
182 0 1
183 0 1
184 0 1
185 0 1
186 0 1
187 0 1
188 0 1
189 0 1
190 0 1
191 0 1
192 0 1
193 0 1
194 0 1
195 0 1
196 0 1
197 0 1
198 0 1
199 0 1
