0 0 1
1 0 1
2 3856 1
3 5085 1
4 4612 1
5 4369 1
6 8395 1
7 3028 1
8 2328 1
9 1899 1
10 1555 1
11 1290 1
12 1129 1
13 1018 1
14 944 1
15 849 1
16 762 1
17 690 1
18 687 1
19 574 1
20 521 1
21 493 1
22 446 1
23 418 1
24 365 1
25 303 1
26 313 1
27 302 1
28 236 1
29 211 1
30 249 1
31 235 1
32 191 1
33 170 1
34 165 1
35 127 1
36 163 1
37 128 1
38 157 1
39 120 1
40 133 1
41 134 1
42 118 1
43 113 1
44 99 1
45 105 1
46 87 1
47 80 1
48 81 1
49 91 1
50 67 1
51 72 1
52 63 1
53 64 1
54 68 1
55 53 1
56 52 1
57 48 1
58 50 1
59 63 1
60 52 1
61 30 1
62 43 1
63 46 1
64 29 1
65 46 1
66 29 1
67 29 1
68 34 1
69 27 1
70 28 1
71 30 1
72 35 1
73 27 1
74 35 1
75 24 1
76 31 1
77 26 1
78 29 1
79 20 1
80 14 1
81 17 1
82 18 1
83 23 1
84 14 1
85 14 1
86 24 1
87 19 1
88 11 1
89 19 1
90 13 1
91 17 1
92 11 1
93 17 1
94 21 1
95 16 1
96 12 1
97 12 1
98 17 1
99 6 1
100 12 1
101 12 1
102 8 1
103 7 1
104 18 1
105 8 1
106 11 1
107 8 1
108 8 1
109 16 1
110 8 1
111 3 1
112 6 1
113 8 1
114 5 1
115 11 1
116 10 1
117 7 1
118 4 1
119 4 1
120 5 1
121 8 1
122 10 1
123 8 1
124 6 1
125 8 1
126 6 1
127 4 1
128 6 1
129 10 1
130 3 1
131 8 1
132 8 1
133 5 1
134 3 1
135 3 1
136 5 1
137 4 1
138 8 1
139 4 1
140 5 1
141 5 1
142 3 1
143 4 1
144 2 1
145 3 1
146 4 1
147 1 1
148 3 1
149 4 1
150 1 1
151 2 1
152 2 1
153 2 1
154 2 1
155 2 1
156 2 1
157 2 1
158 5 1
159 0 1
160 1 1
161 3 1
162 3 1
163 4 1
164 1 1
165 3 1
166 3 1
167 2 1
168 0 1
169 3 1
170 0 1
171 2 1
172 4 1
173 2 1
174 2 1
175 1 1
176 2 1
177 1 1
178 0 1
179 1 1
180 0 1
181 1 1
182 0 1
183 0 1
184 0 1
185 0 1
186 1 1
187 3 1
188 2 1
189 1 1
190 0 1
191 1 1
192 1 1
193 3 1
194 2 1
195 0 1
196 0 1
197 0 1
198 1 1
199 0 1
