0 0 1
1 0 1
2 1038 1
3 1964 1
4 3002 1
5 2572 1
6 2580 1
7 1230 1
8 1073 1
9 994 1
10 574 1
11 522 1
12 564 1
13 330 1
14 315 1
15 245 1
16 223 1
17 196 1
18 178 1
19 173 1
20 170 1
21 128 1
22 97 1
23 99 1
24 98 1
25 85 1
26 69 1
27 68 1
28 73 1
29 65 1
30 55 1
31 64 1
32 52 1
33 49 1
34 53 1
35 35 1
36 32 1
37 43 1
38 41 1
39 34 1
40 24 1
41 26 1
42 23 1
43 31 1
44 17 1
45 21 1
46 21 1
47 22 1
48 16 1
49 13 1
50 15 1
51 14 1
52 17 1
53 9 1
54 15 1
55 12 1
56 10 1
57 4 1
58 9 1
59 11 1
60 12 1
61 12 1
62 16 1
63 7 1
64 3 1
65 10 1
66 0 1
67 3 1
68 5 1
69 8 1
70 12 1
71 2 1
72 3 1
73 3 1
74 4 1
75 4 1
76 4 1
77 5 1
78 4 1
79 3 1
80 4 1
81 5 1
82 0 1
83 0 1
84 2 1
85 4 1
86 2 1
87 2 1
88 1 1
89 2 1
90 3 1
91 1 1
92 1 1
93 0 1
94 0 1
95 1 1
96 1 1
97 1 1
98 1 1
99 1 1
100 0 1
101 1 1
102 2 1
103 2 1
104 1 1
105 1 1
106 0 1
107 0 1
108 0 1
109 0 1
110 0 1
111 0 1
112 1 1
113 0 1
114 0 1
115 0 1
116 0 1
117 1 1
118 0 1
119 0 1
120 1 1
121 0 1
122 0 1
123 0 1
124 0 1
125 1 1
126 0 1
127 0 1
128 0 1
129 0 1
130 0 1
131 1 1
132 0 1
133 0 1
134 0 1
135 0 1
136 0 1
137 1 1
138 0 1
139 0 1
140 0 1
141 0 1
142 0 1
143 0 1
144 0 1
145 0 1
146 0 1
147 0 1
148 0 1
149 0 1
150 0 1
151 0 1
152 0 1
153 0 1
154 0 1
155 0 1
156 0 1
157 0 1
158 0 1
159 0 1
160 0 1
161 0 1
162 0 1
163 0 1
164 0 1
165 0 1
166 0 1
167 0 1
168 0 1
169 0 1
170 0 1
171 0 1
172 0 1
173 0 1
174 0 1
175 0 1
176 0 1
177 0 1
178 0 1
179 0 1
180 0 1
181 0 1
182 0 1
183 0 1
184 0 1
185 0 1
186 0 1
187 0 1
188 0 1
189 0 1
190 0 1
191 0 1
192 0 1
193 0 1
194 0 1
195 0 1
196 0 1
197 0 1
198 0 1
199 0 1
