0 0 1
1 0 1
2 0 1
3 1 1
4 5 1
5 12 1
6 23 1
7 33 1
8 38 1
9 52 1
10 65 1
11 52 1
12 53 1
13 65 1
14 60 1
15 55 1
16 52 1
17 48 1
18 49 1
19 50 1
20 48 1
21 56 1
22 40 1
23 40 1
24 53 1
25 43 1
26 35 1
27 42 1
28 53 1
29 39 1
30 28 1
31 25 1
32 27 1
33 22 1
34 23 1
35 23 1
36 17 1
37 12 1
38 14 1
39 20 1
40 14 1
41 17 1
42 14 1
43 22 1
44 19 1
45 14 1
46 18 1
47 18 1
48 13 1
49 17 1
50 7 1
51 8 1
52 9 1
53 13 1
54 6 1
55 15 1
56 5 1
57 12 1
58 13 1
59 15 1
60 12 1
61 14 1
62 9 1
63 15 1
64 4 1
65 12 1
66 9 1
67 10 1
68 12 1
69 10 1
70 8 1
71 12 1
72 9 1
73 5 1
74 10 1
75 3 1
76 4 1
77 10 1
78 7 1
79 6 1
80 12 1
81 7 1
82 10 1
83 8 1
84 8 1
85 8 1
86 4 1
87 5 1
88 8 1
89 12 1
90 5 1
91 12 1
92 9 1
93 5 1
94 8 1
95 1 1
96 8 1
97 6 1
98 1 1
99 5 1
100 6 1
101 8 1
102 1 1
103 1 1
104 5 1
105 5 1
106 4 1
107 2 1
108 8 1
109 6 1
110 3 1
111 6 1
112 2 1
113 2 1
114 5 1
115 7 1
116 7 1
117 6 1
118 4 1
119 5 1
120 4 1
121 3 1
122 3 1
123 5 1
124 3 1
125 2 1
126 3 1
127 2 1
128 5 1
129 3 1
130 4 1
131 3 1
132 4 1
133 2 1
134 2 1
135 2 1
136 5 1
137 2 1
138 3 1
139 4 1
140 4 1
141 4 1
142 5 1
143 2 1
144 4 1
145 3 1
146 1 1
147 2 1
148 0 1
149 0 1
150 0 1
151 1 1
152 3 1
153 4 1
154 2 1
155 4 1
156 1 1
157 0 1
158 1 1
159 0 1
160 3 1
161 1 1
162 4 1
163 0 1
164 0 1
165 4 1
166 1 1
167 6 1
168 3 1
169 4 1
170 2 1
171 2 1
172 0 1
173 1 1
174 1 1
175 3 1
176 2 1
177 2 1
178 2 1
179 1 1
180 2 1
181 0 1
182 3 1
183 1 1
184 0 1
185 0 1
186 1 1
187 1 1
188 2 1
189 2 1
190 1 1
191 1 1
192 1 1
193 3 1
194 1 1
195 4 1
196 2 1
197 3 1
198 0 1
199 3 1
