0 0 1
1 0 1
2 0 1
3 0 1
4 0 1
5 0 1
6 1 1
7 1 1
8 1 1
9 3 1
10 3 1
11 8 1
12 6 1
13 12 1
14 14 1
15 18 1
16 13 1
17 21 1
18 26 1
19 24 1
20 34 1
21 25 1
22 32 1
23 30 1
24 27 1
25 24 1
26 34 1
27 31 1
28 32 1
29 37 1
30 33 1
31 28 1
32 40 1
33 46 1
34 43 1
35 52 1
36 56 1
37 62 1
38 40 1
39 55 1
40 44 1
41 52 1
42 73 1
43 46 1
44 65 1
45 54 1
46 53 1
47 43 1
48 50 1
49 42 1
50 49 1
51 50 1
52 45 1
53 38 1
54 41 1
55 30 1
56 54 1
57 37 1
58 32 1
59 31 1
60 29 1
61 23 1
62 19 1
63 21 1
64 24 1
65 21 1
66 20 1
67 23 1
68 17 1
69 11 1
70 16 1
71 13 1
72 11 1
73 8 1
74 13 1
75 7 1
76 9 1
77 7 1
78 9 1
79 6 1
80 9 1
81 10 1
82 6 1
83 4 1
84 0 1
85 6 1
86 2 1
87 3 1
88 3 1
89 3 1
90 4 1
91 4 1
92 2 1
93 2 1
94 3 1
95 4 1
96 2 1
97 4 1
98 2 1
99 1 1
100 3 1
101 3 1
102 1 1
103 1 1
104 0 1
105 1 1
106 2 1
107 1 1
108 0 1
109 1 1
110 1 1
111 2 1
112 2 1
113 1 1
114 1 1
115 2 1
116 1 1
117 1 1
118 2 1
119 1 1
120 0 1
121 1 1
122 1 1
123 0 1
124 1 1
125 1 1
126 2 1
127 1 1
128 1 1
129 0 1
130 0 1
131 1 1
132 0 1
133 0 1
134 0 1
135 0 1
136 0 1
137 0 1
138 0 1
139 1 1
140 0 1
141 0 1
142 0 1
143 0 1
144 1 1
145 0 1
146 0 1
147 0 1
148 0 1
149 1 1
150 0 1
151 0 1
152 2 1
153 0 1
154 0 1
155 0 1
156 0 1
157 0 1
158 0 1
159 0 1
160 0 1
161 0 1
162 0 1
163 0 1
164 0 1
165 0 1
166 0 1
167 0 1
168 0 1
169 0 1
170 0 1
171 0 1
172 0 1
173 0 1
174 0 1
175 0 1
176 0 1
177 0 1
178 0 1
179 0 1
180 0 1
181 0 1
182 0 1
183 0 1
184 0 1
185 0 1
186 0 1
187 0 1
188 0 1
189 0 1
190 0 1
191 0 1
192 0 1
193 0 1
194 0 1
195 0 1
196 0 1
197 0 1
198 0 1
199 0 1
