0 0 1
1 0 1
2 33 1
3 179 1
4 3619 1
5 8012 1
6 8965 1
7 7261 1
8 5417 1
9 4196 1
10 3329 1
11 2572 1
12 2119 1
13 1740 1
14 1546 1
15 1279 1
16 1122 1
17 980 1
18 837 1
19 794 1
20 679 1
21 597 1
22 539 1
23 471 1
24 379 1
25 350 1
26 328 1
27 342 1
28 288 1
29 248 1
30 230 1
31 223 1
32 207 1
33 182 1
34 151 1
35 175 1
36 165 1
37 137 1
38 122 1
39 126 1
40 111 1
41 101 1
42 106 1
43 98 1
44 78 1
45 88 1
46 70 1
47 58 1
48 78 1
49 61 1
50 48 1
51 44 1
52 53 1
53 38 1
54 43 1
55 30 1
56 37 1
57 31 1
58 24 1
59 25 1
60 22 1
61 23 1
62 14 1
63 18 1
64 13 1
65 12 1
66 15 1
67 7 1
68 15 1
69 9 1
70 13 1
71 6 1
72 9 1
73 8 1
74 2 1
75 2 1
76 5 1
77 5 1
78 2 1
79 1 1
80 3 1
81 5 1
82 1 1
83 4 1
84 3 1
85 4 1
86 2 1
87 2 1
88 1 1
89 0 1
90 2 1
91 1 1
92 0 1
93 0 1
94 0 1
95 1 1
96 1 1
97 0 1
98 0 1
99 1 1
100 0 1
101 0 1
102 0 1
103 0 1
104 0 1
105 0 1
106 0 1
107 0 1
108 0 1
109 0 1
110 0 1
111 0 1
112 1 1
113 1 1
114 0 1
115 0 1
116 0 1
117 0 1
118 0 1
119 1 1
120 0 1
121 0 1
122 0 1
123 0 1
124 0 1
125 0 1
126 0 1
127 0 1
128 0 1
129 0 1
130 0 1
131 0 1
132 1 1
133 0 1
134 0 1
135 0 1
136 0 1
137 0 1
138 0 1
139 0 1
140 0 1
141 0 1
142 0 1
143 0 1
144 0 1
145 0 1
146 0 1
147 0 1
148 0 1
149 0 1
150 0 1
151 0 1
152 0 1
153 0 1
154 0 1
155 0 1
156 0 1
157 0 1
158 0 1
159 0 1
160 0 1
161 0 1
162 0 1
163 0 1
164 0 1
165 0 1
166 0 1
167 0 1
168 0 1
169 0 1
170 0 1
171 0 1
172 0 1
173 0 1
174 0 1
175 0 1
176 0 1
177 0 1
178 0 1
179 0 1
180 0 1
181 0 1
182 1 1
183 0 1
184 0 1
185 0 1
186 0 1
187 0 1
188 0 1
189 0 1
190 0 1
191 0 1
192 0 1
193 0 1
194 0 1
195 0 1
196 0 1
197 0 1
198 0 1
199 0 1
