0 0 1
1 0 1
2 0 1
3 0 1
4 1 1
5 3 1
6 0 1
7 9 1
8 15 1
9 35 1
10 75 1
11 168 1
12 352 1
13 519 1
14 730 1
15 870 1
16 909 1
17 951 1
18 972 1
19 885 1
20 854 1
21 716 1
22 728 1
23 655 1
24 583 1
25 523 1
26 502 1
27 440 1
28 431 1
29 344 1
30 323 1
31 309 1
32 284 1
33 238 1
34 207 1
35 191 1
36 191 1
37 183 1
38 121 1
39 122 1
40 113 1
41 125 1
42 95 1
43 66 1
44 68 1
45 55 1
46 52 1
47 57 1
48 37 1
49 33 1
50 36 1
51 26 1
52 21 1
53 29 1
54 21 1
55 16 1
56 23 1
57 22 1
58 10 1
59 4 1
60 7 1
61 4 1
62 10 1
63 12 1
64 5 1
65 5 1
66 4 1
67 7 1
68 3 1
69 6 1
70 3 1
71 0 1
72 1 1
73 5 1
74 1 1
75 2 1
76 2 1
77 0 1
78 1 1
79 0 1
80 1 1
81 3 1
82 2 1
83 1 1
84 2 1
85 2 1
86 0 1
87 2 1
88 1 1
89 0 1
90 1 1
91 0 1
92 0 1
93 0 1
94 0 1
95 0 1
96 0 1
97 0 1
98 0 1
99 1 1
100 0 1
101 0 1
102 0 1
103 0 1
104 0 1
105 0 1
106 0 1
107 0 1
108 0 1
109 0 1
110 0 1
111 0 1
112 0 1
113 0 1
114 0 1
115 0 1
116 0 1
117 0 1
118 0 1
119 0 1
120 0 1
121 0 1
122 0 1
123 0 1
124 0 1
125 0 1
126 0 1
127 0 1
128 0 1
129 0 1
130 0 1
131 0 1
132 1 1
133 0 1
134 0 1
135 0 1
136 0 1
137 0 1
138 0 1
139 1 1
140 0 1
141 0 1
142 0 1
143 0 1
144 0 1
145 0 1
146 0 1
147 0 1
148 0 1
149 0 1
150 0 1
151 0 1
152 0 1
153 0 1
154 0 1
155 0 1
156 0 1
157 0 1
158 0 1
159 0 1
160 0 1
161 0 1
162 0 1
163 0 1
164 0 1
165 0 1
166 0 1
167 0 1
168 0 1
169 0 1
170 0 1
171 0 1
172 0 1
173 0 1
174 0 1
175 0 1
176 0 1
177 0 1
178 0 1
179 0 1
180 0 1
181 0 1
182 0 1
183 0 1
184 0 1
185 0 1
186 0 1
187 0 1
188 0 1
189 0 1
190 0 1
191 0 1
192 0 1
193 0 1
194 0 1
195 0 1
196 0 1
197 0 1
198 0 1
199 0 1
