0 0 1
1 0 1
2 5 1
3 6 1
4 85 1
5 150 1
6 258 1
7 325 1
8 412 1
9 550 1
10 540 1
11 568 1
12 558 1
13 584 1
14 634 1
15 582 1
16 616 1
17 579 1
18 577 1
19 568 1
20 497 1
21 509 1
22 473 1
23 469 1
24 455 1
25 375 1
26 392 1
27 324 1
28 293 1
29 302 1
30 240 1
31 231 1
32 216 1
33 174 1
34 167 1
35 173 1
36 146 1
37 155 1
38 122 1
39 127 1
40 133 1
41 109 1
42 102 1
43 88 1
44 99 1
45 82 1
46 88 1
47 68 1
48 76 1
49 79 1
50 56 1
51 64 1
52 55 1
53 46 1
54 44 1
55 51 1
56 46 1
57 47 1
58 38 1
59 37 1
60 45 1
61 35 1
62 32 1
63 37 1
64 33 1
65 40 1
66 33 1
67 25 1
68 28 1
69 26 1
70 24 1
71 26 1
72 18 1
73 20 1
74 16 1
75 22 1
76 22 1
77 16 1
78 20 1
79 15 1
80 12 1
81 14 1
82 14 1
83 15 1
84 8 1
85 17 1
86 14 1
87 10 1
88 9 1
89 12 1
90 11 1
91 10 1
92 6 1
93 5 1
94 10 1
95 6 1
96 6 1
97 8 1
98 9 1
99 8 1
100 3 1
101 9 1
102 4 1
103 7 1
104 7 1
105 6 1
106 6 1
107 6 1
108 4 1
109 3 1
110 4 1
111 7 1
112 4 1
113 4 1
114 2 1
115 3 1
116 3 1
117 4 1
118 9 1
119 4 1
120 5 1
121 3 1
122 3 1
123 1 1
124 2 1
125 3 1
126 2 1
127 2 1
128 5 1
129 1 1
130 2 1
131 3 1
132 2 1
133 1 1
134 0 1
135 3 1
136 1 1
137 0 1
138 1 1
139 2 1
140 0 1
141 1 1
142 3 1
143 0 1
144 1 1
145 0 1
146 1 1
147 3 1
148 1 1
149 0 1
150 1 1
151 1 1
152 1 1
153 2 1
154 1 1
155 0 1
156 0 1
157 0 1
158 0 1
159 2 1
160 1 1
161 1 1
162 2 1
163 0 1
164 1 1
165 1 1
166 3 1
167 2 1
168 0 1
169 0 1
170 0 1
171 0 1
172 1 1
173 0 1
174 1 1
175 1 1
176 0 1
177 0 1
178 1 1
179 0 1
180 0 1
181 0 1
182 0 1
183 0 1
184 0 1
185 1 1
186 0 1
187 1 1
188 0 1
189 0 1
190 0 1
191 0 1
192 0 1
193 0 1
194 0 1
195 0 1
196 0 1
197 0 1
198 0 1
199 0 1
