0 0 1
1 0 1
2 3 1
3 36 1
4 474 1
5 1490 1
6 2612 1
7 3345 1
8 3512 1
9 3201 1
10 2669 1
11 2081 1
12 1655 1
13 1382 1
14 1107 1
15 880 1
16 735 1
17 650 1
18 523 1
19 453 1
20 410 1
21 338 1
22 324 1
23 269 1
24 259 1
25 224 1
26 223 1
27 186 1
28 159 1
29 129 1
30 131 1
31 113 1
32 101 1
33 91 1
34 75 1
35 83 1
36 76 1
37 81 1
38 58 1
39 58 1
40 53 1
41 55 1
42 48 1
43 43 1
44 47 1
45 39 1
46 41 1
47 47 1
48 33 1
49 29 1
50 40 1
51 37 1
52 29 1
53 28 1
54 26 1
55 16 1
56 25 1
57 20 1
58 15 1
59 21 1
60 15 1
61 13 1
62 25 1
63 18 1
64 23 1
65 15 1
66 15 1
67 24 1
68 9 1
69 18 1
70 13 1
71 10 1
72 9 1
73 13 1
74 11 1
75 14 1
76 17 1
77 8 1
78 4 1
79 10 1
80 6 1
81 8 1
82 8 1
83 2 1
84 6 1
85 5 1
86 4 1
87 1 1
88 4 1
89 2 1
90 4 1
91 7 1
92 5 1
93 6 1
94 0 1
95 4 1
96 5 1
97 8 1
98 2 1
99 4 1
100 5 1
101 2 1
102 0 1
103 3 1
104 4 1
105 2 1
106 1 1
107 1 1
108 0 1
109 3 1
110 1 1
111 1 1
112 0 1
113 0 1
114 2 1
115 0 1
116 0 1
117 0 1
118 1 1
119 0 1
120 1 1
121 1 1
122 0 1
123 1 1
124 1 1
125 0 1
126 0 1
127 1 1
128 0 1
129 1 1
130 1 1
131 0 1
132 0 1
133 0 1
134 0 1
135 0 1
136 0 1
137 0 1
138 0 1
139 0 1
140 0 1
141 0 1
142 0 1
143 0 1
144 0 1
145 0 1
146 0 1
147 0 1
148 0 1
149 0 1
150 1 1
151 0 1
152 0 1
153 0 1
154 0 1
155 0 1
156 0 1
157 0 1
158 0 1
159 0 1
160 0 1
161 0 1
162 0 1
163 0 1
164 0 1
165 0 1
166 0 1
167 0 1
168 0 1
169 0 1
170 0 1
171 0 1
172 0 1
173 0 1
174 0 1
175 0 1
176 0 1
177 0 1
178 0 1
179 0 1
180 0 1
181 0 1
182 0 1
183 0 1
184 0 1
185 0 1
186 0 1
187 0 1
188 0 1
189 0 1
190 0 1
191 0 1
192 0 1
193 0 1
194 0 1
195 0 1
196 0 1
197 0 1
198 0 1
199 0 1
