0 0 1
1 0 1
2 30 1
3 102 1
4 1459 1
5 2908 1
6 3349 1
7 3145 1
8 2750 1
9 2387 1
10 2000 1
11 1703 1
12 1448 1
13 1271 1
14 1128 1
15 1029 1
16 853 1
17 757 1
18 699 1
19 619 1
20 569 1
21 467 1
22 476 1
23 420 1
24 370 1
25 386 1
26 297 1
27 320 1
28 278 1
29 267 1
30 231 1
31 243 1
32 193 1
33 209 1
34 181 1
35 183 1
36 174 1
37 164 1
38 149 1
39 131 1
40 127 1
41 111 1
42 103 1
43 108 1
44 93 1
45 91 1
46 61 1
47 98 1
48 74 1
49 58 1
50 45 1
51 50 1
52 45 1
53 42 1
54 39 1
55 18 1
56 42 1
57 27 1
58 30 1
59 28 1
60 13 1
61 20 1
62 18 1
63 11 1
64 18 1
65 10 1
66 10 1
67 18 1
68 9 1
69 11 1
70 10 1
71 4 1
72 11 1
73 7 1
74 7 1
75 4 1
76 5 1
77 9 1
78 3 1
79 6 1
80 3 1
81 5 1
82 6 1
83 3 1
84 1 1
85 6 1
86 5 1
87 1 1
88 5 1
89 3 1
90 2 1
91 2 1
92 2 1
93 0 1
94 2 1
95 4 1
96 2 1
97 2 1
98 0 1
99 1 1
100 1 1
101 5 1
102 2 1
103 0 1
104 1 1
105 0 1
106 3 1
107 0 1
108 1 1
109 1 1
110 0 1
111 0 1
112 0 1
113 1 1
114 0 1
115 0 1
116 0 1
117 1 1
118 1 1
119 0 1
120 2 1
121 0 1
122 0 1
123 1 1
124 0 1
125 1 1
126 0 1
127 1 1
128 0 1
129 0 1
130 1 1
131 0 1
132 0 1
133 0 1
134 1 1
135 1 1
136 0 1
137 0 1
138 0 1
139 0 1
140 0 1
141 1 1
142 0 1
143 1 1
144 0 1
145 2 1
146 1 1
147 0 1
148 1 1
149 0 1
150 0 1
151 0 1
152 0 1
153 1 1
154 0 1
155 0 1
156 0 1
157 0 1
158 0 1
159 0 1
160 0 1
161 3 1
162 1 1
163 1 1
164 0 1
165 0 1
166 0 1
167 0 1
168 0 1
169 0 1
170 0 1
171 0 1
172 0 1
173 0 1
174 0 1
175 0 1
176 0 1
177 0 1
178 0 1
179 0 1
180 0 1
181 0 1
182 0 1
183 0 1
184 0 1
185 0 1
186 0 1
187 1 1
188 0 1
189 0 1
190 0 1
191 0 1
192 0 1
193 1 1
194 0 1
195 0 1
196 0 1
197 0 1
198 0 1
199 0 1
