0 0 1
1 0 1
2 0 1
3 7 1
4 93 1
5 321 1
6 755 1
7 1109 1
8 1308 1
9 1386 1
10 1309 1
11 1241 1
12 1130 1
13 945 1
14 844 1
15 800 1
16 678 1
17 597 1
18 565 1
19 471 1
20 442 1
21 385 1
22 402 1
23 356 1
24 297 1
25 270 1
26 267 1
27 224 1
28 234 1
29 186 1
30 182 1
31 185 1
32 173 1
33 155 1
34 135 1
35 108 1
36 122 1
37 107 1
38 96 1
39 89 1
40 82 1
41 93 1
42 78 1
43 56 1
44 58 1
45 43 1
46 51 1
47 58 1
48 50 1
49 42 1
50 49 1
51 26 1
52 45 1
53 33 1
54 38 1
55 39 1
56 35 1
57 28 1
58 19 1
59 18 1
60 21 1
61 17 1
62 16 1
63 23 1
64 17 1
65 16 1
66 17 1
67 14 1
68 13 1
69 13 1
70 7 1
71 5 1
72 5 1
73 12 1
74 10 1
75 9 1
76 5 1
77 6 1
78 5 1
79 3 1
80 10 1
81 3 1
82 3 1
83 8 1
84 4 1
85 6 1
86 1 1
87 7 1
88 4 1
89 3 1
90 4 1
91 2 1
92 3 1
93 1 1
94 1 1
95 1 1
96 3 1
97 1 1
98 1 1
99 3 1
100 0 1
101 1 1
102 2 1
103 1 1
104 0 1
105 1 1
106 0 1
107 3 1
108 1 1
109 1 1
110 0 1
111 0 1
112 0 1
113 0 1
114 1 1
115 0 1
116 0 1
117 0 1
118 1 1
119 1 1
120 0 1
121 0 1
122 0 1
123 0 1
124 0 1
125 0 1
126 0 1
127 0 1
128 0 1
129 0 1
130 0 1
131 0 1
132 1 1
133 0 1
134 0 1
135 0 1
136 0 1
137 0 1
138 0 1
139 1 1
140 0 1
141 0 1
142 0 1
143 1 1
144 0 1
145 0 1
146 0 1
147 0 1
148 0 1
149 0 1
150 0 1
151 0 1
152 0 1
153 0 1
154 0 1
155 0 1
156 0 1
157 0 1
158 0 1
159 0 1
160 0 1
161 0 1
162 0 1
163 0 1
164 0 1
165 0 1
166 0 1
167 0 1
168 0 1
169 0 1
170 0 1
171 0 1
172 0 1
173 0 1
174 0 1
175 0 1
176 0 1
177 0 1
178 0 1
179 0 1
180 0 1
181 0 1
182 0 1
183 0 1
184 0 1
185 0 1
186 0 1
187 0 1
188 0 1
189 0 1
190 0 1
191 0 1
192 0 1
193 0 1
194 0 1
195 0 1
196 0 1
197 0 1
198 0 1
199 0 1
