0 0 1
1 0 1
2 19 1
3 104 1
4 2179 1
5 4746 1
6 5179 1
7 3968 1
8 2831 1
9 2031 1
10 1601 1
11 1157 1
12 927 1
13 720 1
14 629 1
15 532 1
16 422 1
17 373 1
18 301 1
19 306 1
20 260 1
21 196 1
22 206 1
23 165 1
24 114 1
25 109 1
26 106 1
27 101 1
28 86 1
29 89 1
30 68 1
31 61 1
32 68 1
33 66 1
34 52 1
35 52 1
36 59 1
37 38 1
38 38 1
39 40 1
40 43 1
41 40 1
42 47 1
43 38 1
44 23 1
45 40 1
46 29 1
47 24 1
48 33 1
49 23 1
50 25 1
51 21 1
52 26 1
53 19 1
54 22 1
55 15 1
56 17 1
57 17 1
58 14 1
59 13 1
60 12 1
61 9 1
62 8 1
63 12 1
64 5 1
65 8 1
66 12 1
67 2 1
68 9 1
69 5 1
70 6 1
71 3 1
72 7 1
73 6 1
74 2 1
75 0 1
76 4 1
77 3 1
78 1 1
79 0 1
80 0 1
81 3 1
82 1 1
83 3 1
84 2 1
85 2 1
86 1 1
87 1 1
88 0 1
89 0 1
90 1 1
91 0 1
92 0 1
93 0 1
94 0 1
95 0 1
96 0 1
97 0 1
98 0 1
99 1 1
100 0 1
101 0 1
102 0 1
103 0 1
104 0 1
105 0 1
106 0 1
107 0 1
108 0 1
109 0 1
110 0 1
111 0 1
112 0 1
113 0 1
114 0 1
115 0 1
116 0 1
117 0 1
118 0 1
119 0 1
120 0 1
121 0 1
122 0 1
123 0 1
124 0 1
125 0 1
126 0 1
127 0 1
128 0 1
129 0 1
130 0 1
131 0 1
132 0 1
133 0 1
134 0 1
135 0 1
136 0 1
137 0 1
138 0 1
139 0 1
140 0 1
141 0 1
142 0 1
143 0 1
144 0 1
145 0 1
146 0 1
147 0 1
148 0 1
149 0 1
150 0 1
151 0 1
152 0 1
153 0 1
154 0 1
155 0 1
156 0 1
157 0 1
158 0 1
159 0 1
160 0 1
161 0 1
162 0 1
163 0 1
164 0 1
165 0 1
166 0 1
167 0 1
168 0 1
169 0 1
170 0 1
171 0 1
172 0 1
173 0 1
174 0 1
175 0 1
176 0 1
177 0 1
178 0 1
179 0 1
180 0 1
181 0 1
182 0 1
183 0 1
184 0 1
185 0 1
186 0 1
187 0 1
188 0 1
189 0 1
190 0 1
191 0 1
192 0 1
193 0 1
194 0 1
195 0 1
196 0 1
197 0 1
198 0 1
199 0 1
