0 0 1
1 0 1
2 5 1
3 61 1
4 841 1
5 2467 1
6 4461 1
7 5755 1
8 6059 1
9 5729 1
10 4898 1
11 4051 1
12 3427 1
13 2804 1
14 2365 1
15 2039 1
16 1689 1
17 1504 1
18 1319 1
19 1139 1
20 1042 1
21 866 1
22 865 1
23 755 1
24 665 1
25 592 1
26 575 1
27 497 1
28 481 1
29 377 1
30 369 1
31 354 1
32 328 1
33 284 1
34 250 1
35 227 1
36 241 1
37 224 1
38 178 1
39 168 1
40 156 1
41 181 1
42 143 1
43 114 1
44 122 1
45 100 1
46 104 1
47 121 1
48 94 1
49 79 1
50 103 1
51 75 1
52 84 1
53 75 1
54 71 1
55 65 1
56 68 1
57 59 1
58 39 1
59 42 1
60 44 1
61 33 1
62 48 1
63 46 1
64 43 1
65 40 1
66 36 1
67 42 1
68 22 1
69 36 1
70 23 1
71 18 1
72 18 1
73 27 1
74 23 1
75 26 1
76 23 1
77 17 1
78 13 1
79 13 1
80 17 1
81 13 1
82 12 1
83 10 1
84 10 1
85 11 1
86 6 1
87 8 1
88 8 1
89 6 1
90 9 1
91 9 1
92 8 1
93 7 1
94 2 1
95 6 1
96 8 1
97 9 1
98 3 1
99 7 1
100 5 1
101 3 1
102 2 1
103 4 1
104 5 1
105 3 1
106 1 1
107 4 1
108 1 1
109 4 1
110 1 1
111 1 1
112 0 1
113 0 1
114 3 1
115 0 1
116 1 1
117 0 1
118 3 1
119 1 1
120 1 1
121 1 1
122 0 1
123 1 1
124 1 1
125 0 1
126 0 1
127 1 1
128 0 1
129 1 1
130 1 1
131 0 1
132 1 1
133 0 1
134 0 1
135 0 1
136 0 1
137 0 1
138 0 1
139 1 1
140 0 1
141 0 1
142 0 1
143 1 1
144 0 1
145 0 1
146 0 1
147 0 1
148 0 1
149 0 1
150 1 1
151 0 1
152 0 1
153 0 1
154 0 1
155 0 1
156 0 1
157 1 1
158 0 1
159 0 1
160 0 1
161 0 1
162 0 1
163 0 1
164 0 1
165 0 1
166 0 1
167 0 1
168 0 1
169 0 1
170 0 1
171 0 1
172 0 1
173 0 1
174 0 1
175 0 1
176 0 1
177 0 1
178 0 1
179 0 1
180 0 1
181 0 1
182 0 1
183 0 1
184 0 1
185 0 1
186 0 1
187 0 1
188 0 1
189 0 1
190 0 1
191 0 1
192 0 1
193 0 1
194 0 1
195 0 1
196 0 1
197 0 1
198 0 1
199 0 1
