0 0 1
1 0 1
2 9 1
3 351 1
4 5399 1
5 11362 1
6 11747 1
7 9456 1
8 7296 1
9 5573 1
10 4608 1
11 3620 1
12 3053 1
13 2671 1
14 2181 1
15 1937 1
16 1690 1
17 1479 1
18 1210 1
19 1068 1
20 971 1
21 871 1
22 813 1
23 716 1
24 682 1
25 607 1
26 567 1
27 520 1
28 467 1
29 434 1
30 411 1
31 377 1
32 310 1
33 335 1
34 280 1
35 250 1
36 278 1
37 219 1
38 221 1
39 232 1
40 212 1
41 200 1
42 194 1
43 204 1
44 142 1
45 162 1
46 154 1
47 144 1
48 135 1
49 113 1
50 128 1
51 104 1
52 94 1
53 93 1
54 101 1
55 78 1
56 69 1
57 56 1
58 65 1
59 58 1
60 57 1
61 53 1
62 43 1
63 46 1
64 33 1
65 50 1
66 36 1
67 40 1
68 39 1
69 37 1
70 27 1
71 28 1
72 25 1
73 28 1
74 23 1
75 36 1
76 19 1
77 21 1
78 17 1
79 21 1
80 16 1
81 9 1
82 21 1
83 19 1
84 19 1
85 15 1
86 12 1
87 7 1
88 9 1
89 15 1
90 6 1
91 7 1
92 9 1
93 8 1
94 7 1
95 4 1
96 5 1
97 8 1
98 9 1
99 3 1
100 10 1
101 7 1
102 3 1
103 6 1
104 4 1
105 5 1
106 3 1
107 3 1
108 4 1
109 2 1
110 3 1
111 1 1
112 6 1
113 3 1
114 2 1
115 6 1
116 5 1
117 6 1
118 5 1
119 4 1
120 1 1
121 2 1
122 3 1
123 0 1
124 0 1
125 0 1
126 3 1
127 3 1
128 0 1
129 2 1
130 0 1
131 0 1
132 4 1
133 1 1
134 1 1
135 0 1
136 1 1
137 1 1
138 0 1
139 1 1
140 1 1
141 1 1
142 2 1
143 1 1
144 1 1
145 3 1
146 4 1
147 2 1
148 1 1
149 1 1
150 1 1
151 0 1
152 0 1
153 0 1
154 1 1
155 1 1
156 1 1
157 0 1
158 3 1
159 1 1
160 0 1
161 0 1
162 1 1
163 0 1
164 0 1
165 1 1
166 1 1
167 0 1
168 0 1
169 4 1
170 0 1
171 1 1
172 0 1
173 1 1
174 1 1
175 0 1
176 0 1
177 1 1
178 1 1
179 2 1
180 0 1
181 1 1
182 0 1
183 0 1
184 0 1
185 1 1
186 0 1
187 1 1
188 1 1
189 0 1
190 0 1
191 0 1
192 0 1
193 0 1
194 0 1
195 0 1
196 0 1
197 0 1
198 0 1
199 1 1
