0 0 1
1 0 1
2 0 1
3 6 1
4 199 1
5 779 1
6 1508 1
7 1821 1
8 1615 1
9 1536 1
10 1314 1
11 1094 1
12 979 1
13 871 1
14 744 1
15 645 1
16 559 1
17 525 1
18 498 1
19 396 1
20 401 1
21 347 1
22 318 1
23 303 1
24 254 1
25 220 1
26 208 1
27 195 1
28 168 1
29 171 1
30 168 1
31 137 1
32 130 1
33 119 1
34 112 1
35 96 1
36 100 1
37 97 1
38 68 1
39 68 1
40 72 1
41 63 1
42 65 1
43 43 1
44 61 1
45 47 1
46 47 1
47 39 1
48 49 1
49 37 1
50 38 1
51 23 1
52 22 1
53 28 1
54 22 1
55 14 1
56 20 1
57 20 1
58 15 1
59 17 1
60 14 1
61 14 1
62 9 1
63 10 1
64 12 1
65 7 1
66 8 1
67 6 1
68 6 1
69 3 1
70 5 1
71 6 1
72 7 1
73 5 1
74 7 1
75 2 1
76 2 1
77 1 1
78 5 1
79 2 1
80 1 1
81 2 1
82 0 1
83 1 1
84 0 1
85 1 1
86 2 1
87 0 1
88 1 1
89 4 1
90 2 1
91 0 1
92 1 1
93 1 1
94 1 1
95 1 1
96 0 1
97 1 1
98 0 1
99 0 1
100 0 1
101 0 1
102 1 1
103 0 1
104 0 1
105 0 1
106 1 1
107 0 1
108 0 1
109 1 1
110 0 1
111 0 1
112 0 1
113 0 1
114 0 1
115 1 1
116 0 1
117 0 1
118 0 1
119 0 1
120 0 1
121 0 1
122 0 1
123 0 1
124 0 1
125 0 1
126 0 1
127 1 1
128 0 1
129 0 1
130 0 1
131 0 1
132 0 1
133 0 1
134 0 1
135 0 1
136 0 1
137 0 1
138 0 1
139 0 1
140 0 1
141 0 1
142 0 1
143 0 1
144 0 1
145 0 1
146 0 1
147 0 1
148 0 1
149 0 1
150 0 1
151 0 1
152 0 1
153 0 1
154 0 1
155 0 1
156 0 1
157 0 1
158 0 1
159 0 1
160 0 1
161 0 1
162 0 1
163 0 1
164 0 1
165 0 1
166 0 1
167 0 1
168 0 1
169 0 1
170 0 1
171 0 1
172 0 1
173 0 1
174 0 1
175 0 1
176 0 1
177 0 1
178 0 1
179 0 1
180 0 1
181 0 1
182 0 1
183 0 1
184 0 1
185 0 1
186 0 1
187 0 1
188 0 1
189 0 1
190 0 1
191 0 1
192 0 1
193 0 1
194 0 1
195 0 1
196 0 1
197 0 1
198 0 1
199 0 1
