0 0 1
1 0 1
2 14 1
3 12 1
4 244 1
5 775 1
6 2118 1
7 3393 1
8 4004 1
9 3986 1
10 3531 1
11 3114 1
12 2664 1
13 2271 1
14 1988 1
15 1660 1
16 1391 1
17 1152 1
18 1048 1
19 876 1
20 759 1
21 617 1
22 549 1
23 474 1
24 423 1
25 361 1
26 273 1
27 259 1
28 200 1
29 163 1
30 127 1
31 106 1
32 79 1
33 86 1
34 44 1
35 46 1
36 46 1
37 33 1
38 22 1
39 19 1
40 22 1
41 21 1
42 15 1
43 14 1
44 14 1
45 6 1
46 9 1
47 15 1
48 2 1
49 9 1
50 3 1
51 9 1
52 3 1
53 6 1
54 3 1
55 2 1
56 5 1
57 6 1
58 4 1
59 5 1
60 1 1
61 3 1
62 0 1
63 1 1
64 1 1
65 1 1
66 1 1
67 2 1
68 0 1
69 2 1
70 0 1
71 0 1
72 1 1
73 0 1
74 1 1
75 1 1
76 2 1
77 1 1
78 0 1
79 0 1
80 0 1
81 1 1
82 0 1
83 0 1
84 1 1
85 2 1
86 1 1
87 0 1
88 0 1
89 1 1
90 0 1
91 0 1
92 0 1
93 0 1
94 1 1
95 0 1
96 0 1
97 0 1
98 0 1
99 0 1
100 0 1
101 1 1
102 0 1
103 0 1
104 0 1
105 0 1
106 0 1
107 0 1
108 0 1
109 0 1
110 0 1
111 0 1
112 0 1
113 0 1
114 0 1
115 0 1
116 0 1
117 0 1
118 0 1
119 0 1
120 0 1
121 0 1
122 0 1
123 0 1
124 0 1
125 0 1
126 0 1
127 0 1
128 0 1
129 0 1
130 0 1
131 0 1
132 0 1
133 0 1
134 0 1
135 0 1
136 0 1
137 0 1
138 0 1
139 0 1
140 0 1
141 0 1
142 0 1
143 0 1
144 1 1
145 0 1
146 0 1
147 0 1
148 0 1
149 0 1
150 0 1
151 0 1
152 0 1
153 0 1
154 0 1
155 0 1
156 0 1
157 0 1
158 0 1
159 0 1
160 0 1
161 1 1
162 0 1
163 0 1
164 0 1
165 0 1
166 0 1
167 0 1
168 0 1
169 0 1
170 0 1
171 0 1
172 0 1
173 0 1
174 0 1
175 0 1
176 0 1
177 0 1
178 0 1
179 0 1
180 0 1
181 0 1
182 0 1
183 0 1
184 0 1
185 0 1
186 0 1
187 0 1
188 0 1
189 0 1
190 0 1
191 0 1
192 0 1
193 0 1
194 0 1
195 0 1
196 0 1
197 0 1
198 0 1
199 0 1
