0 0 1
1 0 1
2 17 1
3 165 1
4 2669 1
5 6817 1
6 8176 1
7 7005 1
8 5679 1
9 4724 1
10 3794 1
11 3176 1
12 2593 1
13 2334 1
14 1982 1
15 1731 1
16 1489 1
17 1275 1
18 1183 1
19 1021 1
20 878 1
21 804 1
22 705 1
23 663 1
24 639 1
25 513 1
26 493 1
27 422 1
28 387 1
29 388 1
30 298 1
31 286 1
32 269 1
33 212 1
34 205 1
35 209 1
36 170 1
37 177 1
38 143 1
39 154 1
40 154 1
41 131 1
42 121 1
43 113 1
44 121 1
45 100 1
46 114 1
47 86 1
48 93 1
49 102 1
50 68 1
51 73 1
52 65 1
53 60 1
54 50 1
55 67 1
56 53 1
57 62 1
58 51 1
59 53 1
60 59 1
61 53 1
62 42 1
63 53 1
64 39 1
65 54 1
66 44 1
67 36 1
68 41 1
69 36 1
70 34 1
71 38 1
72 28 1
73 26 1
74 29 1
75 25 1
76 26 1
77 28 1
78 30 1
79 21 1
80 24 1
81 21 1
82 24 1
83 23 1
84 17 1
85 25 1
86 20 1
87 16 1
88 19 1
89 25 1
90 17 1
91 25 1
92 16 1
93 10 1
94 19 1
95 7 1
96 14 1
97 14 1
98 10 1
99 14 1
100 10 1
101 17 1
102 5 1
103 8 1
104 12 1
105 12 1
106 11 1
107 9 1
108 13 1
109 9 1
110 7 1
111 14 1
112 6 1
113 7 1
114 7 1
115 11 1
116 10 1
117 11 1
118 14 1
119 9 1
120 9 1
121 7 1
122 6 1
123 8 1
124 5 1
125 5 1
126 5 1
127 5 1
128 10 1
129 5 1
130 6 1
131 6 1
132 6 1
133 4 1
134 2 1
135 5 1
136 6 1
137 2 1
138 4 1
139 7 1
140 4 1
141 5 1
142 9 1
143 2 1
144 6 1
145 3 1
146 4 1
147 5 1
148 1 1
149 0 1
150 1 1
151 2 1
152 5 1
153 6 1
154 3 1
155 5 1
156 3 1
157 1 1
158 1 1
159 2 1
160 4 1
161 2 1
162 6 1
163 0 1
164 1 1
165 5 1
166 4 1
167 8 1
168 3 1
169 5 1
170 2 1
171 4 1
172 1 1
173 1 1
174 2 1
175 4 1
176 2 1
177 2 1
178 3 1
179 1 1
180 3 1
181 1 1
182 3 1
183 1 1
184 0 1
185 1 1
186 1 1
187 3 1
188 2 1
189 2 1
190 1 1
191 1 1
192 3 1
193 3 1
194 1 1
195 4 1
196 2 1
197 3 1
198 0 1
199 4 1
