0 0 1
1 0 1
2 0 1
3 8 1
4 132 1
5 633 1
6 1820 1
7 3166 1
8 4113 1
9 4024 1
10 3776 1
11 3167 1
12 2758 1
13 2424 1
14 2021 1
15 1787 1
16 1542 1
17 1313 1
18 1046 1
19 912 1
20 819 1
21 702 1
22 619 1
23 544 1
24 498 1
25 396 1
26 356 1
27 303 1
28 254 1
29 199 1
30 194 1
31 139 1
32 88 1
33 106 1
34 80 1
35 42 1
36 53 1
37 36 1
38 36 1
39 40 1
40 22 1
41 16 1
42 30 1
43 19 1
44 11 1
45 9 1
46 13 1
47 16 1
48 8 1
49 9 1
50 8 1
51 2 1
52 13 1
53 2 1
54 9 1
55 5 1
56 3 1
57 4 1
58 2 1
59 5 1
60 0 1
61 5 1
62 0 1
63 6 1
64 5 1
65 3 1
66 1 1
67 2 1
68 1 1
69 1 1
70 1 1
71 0 1
72 1 1
73 0 1
74 0 1
75 1 1
76 0 1
77 0 1
78 1 1
79 1 1
80 1 1
81 1 1
82 1 1
83 0 1
84 1 1
85 0 1
86 0 1
87 1 1
88 0 1
89 0 1
90 1 1
91 0 1
92 1 1
93 1 1
94 0 1
95 0 1
96 0 1
97 0 1
98 0 1
99 0 1
100 0 1
101 0 1
102 0 1
103 0 1
104 1 1
105 0 1
106 0 1
107 0 1
108 0 1
109 0 1
110 0 1
111 0 1
112 0 1
113 0 1
114 0 1
115 0 1
116 0 1
117 0 1
118 0 1
119 0 1
120 0 1
121 0 1
122 0 1
123 0 1
124 0 1
125 0 1
126 1 1
127 0 1
128 0 1
129 0 1
130 0 1
131 0 1
132 0 1
133 0 1
134 0 1
135 0 1
136 0 1
137 0 1
138 0 1
139 0 1
140 0 1
141 0 1
142 0 1
143 0 1
144 0 1
145 0 1
146 0 1
147 0 1
148 0 1
149 0 1
150 0 1
151 0 1
152 0 1
153 0 1
154 0 1
155 0 1
156 0 1
157 0 1
158 0 1
159 0 1
160 0 1
161 0 1
162 0 1
163 0 1
164 0 1
165 0 1
166 0 1
167 0 1
168 0 1
169 0 1
170 0 1
171 0 1
172 0 1
173 0 1
174 0 1
175 0 1
176 0 1
177 0 1
178 0 1
179 0 1
180 0 1
181 0 1
182 0 1
183 0 1
184 0 1
185 0 1
186 0 1
187 0 1
188 0 1
189 0 1
190 0 1
191 0 1
192 0 1
193 0 1
194 0 1
195 0 1
196 0 1
197 0 1
198 0 1
199 0 1
