0 0 1
1 0 1
2 0 1
3 0 1
4 0 1
5 5 1
6 2 1
7 6 1
8 9 1
9 10 1
10 36 1
11 37 1
12 51 1
13 80 1
14 56 1
15 93 1
16 101 1
17 120 1
18 131 1
19 123 1
20 135 1
21 145 1
22 179 1
23 154 1
24 165 1
25 195 1
26 202 1
27 194 1
28 199 1
29 217 1
30 204 1
31 219 1
32 209 1
33 206 1
34 178 1
35 188 1
36 211 1
37 169 1
38 170 1
39 183 1
40 171 1
41 162 1
42 146 1
43 173 1
44 123 1
45 131 1
46 132 1
47 110 1
48 110 1
49 83 1
50 100 1
51 86 1
52 74 1
53 74 1
54 69 1
55 63 1
56 52 1
57 44 1
58 52 1
59 50 1
60 48 1
61 41 1
62 32 1
63 32 1
64 19 1
65 36 1
66 28 1
67 23 1
68 31 1
69 23 1
70 21 1
71 22 1
72 19 1
73 22 1
74 14 1
75 21 1
76 13 1
77 11 1
78 13 1
79 14 1
80 8 1
81 4 1
82 9 1
83 11 1
84 4 1
85 7 1
86 5 1
87 4 1
88 5 1
89 8 1
90 2 1
91 3 1
92 2 1
93 2 1
94 4 1
95 1 1
96 1 1
97 3 1
98 2 1
99 1 1
100 5 1
101 1 1
102 0 1
103 3 1
104 0 1
105 1 1
106 1 1
107 3 1
108 0 1
109 0 1
110 0 1
111 0 1
112 1 1
113 0 1
114 0 1
115 0 1
116 1 1
117 1 1
118 0 1
119 1 1
120 1 1
121 0 1
122 2 1
123 0 1
124 0 1
125 0 1
126 0 1
127 1 1
128 0 1
129 0 1
130 0 1
131 0 1
132 0 1
133 0 1
134 1 1
135 0 1
136 0 1
137 0 1
138 0 1
139 1 1
140 0 1
141 0 1
142 0 1
143 0 1
144 0 1
145 1 1
146 1 1
147 0 1
148 0 1
149 1 1
150 0 1
151 0 1
152 0 1
153 0 1
154 0 1
155 0 1
156 0 1
157 0 1
158 0 1
159 0 1
160 0 1
161 0 1
162 1 1
163 0 1
164 0 1
165 0 1
166 0 1
167 0 1
168 0 1
169 1 1
170 0 1
171 0 1
172 0 1
173 0 1
174 0 1
175 0 1
176 0 1
177 0 1
178 0 1
179 0 1
180 0 1
181 0 1
182 0 1
183 0 1
184 0 1
185 0 1
186 0 1
187 0 1
188 0 1
189 0 1
190 0 1
191 0 1
192 0 1
193 0 1
194 0 1
195 0 1
196 0 1
197 0 1
198 0 1
199 0 1
