0 0 1
1 0 1
2 0 1
3 0 1
4 0 1
5 2 1
6 1 1
7 4 1
8 11 1
9 6 1
10 9 1
11 2 1
12 5 1
13 9 1
14 4 1
15 5 1
16 4 1
17 8 1
18 6 1
19 5 1
20 6 1
21 3 1
22 7 1
23 3 1
24 1 1
25 2 1
26 7 1
27 2 1
28 2 1
29 6 1
30 0 1
31 1 1
32 3 1
33 2 1
34 2 1
35 1 1
36 1 1
37 1 1
38 0 1
39 1 1
40 2 1
41 2 1
42 3 1
43 2 1
44 1 1
45 1 1
46 5 1
47 0 1
48 1 1
49 2 1
50 3 1
51 0 1
52 1 1
53 1 1
54 0 1
55 1 1
56 2 1
57 1 1
58 0 1
59 0 1
60 0 1
61 3 1
62 1 1
63 0 1
64 0 1
65 1 1
66 2 1
67 1 1
68 1 1
69 0 1
70 2 1
71 0 1
72 1 1
73 1 1
74 2 1
75 0 1
76 0 1
77 2 1
78 2 1
79 0 1
80 0 1
81 0 1
82 0 1
83 0 1
84 0 1
85 0 1
86 1 1
87 1 1
88 2 1
89 1 1
90 1 1
91 2 1
92 1 1
93 0 1
94 1 1
95 0 1
96 0 1
97 0 1
98 0 1
99 1 1
100 1 1
101 0 1
102 0 1
103 0 1
104 0 1
105 1 1
106 1 1
107 1 1
108 1 1
109 0 1
110 0 1
111 1 1
112 0 1
113 1 1
114 0 1
115 1 1
116 0 1
117 1 1
118 1 1
119 0 1
120 0 1
121 1 1
122 0 1
123 2 1
124 0 1
125 0 1
126 0 1
127 1 1
128 0 1
129 1 1
130 0 1
131 0 1
132 0 1
133 1 1
134 0 1
135 0 1
136 0 1
137 0 1
138 0 1
139 1 1
140 0 1
141 0 1
142 1 1
143 0 1
144 1 1
145 0 1
146 2 1
147 0 1
148 0 1
149 0 1
150 0 1
151 0 1
152 1 1
153 0 1
154 0 1
155 0 1
156 2 1
157 1 1
158 0 1
159 0 1
160 0 1
161 0 1
162 0 1
163 0 1
164 0 1
165 0 1
166 0 1
167 0 1
168 0 1
169 1 1
170 0 1
171 2 1
172 0 1
173 0 1
174 0 1
175 0 1
176 0 1
177 0 1
178 0 1
179 0 1
180 1 1
181 1 1
182 0 1
183 0 1
184 0 1
185 0 1
186 0 1
187 1 1
188 0 1
189 0 1
190 0 1
191 0 1
192 2 1
193 0 1
194 0 1
195 0 1
196 0 1
197 0 1
198 0 1
199 1 1
