0 0 1
1 0 1
2 0 1
3 0 1
4 0 1
5 0 1
6 0 1
7 1 1
8 1 1
9 5 1
10 5 1
11 8 1
12 18 1
13 21 1
14 17 1
15 11 1
16 15 1
17 18 1
18 15 1
19 16 1
20 10 1
21 13 1
22 9 1
23 11 1
24 15 1
25 12 1
26 6 1
27 18 1
28 11 1
29 14 1
30 11 1
31 17 1
32 12 1
33 17 1
34 21 1
35 19 1
36 12 1
37 13 1
38 15 1
39 9 1
40 17 1
41 20 1
42 16 1
43 12 1
44 8 1
45 20 1
46 8 1
47 14 1
48 15 1
49 20 1
50 17 1
51 16 1
52 7 1
53 10 1
54 19 1
55 9 1
56 12 1
57 8 1
58 10 1
59 3 1
60 8 1
61 7 1
62 8 1
63 8 1
64 9 1
65 11 1
66 7 1
67 12 1
68 7 1
69 11 1
70 5 1
71 6 1
72 5 1
73 6 1
74 7 1
75 12 1
76 6 1
77 10 1
78 3 1
79 5 1
80 7 1
81 4 1
82 11 1
83 8 1
84 14 1
85 8 1
86 7 1
87 2 1
88 4 1
89 7 1
90 3 1
91 4 1
92 6 1
93 5 1
94 3 1
95 3 1
96 4 1
97 5 1
98 7 1
99 2 1
100 5 1
101 6 1
102 3 1
103 3 1
104 2 1
105 4 1
106 2 1
107 0 1
108 3 1
109 2 1
110 3 1
111 1 1
112 5 1
113 2 1
114 2 1
115 6 1
116 4 1
117 4 1
118 4 1
119 3 1
120 0 1
121 2 1
122 1 1
123 0 1
124 0 1
125 0 1
126 2 1
127 1 1
128 0 1
129 2 1
130 0 1
131 0 1
132 3 1
133 1 1
134 0 1
135 0 1
136 1 1
137 1 1
138 0 1
139 0 1
140 1 1
141 1 1
142 2 1
143 1 1
144 1 1
145 2 1
146 2 1
147 1 1
148 1 1
149 0 1
150 1 1
151 0 1
152 0 1
153 0 1
154 1 1
155 1 1
156 1 1
157 0 1
158 2 1
159 1 1
160 0 1
161 0 1
162 0 1
163 0 1
164 0 1
165 1 1
166 1 1
167 0 1
168 0 1
169 2 1
170 0 1
171 0 1
172 0 1
173 1 1
174 0 1
175 0 1
176 0 1
177 0 1
178 1 1
179 1 1
180 0 1
181 1 1
182 0 1
183 0 1
184 0 1
185 0 1
186 0 1
187 0 1
188 1 1
189 0 1
190 0 1
191 0 1
192 0 1
193 0 1
194 0 1
195 0 1
196 0 1
197 0 1
198 0 1
199 0 1
