0 0 1
1 0 1
2 5 1
3 193 1
4 3804 1
5 10358 1
6 12185 1
7 10377 1
8 8368 1
9 6661 1
10 5285 1
11 4270 1
12 3147 1
13 2572 1
14 1817 1
15 1487 1
16 1285 1
17 1007 1
18 814 1
19 783 1
20 617 1
21 570 1
22 499 1
23 440 1
24 333 1
25 296 1
26 298 1
27 243 1
28 236 1
29 203 1
30 198 1
31 173 1
32 155 1
33 146 1
34 116 1
35 147 1
36 91 1
37 102 1
38 92 1
39 86 1
40 82 1
41 78 1
42 67 1
43 54 1
44 53 1
45 42 1
46 46 1
47 55 1
48 42 1
49 49 1
50 40 1
51 33 1
52 32 1
53 43 1
54 28 1
55 27 1
56 33 1
57 21 1
58 28 1
59 24 1
60 22 1
61 19 1
62 20 1
63 13 1
64 21 1
65 10 1
66 17 1
67 13 1
68 13 1
69 16 1
70 9 1
71 12 1
72 11 1
73 12 1
74 12 1
75 7 1
76 11 1
77 7 1
78 9 1
79 5 1
80 9 1
81 12 1
82 7 1
83 1 1
84 1 1
85 9 1
86 4 1
87 5 1
88 4 1
89 0 1
90 4 1
91 4 1
92 1 1
93 1 1
94 3 1
95 6 1
96 2 1
97 4 1
98 4 1
99 1 1
100 3 1
101 3 1
102 1 1
103 0 1
104 1 1
105 2 1
106 2 1
107 1 1
108 0 1
109 5 1
110 3 1
111 2 1
112 2 1
113 1 1
114 1 1
115 0 1
116 1 1
117 2 1
118 1 1
119 0 1
120 0 1
121 2 1
122 1 1
123 0 1
124 1 1
125 1 1
126 2 1
127 2 1
128 3 1
129 0 1
130 0 1
131 2 1
132 0 1
133 1 1
134 0 1
135 0 1
136 0 1
137 0 1
138 0 1
139 1 1
140 0 1
141 0 1
142 0 1
143 0 1
144 1 1
145 0 1
146 0 1
147 0 1
148 0 1
149 1 1
150 0 1
151 0 1
152 2 1
153 0 1
154 1 1
155 0 1
156 0 1
157 0 1
158 0 1
159 0 1
160 0 1
161 0 1
162 0 1
163 0 1
164 0 1
165 0 1
166 0 1
167 0 1
168 0 1
169 0 1
170 0 1
171 0 1
172 1 1
173 0 1
174 0 1
175 0 1
176 0 1
177 0 1
178 0 1
179 0 1
180 0 1
181 0 1
182 0 1
183 0 1
184 0 1
185 0 1
186 0 1
187 0 1
188 0 1
189 0 1
190 0 1
191 0 1
192 0 1
193 0 1
194 0 1
195 0 1
196 0 1
197 0 1
198 0 1
199 0 1
