0 0 1
1 0 1
2 0 1
3 0 1
4 0 1
5 6 1
6 3 1
7 7 1
8 11 1
9 14 1
10 9 1
11 31 1
12 11 1
13 29 1
14 15 1
15 9 1
16 20 1
17 17 1
18 12 1
19 15 1
20 17 1
21 6 1
22 14 1
23 15 1
24 17 1
25 14 1
26 18 1
27 13 1
28 19 1
29 18 1
30 15 1
31 18 1
32 22 1
33 13 1
34 11 1
35 14 1
36 12 1
37 19 1
38 18 1
39 17 1
40 17 1
41 11 1
42 16 1
43 16 1
44 17 1
45 19 1
46 6 1
47 24 1
48 15 1
49 9 1
50 15 1
51 14 1
52 11 1
53 10 1
54 13 1
55 3 1
56 10 1
57 7 1
58 11 1
59 6 1
60 7 1
61 7 1
62 6 1
63 5 1
64 5 1
65 6 1
66 9 1
67 9 1
68 8 1
69 9 1
70 7 1
71 1 1
72 8 1
73 12 1
74 5 1
75 5 1
76 6 1
77 8 1
78 7 1
79 5 1
80 8 1
81 1 1
82 5 1
83 6 1
84 5 1
85 7 1
86 9 1
87 4 1
88 3 1
89 6 1
90 4 1
91 5 1
92 7 1
93 3 1
94 3 1
95 1 1
96 4 1
97 5 1
98 2 1
99 3 1
100 2 1
101 2 1
102 0 1
103 4 1
104 6 1
105 3 1
106 5 1
107 1 1
108 6 1
109 3 1
110 1 1
111 4 1
112 3 1
113 1 1
114 0 1
115 0 1
116 0 1
117 0 1
118 3 1
119 1 1
120 0 1
121 1 1
122 1 1
123 0 1
124 1 1
125 1 1
126 2 1
127 1 1
128 0 1
129 2 1
130 0 1
131 0 1
132 0 1
133 0 1
134 3 1
135 1 1
136 1 1
137 0 1
138 1 1
139 1 1
140 1 1
141 3 1
142 0 1
143 1 1
144 0 1
145 2 1
146 1 1
147 0 1
148 1 1
149 1 1
150 0 1
151 1 1
152 0 1
153 0 1
154 1 1
155 1 1
156 0 1
157 1 1
158 0 1
159 0 1
160 0 1
161 1 1
162 0 1
163 0 1
164 0 1
165 0 1
166 1 1
167 0 1
168 0 1
169 0 1
170 1 1
171 1 1
172 1 1
173 0 1
174 0 1
175 0 1
176 0 1
177 0 1
178 0 1
179 0 1
180 0 1
181 0 1
182 0 1
183 1 1
184 0 1
185 0 1
186 0 1
187 0 1
188 0 1
189 0 1
190 0 1
191 0 1
192 0 1
193 2 1
194 0 1
195 0 1
196 0 1
197 0 1
198 0 1
199 0 1
