0 0 1
1 0 1
2 0 1
3 63 1
4 1452 1
5 3260 1
6 3750 1
7 3431 1
8 3012 1
9 2387 1
10 2193 1
11 1737 1
12 1550 1
13 1364 1
14 1149 1
15 1058 1
16 912 1
17 812 1
18 713 1
19 615 1
20 569 1
21 529 1
22 492 1
23 446 1
24 415 1
25 369 1
26 347 1
27 317 1
28 280 1
29 278 1
30 272 1
31 248 1
32 200 1
33 222 1
34 180 1
35 156 1
36 186 1
37 144 1
38 143 1
39 167 1
40 138 1
41 151 1
42 139 1
43 132 1
44 92 1
45 98 1
46 88 1
47 95 1
48 94 1
49 75 1
50 83 1
51 68 1
52 64 1
53 60 1
54 63 1
55 53 1
56 47 1
57 28 1
58 35 1
59 32 1
60 29 1
61 25 1
62 26 1
63 26 1
64 24 1
65 29 1
66 18 1
67 26 1
68 23 1
69 23 1
70 9 1
71 8 1
72 12 1
73 10 1
74 11 1
75 15 1
76 8 1
77 10 1
78 5 1
79 5 1
80 4 1
81 6 1
82 10 1
83 9 1
84 9 1
85 8 1
86 6 1
87 3 1
88 4 1
89 5 1
90 2 1
91 1 1
92 4 1
93 4 1
94 5 1
95 0 1
96 1 1
97 3 1
98 1 1
99 0 1
100 4 1
101 3 1
102 1 1
103 1 1
104 2 1
105 1 1
106 0 1
107 2 1
108 2 1
109 0 1
110 1 1
111 0 1
112 3 1
113 0 1
114 1 1
115 0 1
116 2 1
117 1 1
118 0 1
119 1 1
120 1 1
121 0 1
122 1 1
123 0 1
124 0 1
125 0 1
126 2 1
127 2 1
128 0 1
129 0 1
130 0 1
131 0 1
132 1 1
133 0 1
134 1 1
135 0 1
136 0 1
137 0 1
138 0 1
139 1 1
140 0 1
141 1 1
142 0 1
143 0 1
144 1 1
145 1 1
146 1 1
147 0 1
148 0 1
149 1 1
150 0 1
151 0 1
152 0 1
153 0 1
154 0 1
155 1 1
156 0 1
157 0 1
158 1 1
159 0 1
160 0 1
161 0 1
162 0 1
163 0 1
164 0 1
165 1 1
166 0 1
167 0 1
168 0 1
169 3 1
170 0 1
171 0 1
172 0 1
173 0 1
174 1 1
175 0 1
176 0 1
177 1 1
178 0 1
179 0 1
180 0 1
181 0 1
182 0 1
183 0 1
184 0 1
185 0 1
186 0 1
187 0 1
188 0 1
189 0 1
190 0 1
191 0 1
192 0 1
193 0 1
194 0 1
195 0 1
196 0 1
197 0 1
198 0 1
199 1 1
