0 0 1
1 0 1
2 0 1
3 0 1
4 0 1
5 0 1
6 1 1
7 0 1
8 1 1
9 3 1
10 4 1
11 6 1
12 7 1
13 7 1
14 16 1
15 16 1
16 15 1
17 13 1
18 16 1
19 25 1
20 26 1
21 16 1
22 27 1
23 35 1
24 27 1
25 21 1
26 23 1
27 25 1
28 31 1
29 18 1
30 31 1
31 33 1
32 29 1
33 35 1
34 35 1
35 34 1
36 37 1
37 34 1
38 53 1
39 40 1
40 43 1
41 47 1
42 44 1
43 43 1
44 52 1
45 43 1
46 50 1
47 62 1
48 55 1
49 41 1
50 66 1
51 46 1
52 61 1
53 45 1
54 46 1
55 45 1
56 43 1
57 33 1
58 27 1
59 37 1
60 35 1
61 29 1
62 36 1
63 34 1
64 37 1
65 32 1
66 29 1
67 34 1
68 17 1
69 28 1
70 17 1
71 18 1
72 15 1
73 21 1
74 20 1
75 23 1
76 21 1
77 12 1
78 9 1
79 10 1
80 12 1
81 10 1
82 8 1
83 4 1
84 6 1
85 5 1
86 4 1
87 3 1
88 5 1
89 4 1
90 5 1
91 4 1
92 3 1
93 4 1
94 1 1
95 1 1
96 3 1
97 6 1
98 2 1
99 2 1
100 2 1
101 2 1
102 1 1
103 3 1
104 1 1
105 1 1
106 1 1
107 1 1
108 1 1
109 2 1
110 1 1
111 0 1
112 0 1
113 0 1
114 2 1
115 0 1
116 0 1
117 0 1
118 0 1
119 0 1
120 0 1
121 0 1
122 0 1
123 1 1
124 0 1
125 0 1
126 0 1
127 0 1
128 0 1
129 1 1
130 0 1
131 0 1
132 0 1
133 0 1
134 0 1
135 0 1
136 0 1
137 0 1
138 0 1
139 0 1
140 0 1
141 0 1
142 0 1
143 1 1
144 0 1
145 0 1
146 0 1
147 0 1
148 0 1
149 0 1
150 1 1
151 0 1
152 0 1
153 0 1
154 0 1
155 0 1
156 0 1
157 1 1
158 0 1
159 0 1
160 0 1
161 0 1
162 0 1
163 0 1
164 0 1
165 0 1
166 0 1
167 0 1
168 0 1
169 0 1
170 0 1
171 0 1
172 0 1
173 0 1
174 0 1
175 0 1
176 0 1
177 0 1
178 0 1
179 0 1
180 0 1
181 0 1
182 0 1
183 0 1
184 0 1
185 0 1
186 0 1
187 0 1
188 0 1
189 0 1
190 0 1
191 0 1
192 0 1
193 0 1
194 0 1
195 0 1
196 0 1
197 0 1
198 0 1
199 0 1
