0 0 1
1 0 1
2 44 1
3 252 1
4 3330 1
5 6440 1
6 6987 1
7 5565 1
8 4065 1
9 2977 1
10 2253 1
11 1804 1
12 1442 1
13 1199 1
14 1017 1
15 774 1
16 681 1
17 560 1
18 490 1
19 423 1
20 367 1
21 314 1
22 264 1
23 243 1
24 261 1
25 231 1
26 185 1
27 166 1
28 152 1
29 127 1
30 144 1
31 97 1
32 116 1
33 100 1
34 96 1
35 89 1
36 72 1
37 66 1
38 73 1
39 61 1
40 76 1
41 69 1
42 50 1
43 50 1
44 55 1
45 54 1
46 47 1
47 42 1
48 30 1
49 45 1
50 32 1
51 35 1
52 33 1
53 29 1
54 27 1
55 27 1
56 28 1
57 29 1
58 20 1
59 18 1
60 19 1
61 21 1
62 14 1
63 21 1
64 14 1
65 17 1
66 18 1
67 12 1
68 25 1
69 15 1
70 16 1
71 12 1
72 9 1
73 13 1
74 14 1
75 11 1
76 9 1
77 8 1
78 8 1
79 4 1
80 11 1
81 3 1
82 2 1
83 7 1
84 9 1
85 6 1
86 7 1
87 4 1
88 1 1
89 5 1
90 5 1
91 6 1
92 8 1
93 4 1
94 4 1
95 1 1
96 3 1
97 6 1
98 2 1
99 3 1
100 1 1
101 3 1
102 0 1
103 5 1
104 6 1
105 4 1
106 2 1
107 1 1
108 6 1
109 3 1
110 1 1
111 4 1
112 3 1
113 1 1
114 0 1
115 1 1
116 0 1
117 0 1
118 3 1
119 2 1
120 0 1
121 2 1
122 1 1
123 0 1
124 1 1
125 1 1
126 2 1
127 0 1
128 0 1
129 2 1
130 0 1
131 0 1
132 0 1
133 0 1
134 2 1
135 2 1
136 1 1
137 0 1
138 2 1
139 1 1
140 1 1
141 2 1
142 0 1
143 0 1
144 1 1
145 0 1
146 1 1
147 0 1
148 0 1
149 1 1
150 1 1
151 1 1
152 0 1
153 0 1
154 1 1
155 2 1
156 0 1
157 1 1
158 0 1
159 0 1
160 0 1
161 0 1
162 1 1
163 0 1
164 0 1
165 0 1
166 1 1
167 0 1
168 0 1
169 0 1
170 2 1
171 1 1
172 1 1
173 0 1
174 0 1
175 1 1
176 0 1
177 0 1
178 0 1
179 0 1
180 0 1
181 0 1
182 0 1
183 1 1
184 1 1
185 0 1
186 0 1
187 0 1
188 0 1
189 0 1
190 0 1
191 0 1
192 0 1
193 1 1
194 0 1
195 0 1
196 0 1
197 0 1
198 0 1
199 0 1
