0 0 1
1 0 1
2 0 1
3 0 1
4 1 1
5 4 1
6 3 1
7 12 1
8 24 1
9 81 1
10 169 1
11 310 1
12 493 1
13 631 1
14 742 1
15 704 1
16 770 1
17 778 1
18 778 1
19 682 1
20 719 1
21 634 1
22 622 1
23 627 1
24 540 1
25 482 1
26 453 1
27 432 1
28 402 1
29 388 1
30 401 1
31 327 1
32 303 1
33 264 1
34 238 1
35 248 1
36 188 1
37 186 1
38 162 1
39 135 1
40 152 1
41 128 1
42 106 1
43 82 1
44 97 1
45 68 1
46 67 1
47 73 1
48 59 1
49 63 1
50 58 1
51 46 1
52 36 1
53 51 1
54 40 1
55 28 1
56 26 1
57 21 1
58 38 1
59 25 1
60 15 1
61 15 1
62 20 1
63 17 1
64 17 1
65 7 1
66 14 1
67 6 1
68 7 1
69 11 1
70 11 1
71 8 1
72 10 1
73 10 1
74 7 1
75 7 1
76 7 1
77 5 1
78 6 1
79 3 1
80 3 1
81 4 1
82 7 1
83 0 1
84 2 1
85 3 1
86 3 1
87 3 1
88 1 1
89 0 1
90 2 1
91 0 1
92 0 1
93 1 1
94 2 1
95 3 1
96 1 1
97 1 1
98 4 1
99 0 1
100 0 1
101 0 1
102 0 1
103 0 1
104 1 1
105 1 1
106 0 1
107 0 1
108 0 1
109 5 1
110 0 1
111 0 1
112 0 1
113 0 1
114 0 1
115 0 1
116 0 1
117 0 1
118 0 1
119 0 1
120 0 1
121 0 1
122 0 1
123 1 1
124 0 1
125 0 1
126 0 1
127 1 1
128 2 1
129 0 1
130 0 1
131 1 1
132 0 1
133 1 1
134 0 1
135 0 1
136 0 1
137 0 1
138 0 1
139 0 1
140 1 1
141 0 1
142 0 1
143 0 1
144 0 1
145 0 1
146 0 1
147 0 1
148 0 1
149 0 1
150 0 1
151 0 1
152 0 1
153 0 1
154 0 1
155 0 1
156 0 1
157 0 1
158 0 1
159 0 1
160 0 1
161 0 1
162 0 1
163 0 1
164 0 1
165 0 1
166 0 1
167 0 1
168 0 1
169 0 1
170 0 1
171 0 1
172 0 1
173 0 1
174 0 1
175 0 1
176 0 1
177 0 1
178 0 1
179 0 1
180 0 1
181 0 1
182 0 1
183 0 1
184 0 1
185 0 1
186 0 1
187 0 1
188 0 1
189 0 1
190 0 1
191 0 1
192 0 1
193 0 1
194 0 1
195 0 1
196 0 1
197 0 1
198 0 1
199 0 1
