0 0 1
1 0 1
2 1 1
3 0 1
4 4 1
5 7 1
6 18 1
7 12 1
8 42 1
9 46 1
10 50 1
11 76 1
12 83 1
13 117 1
14 122 1
15 119 1
16 132 1
17 154 1
18 141 1
19 176 1
20 180 1
21 173 1
22 187 1
23 186 1
24 196 1
25 244 1
26 199 1
27 225 1
28 218 1
29 218 1
30 239 1
31 217 1
32 207 1
33 213 1
34 222 1
35 213 1
36 187 1
37 181 1
38 181 1
39 156 1
40 166 1
41 146 1
42 120 1
43 126 1
44 117 1
45 117 1
46 90 1
47 100 1
48 85 1
49 83 1
50 57 1
51 61 1
52 63 1
53 54 1
54 50 1
55 38 1
56 54 1
57 42 1
58 35 1
59 34 1
60 24 1
61 30 1
62 25 1
63 26 1
64 23 1
65 20 1
66 17 1
67 19 1
68 24 1
69 15 1
70 18 1
71 14 1
72 11 1
73 8 1
74 15 1
75 9 1
76 6 1
77 8 1
78 4 1
79 5 1
80 6 1
81 6 1
82 3 1
83 4 1
84 4 1
85 3 1
86 2 1
87 1 1
88 3 1
89 1 1
90 3 1
91 3 1
92 3 1
93 1 1
94 2 1
95 4 1
96 1 1
97 3 1
98 0 1
99 1 1
100 0 1
101 2 1
102 2 1
103 1 1
104 1 1
105 0 1
106 0 1
107 0 1
108 0 1
109 1 1
110 0 1
111 0 1
112 0 1
113 1 1
114 0 1
115 0 1
116 0 1
117 1 1
118 0 1
119 0 1
120 2 1
121 1 1
122 0 1
123 1 1
124 0 1
125 1 1
126 0 1
127 0 1
128 0 1
129 0 1
130 1 1
131 0 1
132 0 1
133 0 1
134 0 1
135 1 1
136 0 1
137 0 1
138 0 1
139 0 1
140 0 1
141 0 1
142 0 1
143 0 1
144 0 1
145 0 1
146 0 1
147 0 1
148 0 1
149 0 1
150 0 1
151 0 1
152 0 1
153 1 1
154 0 1
155 1 1
156 0 1
157 0 1
158 0 1
159 0 1
160 0 1
161 0 1
162 0 1
163 1 1
164 0 1
165 0 1
166 0 1
167 0 1
168 0 1
169 0 1
170 0 1
171 0 1
172 0 1
173 0 1
174 0 1
175 0 1
176 0 1
177 0 1
178 0 1
179 0 1
180 0 1
181 0 1
182 0 1
183 0 1
184 0 1
185 0 1
186 0 1
187 0 1
188 0 1
189 0 1
190 0 1
191 0 1
192 0 1
193 0 1
194 0 1
195 0 1
196 0 1
197 0 1
198 0 1
199 0 1
