0 0 1
1 0 1
2 0 1
3 66 1
4 1862 1
5 5433 1
6 6892 1
7 6511 1
8 5421 1
9 4350 1
10 3449 1
11 2801 1
12 2109 1
13 1747 1
14 1337 1
15 1077 1
16 936 1
17 757 1
18 650 1
19 584 1
20 497 1
21 403 1
22 378 1
23 382 1
24 298 1
25 254 1
26 244 1
27 233 1
28 199 1
29 199 1
30 197 1
31 135 1
32 147 1
33 114 1
34 113 1
35 133 1
36 97 1
37 90 1
38 74 1
39 73 1
40 66 1
41 62 1
42 73 1
43 48 1
44 63 1
45 58 1
46 48 1
47 31 1
48 35 1
49 34 1
50 41 1
51 47 1
52 31 1
53 27 1
54 35 1
55 23 1
56 36 1
57 23 1
58 29 1
59 19 1
60 17 1
61 10 1
62 15 1
63 16 1
64 12 1
65 13 1
66 16 1
67 16 1
68 7 1
69 7 1
70 17 1
71 7 1
72 12 1
73 5 1
74 6 1
75 10 1
76 4 1
77 7 1
78 7 1
79 3 1
80 4 1
81 2 1
82 9 1
83 2 1
84 2 1
85 1 1
86 3 1
87 4 1
88 2 1
89 3 1
90 1 1
91 1 1
92 1 1
93 2 1
94 1 1
95 0 1
96 2 1
97 0 1
98 2 1
99 1 1
100 1 1
101 0 1
102 0 1
103 1 1
104 0 1
105 1 1
106 1 1
107 0 1
108 0 1
109 0 1
110 1 1
111 0 1
112 0 1
113 1 1
114 0 1
115 1 1
116 0 1
117 0 1
118 1 1
119 1 1
120 0 1
121 0 1
122 0 1
123 1 1
124 0 1
125 0 1
126 0 1
127 0 1
128 0 1
129 0 1
130 0 1
131 0 1
132 0 1
133 0 1
134 0 1
135 0 1
136 0 1
137 0 1
138 0 1
139 0 1
140 1 1
141 0 1
142 0 1
143 0 1
144 0 1
145 0 1
146 0 1
147 0 1
148 0 1
149 0 1
150 0 1
151 0 1
152 0 1
153 0 1
154 0 1
155 0 1
156 0 1
157 0 1
158 0 1
159 0 1
160 0 1
161 0 1
162 0 1
163 0 1
164 0 1
165 0 1
166 0 1
167 0 1
168 0 1
169 0 1
170 0 1
171 0 1
172 0 1
173 0 1
174 0 1
175 0 1
176 0 1
177 0 1
178 0 1
179 0 1
180 0 1
181 0 1
182 0 1
183 0 1
184 0 1
185 0 1
186 0 1
187 0 1
188 0 1
189 0 1
190 0 1
191 0 1
192 0 1
193 0 1
194 0 1
195 0 1
196 0 1
197 0 1
198 0 1
199 0 1
