0 0 1
1 0 1
2 74 1
3 354 1
4 4795 1
5 9361 1
6 10349 1
7 8726 1
8 6850 1
9 5403 1
10 4285 1
11 3567 1
12 2934 1
13 2537 1
14 2192 1
15 1834 1
16 1575 1
17 1345 1
18 1214 1
19 1080 1
20 964 1
21 805 1
22 755 1
23 684 1
24 641 1
25 626 1
26 493 1
27 499 1
28 438 1
29 404 1
30 384 1
31 344 1
32 312 1
33 312 1
34 280 1
35 277 1
36 246 1
37 234 1
38 222 1
39 193 1
40 207 1
41 180 1
42 153 1
43 158 1
44 149 1
45 145 1
46 108 1
47 140 1
48 104 1
49 103 1
50 77 1
51 86 1
52 78 1
53 71 1
54 66 1
55 45 1
56 70 1
57 56 1
58 50 1
59 46 1
60 32 1
61 41 1
62 32 1
63 32 1
64 32 1
65 27 1
66 28 1
67 30 1
68 34 1
69 26 1
70 26 1
71 16 1
72 20 1
73 20 1
74 21 1
75 15 1
76 14 1
77 17 1
78 11 1
79 10 1
80 14 1
81 8 1
82 8 1
83 10 1
84 10 1
85 12 1
86 12 1
87 5 1
88 6 1
89 8 1
90 7 1
91 8 1
92 10 1
93 4 1
94 6 1
95 5 1
96 5 1
97 8 1
98 2 1
99 4 1
100 2 1
101 8 1
102 2 1
103 5 1
104 7 1
105 4 1
106 5 1
107 1 1
108 7 1
109 4 1
110 1 1
111 4 1
112 3 1
113 2 1
114 0 1
115 1 1
116 0 1
117 1 1
118 4 1
119 2 1
120 2 1
121 2 1
122 1 1
123 1 1
124 1 1
125 2 1
126 2 1
127 1 1
128 0 1
129 2 1
130 1 1
131 0 1
132 0 1
133 0 1
134 3 1
135 3 1
136 1 1
137 0 1
138 2 1
139 1 1
140 1 1
141 3 1
142 0 1
143 1 1
144 1 1
145 2 1
146 2 1
147 0 1
148 1 1
149 1 1
150 1 1
151 1 1
152 0 1
153 1 1
154 1 1
155 2 1
156 0 1
157 1 1
158 0 1
159 0 1
160 0 1
161 3 1
162 2 1
163 1 1
164 0 1
165 0 1
166 1 1
167 0 1
168 0 1
169 0 1
170 2 1
171 1 1
172 1 1
173 0 1
174 0 1
175 1 1
176 0 1
177 0 1
178 0 1
179 0 1
180 0 1
181 0 1
182 0 1
183 1 1
184 1 1
185 0 1
186 0 1
187 1 1
188 0 1
189 0 1
190 0 1
191 0 1
192 0 1
193 2 1
194 0 1
195 0 1
196 0 1
197 0 1
198 0 1
199 0 1
