0 0 1
1 0 1
2 0 1
3 0 1
4 0 1
5 0 1
6 0 1
7 2 1
8 0 1
9 2 1
10 7 1
11 3 1
12 3 1
13 4 1
14 12 1
15 16 1
16 22 1
17 15 1
18 31 1
19 26 1
20 24 1
21 36 1
22 41 1
23 38 1
24 33 1
25 34 1
26 35 1
27 38 1
28 42 1
29 39 1
30 59 1
31 66 1
32 58 1
33 65 1
34 60 1
35 77 1
36 71 1
37 83 1
38 76 1
39 73 1
40 63 1
41 66 1
42 79 1
43 70 1
44 58 1
45 64 1
46 40 1
47 48 1
48 60 1
49 52 1
50 38 1
51 34 1
52 44 1
53 29 1
54 38 1
55 26 1
56 26 1
57 28 1
58 19 1
59 18 1
60 16 1
61 14 1
62 8 1
63 12 1
64 7 1
65 6 1
66 7 1
67 4 1
68 6 1
69 3 1
70 5 1
71 3 1
72 3 1
73 4 1
74 1 1
75 2 1
76 4 1
77 2 1
78 1 1
79 0 1
80 2 1
81 2 1
82 1 1
83 3 1
84 0 1
85 2 1
86 1 1
87 0 1
88 1 1
89 0 1
90 2 1
91 0 1
92 0 1
93 0 1
94 0 1
95 0 1
96 1 1
97 0 1
98 0 1
99 1 1
100 0 1
101 0 1
102 0 1
103 0 1
104 0 1
105 0 1
106 0 1
107 0 1
108 0 1
109 0 1
110 0 1
111 0 1
112 0 1
113 0 1
114 0 1
115 0 1
116 0 1
117 0 1
118 0 1
119 1 1
120 0 1
121 0 1
122 0 1
123 0 1
124 0 1
125 0 1
126 0 1
127 0 1
128 0 1
129 0 1
130 0 1
131 0 1
132 0 1
133 0 1
134 0 1
135 0 1
136 0 1
137 0 1
138 0 1
139 0 1
140 0 1
141 0 1
142 0 1
143 0 1
144 0 1
145 0 1
146 0 1
147 0 1
148 0 1
149 0 1
150 0 1
151 0 1
152 0 1
153 0 1
154 0 1
155 0 1
156 0 1
157 0 1
158 0 1
159 0 1
160 0 1
161 0 1
162 0 1
163 0 1
164 0 1
165 0 1
166 0 1
167 0 1
168 0 1
169 0 1
170 0 1
171 0 1
172 0 1
173 0 1
174 0 1
175 0 1
176 0 1
177 0 1
178 0 1
179 0 1
180 0 1
181 0 1
182 0 1
183 0 1
184 0 1
185 0 1
186 0 1
187 0 1
188 0 1
189 0 1
190 0 1
191 0 1
192 0 1
193 0 1
194 0 1
195 0 1
196 0 1
197 0 1
198 0 1
199 0 1
