0 0 1
1 0 1
2 9 1
3 288 1
4 3943 1
5 8096 1
6 7992 1
7 6020 1
8 4280 1
9 3173 1
10 2401 1
11 1860 1
12 1471 1
13 1262 1
14 998 1
15 839 1
16 744 1
17 625 1
18 464 1
19 425 1
20 381 1
21 317 1
22 302 1
23 250 1
24 247 1
25 216 1
26 204 1
27 191 1
28 178 1
29 146 1
30 134 1
31 122 1
32 103 1
33 104 1
34 92 1
35 86 1
36 89 1
37 74 1
38 76 1
39 64 1
40 71 1
41 46 1
42 54 1
43 71 1
44 50 1
45 63 1
46 66 1
47 49 1
48 39 1
49 37 1
50 45 1
51 35 1
52 30 1
53 33 1
54 37 1
55 25 1
56 21 1
57 28 1
58 30 1
59 26 1
60 28 1
61 28 1
62 17 1
63 20 1
64 9 1
65 21 1
66 18 1
67 14 1
68 16 1
69 14 1
70 18 1
71 20 1
72 13 1
73 18 1
74 12 1
75 21 1
76 11 1
77 11 1
78 12 1
79 16 1
80 12 1
81 3 1
82 11 1
83 10 1
84 10 1
85 7 1
86 6 1
87 4 1
88 5 1
89 10 1
90 4 1
91 6 1
92 5 1
93 4 1
94 2 1
95 4 1
96 4 1
97 5 1
98 8 1
99 3 1
100 6 1
101 4 1
102 2 1
103 5 1
104 2 1
105 4 1
106 3 1
107 1 1
108 2 1
109 2 1
110 2 1
111 1 1
112 3 1
113 3 1
114 1 1
115 6 1
116 3 1
117 5 1
118 5 1
119 3 1
120 0 1
121 2 1
122 2 1
123 0 1
124 0 1
125 0 1
126 1 1
127 1 1
128 0 1
129 2 1
130 0 1
131 0 1
132 3 1
133 1 1
134 0 1
135 0 1
136 1 1
137 1 1
138 0 1
139 0 1
140 1 1
141 0 1
142 2 1
143 1 1
144 0 1
145 2 1
146 3 1
147 2 1
148 1 1
149 0 1
150 1 1
151 0 1
152 0 1
153 0 1
154 1 1
155 0 1
156 1 1
157 0 1
158 2 1
159 1 1
160 0 1
161 0 1
162 1 1
163 0 1
164 0 1
165 0 1
166 1 1
167 0 1
168 0 1
169 1 1
170 0 1
171 1 1
172 0 1
173 1 1
174 0 1
175 0 1
176 0 1
177 0 1
178 1 1
179 2 1
180 0 1
181 1 1
182 0 1
183 0 1
184 0 1
185 1 1
186 0 1
187 1 1
188 1 1
189 0 1
190 0 1
191 0 1
192 0 1
193 0 1
194 0 1
195 0 1
196 0 1
197 0 1
198 0 1
199 0 1
