0 0 1
1 0 1
2 5 1
3 265 1
4 5867 1
5 16576 1
6 20589 1
7 18711 1
8 15406 1
9 12557 1
10 10061 1
11 8181 1
12 6255 1
13 5221 1
14 3933 1
15 3244 1
16 2814 1
17 2329 1
18 2004 1
19 1802 1
20 1558 1
21 1355 1
22 1236 1
23 1160 1
24 917 1
25 797 1
26 783 1
27 699 1
28 623 1
29 590 1
30 585 1
31 457 1
32 443 1
33 398 1
34 354 1
35 385 1
36 301 1
37 297 1
38 239 1
39 231 1
40 222 1
41 204 1
42 206 1
43 147 1
44 178 1
45 147 1
46 142 1
47 125 1
48 126 1
49 120 1
50 119 1
51 103 1
52 85 1
53 98 1
54 85 1
55 64 1
56 89 1
57 64 1
58 73 1
59 60 1
60 53 1
61 43 1
62 44 1
63 39 1
64 45 1
65 30 1
66 41 1
67 35 1
68 26 1
69 26 1
70 31 1
71 25 1
72 30 1
73 22 1
74 25 1
75 19 1
76 17 1
77 15 1
78 21 1
79 10 1
80 14 1
81 16 1
82 16 1
83 4 1
84 3 1
85 11 1
86 9 1
87 9 1
88 7 1
89 7 1
90 7 1
91 5 1
92 3 1
93 4 1
94 5 1
95 7 1
96 4 1
97 5 1
98 6 1
99 2 1
100 4 1
101 3 1
102 2 1
103 1 1
104 1 1
105 3 1
106 4 1
107 1 1
108 0 1
109 6 1
110 4 1
111 2 1
112 2 1
113 2 1
114 1 1
115 2 1
116 1 1
117 2 1
118 2 1
119 1 1
120 0 1
121 2 1
122 1 1
123 1 1
124 1 1
125 1 1
126 2 1
127 3 1
128 3 1
129 0 1
130 0 1
131 2 1
132 0 1
133 1 1
134 0 1
135 0 1
136 0 1
137 0 1
138 0 1
139 1 1
140 1 1
141 0 1
142 0 1
143 0 1
144 1 1
145 0 1
146 0 1
147 0 1
148 0 1
149 1 1
150 0 1
151 0 1
152 2 1
153 0 1
154 1 1
155 0 1
156 0 1
157 0 1
158 0 1
159 0 1
160 0 1
161 0 1
162 0 1
163 0 1
164 0 1
165 0 1
166 0 1
167 0 1
168 0 1
169 0 1
170 0 1
171 0 1
172 1 1
173 0 1
174 0 1
175 0 1
176 0 1
177 0 1
178 0 1
179 0 1
180 0 1
181 0 1
182 0 1
183 0 1
184 0 1
185 0 1
186 0 1
187 0 1
188 0 1
189 0 1
190 0 1
191 0 1
192 0 1
193 0 1
194 0 1
195 0 1
196 0 1
197 0 1
198 0 1
199 0 1
