2 0 0.04
2.04 0 0.04
2.08 0 0.04
2.12 2 0.04
2.16 1 0.04
2.2 1 0.04
2.24 2 0.04
2.28 2 0.04
2.32 6 0.04
2.36 4 0.04
2.4 2 0.04
2.44 11 0.04
2.48 6 0.04
2.52 10 0.04
2.56 11 0.04
2.6 18 0.04
2.64 21 0.04
2.68 18 0.04
2.72 21 0.04
2.76 31 0.04
2.8 30 0.04
2.84 45 0.04
2.88 65 0.04
2.92 67 0.04
2.96 112 0.04
3 261 0.04
3.04 969 0.04
3.08 2774 0.04
3.12 4914 0.04
3.16 7141 0.04
3.2 8800 0.04
3.24 9799 0.04
3.28 10591 0.04
3.32 10763 0.04
3.36 11004 0.04
3.4 10668 0.04
3.44 10644 0.04
3.48 10390 0.04
3.52 10104 0.04
3.56 9822 0.04
3.6 9593 0.04
3.64 8905 0.04
3.68 8700 0.04
3.72 8078 0.04
3.76 7465 0.04
3.8 6981 0.04
3.84 6522 0.04
3.88 5962 0.04
3.92 5619 0.04
3.96 4988 0.04
4 4786 0.04
4.04 4300 0.04
4.08 4034 0.04
4.12 3551 0.04
4.16 3499 0.04
4.2 3294 0.04
4.24 2898 0.04
4.28 2609 0.04
4.32 2479 0.04
4.36 2291 0.04
4.4 2056 0.04
4.44 1935 0.04
4.48 1683 0.04
4.52 1565 0.04
4.56 1513 0.04
4.6 1335 0.04
4.64 1263 0.04
4.68 1128 0.04
4.72 971 0.04
4.76 970 0.04
4.8 798 0.04
4.84 814 0.04
4.88 738 0.04
4.92 588 0.04
4.96 622 0.04
5 569 0.04
5.04 532 0.04
5.08 455 0.04
5.12 419 0.04
5.16 350 0.04
5.2 354 0.04
5.24 324 0.04
5.28 297 0.04
5.32 256 0.04
5.36 241 0.04
5.4 206 0.04
5.44 192 0.04
5.48 154 0.04
5.52 182 0.04
5.56 159 0.04
5.6 129 0.04
5.64 127 0.04
5.68 121 0.04
5.72 92 0.04
5.76 83 0.04
5.8 87 0.04
5.84 72 0.04
5.88 77 0.04
5.92 61 0.04
5.96 48 0.04
