2 0 0.06
2.06 0 0.06
2.12 1 0.06
2.18 5 0.06
2.24 9 0.06
2.3 17 0.06
2.36 21 0.06
2.42 39 0.06
2.48 53 0.06
2.54 64 0.06
2.6 90 0.06
2.66 84 0.06
2.72 96 0.06
2.78 87 0.06
2.84 121 0.06
2.9 121 0.06
2.96 203 0.06
3.02 606 0.06
3.08 3291 0.06
3.14 9700 0.06
3.2 15917 0.06
3.26 20474 0.06
3.32 22829 0.06
3.38 23747 0.06
3.44 23663 0.06
3.5 22714 0.06
3.56 21388 0.06
3.62 19991 0.06
3.68 18352 0.06
3.74 16645 0.06
3.8 14803 0.06
3.86 13444 0.06
3.92 11954 0.06
3.98 10595 0.06
4.04 9598 0.06
4.1 8574 0.06
4.16 7679 0.06
4.22 6688 0.06
4.28 5967 0.06
4.34 5202 0.06
4.4 4398 0.06
4.46 4125 0.06
4.52 3526 0.06
4.58 3174 0.06
4.64 2807 0.06
4.7 2405 0.06
4.76 2169 0.06
4.82 1904 0.06
4.88 1683 0.06
4.94 1532 0.06
5 1296 0.06
5.06 1143 0.06
5.12 901 0.06
5.18 859 0.06
5.24 718 0.06
5.3 685 0.06
5.36 558 0.06
5.42 478 0.06
5.48 400 0.06
5.54 358 0.06
5.6 333 0.06
5.66 305 0.06
5.72 252 0.06
5.78 233 0.06
5.84 185 0.06
5.9 173 0.06
5.96 163 0.06
6.02 117 0.06
6.08 130 0.06
6.14 113 0.06
6.2 100 0.06
6.26 66 0.06
6.32 51 0.06
6.38 53 0.06
6.44 53 0.06
6.5 40 0.06
6.56 36 0.06
6.62 25 0.06
6.68 16 0.06
6.74 20 0.06
6.8 21 0.06
6.86 7 0.06
6.92 7 0.06
6.98 9 0.06
7.04 2 0.06
7.1 3 0.06
7.16 1 0.06
7.22 2 0.06
7.28 1 0.06
7.34 2 0.06
7.4 0 0.06
7.46 1 0.06
7.52 0 0.06
7.58 0 0.06
7.64 0 0.06
7.7 0 0.06
7.76 0 0.06
7.82 0 0.06
7.88 0 0.06
7.94 0 0.06
