2 0 0.04
2.04 0 0.04
2.08 0 0.04
2.12 0 0.04
2.16 0 0.04
2.2 0 0.04
2.24 0 0.04
2.28 1 0.04
2.32 0 0.04
2.36 0 0.04
2.4 1 0.04
2.44 2 0.04
2.48 1 0.04
2.52 0 0.04
2.56 1 0.04
2.6 3 0.04
2.64 3 0.04
2.68 1 0.04
2.72 1 0.04
2.76 3 0.04
2.8 7 0.04
2.84 24 0.04
2.88 32 0.04
2.92 54 0.04
2.96 86 0.04
3 222 0.04
3.04 507 0.04
3.08 1104 0.04
3.12 2088 0.04
3.16 3293 0.04
3.2 4739 0.04
3.24 6405 0.04
3.28 8025 0.04
3.32 9570 0.04
3.36 10647 0.04
3.4 11581 0.04
3.44 12320 0.04
3.48 12731 0.04
3.52 12320 0.04
3.56 12424 0.04
3.6 11907 0.04
3.64 11303 0.04
3.68 10525 0.04
3.72 9998 0.04
3.76 9252 0.04
3.8 8934 0.04
3.84 8134 0.04
3.88 7551 0.04
3.92 7231 0.04
3.96 6527 0.04
4 6057 0.04
4.04 5641 0.04
4.08 5285 0.04
4.12 4861 0.04
4.16 4378 0.04
4.2 4072 0.04
4.24 3750 0.04
4.28 3490 0.04
4.32 3234 0.04
4.36 3003 0.04
4.4 2680 0.04
4.44 2440 0.04
4.48 2277 0.04
4.52 2156 0.04
4.56 2024 0.04
4.6 1803 0.04
4.64 1593 0.04
4.68 1459 0.04
4.72 1433 0.04
4.76 1316 0.04
4.8 1140 0.04
4.84 1025 0.04
4.88 933 0.04
4.92 877 0.04
4.96 791 0.04
5 752 0.04
5.04 661 0.04
5.08 573 0.04
5.12 585 0.04
5.16 547 0.04
5.2 510 0.04
5.24 433 0.04
5.28 395 0.04
5.32 348 0.04
5.36 320 0.04
5.4 307 0.04
5.44 278 0.04
5.48 251 0.04
5.52 210 0.04
5.56 217 0.04
5.6 168 0.04
5.64 160 0.04
5.68 162 0.04
5.72 156 0.04
5.76 132 0.04
5.8 109 0.04
5.84 106 0.04
5.88 91 0.04
5.92 80 0.04
5.96 80 0.04
