2 0 0.004
2.004 0 0.004
2.008 0 0.004
2.012 0 0.004
2.016 0 0.004
2.02 0 0.004
2.024 0 0.004
2.028 0 0.004
2.032 0 0.004
2.036 0 0.004
2.04 0 0.004
2.044 0 0.004
2.048 0 0.004
2.052 0 0.004
2.056 0 0.004
2.06 0 0.004
2.064 0 0.004
2.068 0 0.004
2.072 0 0.004
2.076 0 0.004
2.08 0 0.004
2.084 0 0.004
2.088 0 0.004
2.092 0 0.004
2.096 0 0.004
2.1 0 0.004
2.104 0 0.004
2.108 0 0.004
2.112 0 0.004
2.116 0 0.004
2.12 0 0.004
2.124 0 0.004
2.128 0 0.004
2.132 0 0.004
2.136 0 0.004
2.14 0 0.004
2.144 0 0.004
2.148 0 0.004
2.152 0 0.004
2.156 0 0.004
2.16 0 0.004
2.164 0 0.004
2.168 0 0.004
2.172 0 0.004
2.176 0 0.004
2.18 0 0.004
2.184 0 0.004
2.188 0 0.004
2.192 0 0.004
2.196 0 0.004
2.2 0 0.004
2.204 0 0.004
2.208 0 0.004
2.212 0 0.004
2.216 0 0.004
2.22 0 0.004
2.224 0 0.004
2.228 0 0.004
2.232 0 0.004
2.236 0 0.004
2.24 0 0.004
2.244 0 0.004
2.248 0 0.004
2.252 0 0.004
2.256 0 0.004
2.26 0 0.004
2.264 0 0.004
2.268 0 0.004
2.272 0 0.004
2.276 0 0.004
2.28 0 0.004
2.284 0 0.004
2.288 0 0.004
2.292 0 0.004
2.296 0 0.004
2.3 0 0.004
2.304 0 0.004
2.308 0 0.004
2.312 0 0.004
2.316 0 0.004
2.32 0 0.004
2.324 0 0.004
2.328 0 0.004
2.332 0 0.004
2.336 0 0.004
2.34 0 0.004
2.344 0 0.004
2.348 0 0.004
2.352 0 0.004
2.356 0 0.004
2.36 0 0.004
2.364 0 0.004
2.368 0 0.004
2.372 0 0.004
2.376 0 0.004
2.38 0 0.004
2.384 0 0.004
2.388 0 0.004
2.392 0 0.004
2.396 0 0.004
2.4 0 0.004
2.404 0 0.004
2.408 0 0.004
2.412 0 0.004
2.416 0 0.004
2.42 0 0.004
2.424 0 0.004
2.428 0 0.004
2.432 0 0.004
2.436 0 0.004
2.44 0 0.004
2.444 0 0.004
2.448 0 0.004
2.452 0 0.004
2.456 0 0.004
2.46 0 0.004
2.464 0 0.004
2.468 0 0.004
2.472 0 0.004
2.476 0 0.004
2.48 0 0.004
2.484 0 0.004
2.488 0 0.004
2.492 0 0.004
2.496 0 0.004
2.5 0 0.004
2.504 0 0.004
2.508 0 0.004
2.512 0 0.004
2.516 0 0.004
2.52 0 0.004
2.524 0 0.004
2.528 0 0.004
2.532 0 0.004
2.536 0 0.004
2.54 0 0.004
2.544 0 0.004
2.548 0 0.004
2.552 0 0.004
2.556 0 0.004
2.56 0 0.004
2.564 0 0.004
2.568 0 0.004
2.572 0 0.004
2.576 0 0.004
2.58 0 0.004
2.584 0 0.004
2.588 0 0.004
2.592 0 0.004
2.596 0 0.004
2.6 0 0.004
2.604 0 0.004
2.608 0 0.004
2.612 0 0.004
2.616 0 0.004
2.62 0 0.004
2.624 0 0.004
2.628 0 0.004
2.632 0 0.004
2.636 0 0.004
2.64 0 0.004
2.644 0 0.004
2.648 0 0.004
2.652 0 0.004
2.656 0 0.004
2.66 0 0.004
2.664 0 0.004
2.668 0 0.004
2.672 0 0.004
2.676 0 0.004
2.68 0 0.004
2.684 0 0.004
2.688 0 0.004
2.692 0 0.004
2.696 0 0.004
2.7 0 0.004
2.704 0 0.004
2.708 0 0.004
2.712 0 0.004
2.716 0 0.004
2.72 0 0.004
2.724 0 0.004
2.728 0 0.004
2.732 0 0.004
2.736 0 0.004
2.74 0 0.004
2.744 0 0.004
2.748 0 0.004
2.752 0 0.004
2.756 0 0.004
2.76 0 0.004
2.764 0 0.004
2.768 0 0.004
2.772 0 0.004
2.776 0 0.004
2.78 0 0.004
2.784 0 0.004
2.788 0 0.004
2.792 0 0.004
2.796 0 0.004
2.8 0 0.004
2.804 1 0.004
2.808 0 0.004
2.812 0 0.004
2.816 0 0.004
2.82 0 0.004
2.824 0 0.004
2.828 0 0.004
2.832 0 0.004
2.836 0 0.004
2.84 0 0.004
2.844 0 0.004
2.848 1 0.004
2.852 0 0.004
2.856 0 0.004
2.86 0 0.004
2.864 0 0.004
2.868 0 0.004
2.872 0 0.004
2.876 0 0.004
2.88 0 0.004
2.884 0 0.004
2.888 0 0.004
2.892 1 0.004
2.896 0 0.004
2.9 0 0.004
2.904 0 0.004
2.908 0 0.004
2.912 0 0.004
2.916 0 0.004
2.92 0 0.004
2.924 0 0.004
2.928 1 0.004
2.932 0 0.004
2.936 0 0.004
2.94 0 0.004
2.944 0 0.004
2.948 0 0.004
2.952 0 0.004
2.956 0 0.004
2.96 0 0.004
2.964 0 0.004
2.968 0 0.004
2.972 0 0.004
2.976 2 0.004
2.98 0 0.004
2.984 0 0.004
2.988 0 0.004
2.992 0 0.004
2.996 1 0.004
3 1 0.004
3.004 0 0.004
3.008 1 0.004
3.012 1 0.004
3.016 0 0.004
3.02 2 0.004
3.024 0 0.004
3.028 0 0.004
3.032 0 0.004
3.036 0 0.004
3.04 0 0.004
3.044 3 0.004
3.048 0 0.004
3.052 0 0.004
3.056 1 0.004
3.06 3 0.004
3.064 2 0.004
3.068 1 0.004
3.072 0 0.004
3.076 1 0.004
3.08 0 0.004
3.084 0 0.004
3.088 5 0.004
3.092 3 0.004
3.096 3 0.004
3.1 0 0.004
3.104 0 0.004
3.108 1 0.004
3.112 4 0.004
3.116 2 0.004
3.12 3 0.004
3.124 2 0.004
3.128 1 0.004
3.132 4 0.004
3.136 1 0.004
3.14 2 0.004
3.144 0 0.004
3.148 2 0.004
3.152 3 0.004
3.156 1 0.004
3.16 3 0.004
3.164 3 0.004
3.168 3 0.004
3.172 2 0.004
3.176 2 0.004
3.18 1 0.004
3.184 1 0.004
3.188 3 0.004
3.192 3 0.004
3.196 2 0.004
3.2 2 0.004
3.204 4 0.004
3.208 1 0.004
3.212 1 0.004
3.216 2 0.004
3.22 4 0.004
3.224 1 0.004
3.228 3 0.004
3.232 2 0.004
3.236 2 0.004
3.24 3 0.004
3.244 0 0.004
3.248 2 0.004
3.252 1 0.004
3.256 1 0.004
3.26 1 0.004
3.264 4 0.004
3.268 5 0.004
3.272 3 0.004
3.276 6 0.004
3.28 6 0.004
3.284 2 0.004
3.288 2 0.004
3.292 6 0.004
3.296 0 0.004
3.3 5 0.004
3.304 4 0.004
3.308 4 0.004
3.312 2 0.004
3.316 2 0.004
3.32 2 0.004
3.324 4 0.004
3.328 2 0.004
3.332 4 0.004
3.336 3 0.004
3.34 0 0.004
3.344 4 0.004
3.348 10 0.004
3.352 5 0.004
3.356 3 0.004
3.36 5 0.004
3.364 5 0.004
3.368 10 0.004
3.372 8 0.004
3.376 3 0.004
3.38 7 0.004
3.384 11 0.004
3.388 11 0.004
3.392 6 0.004
3.396 10 0.004
3.4 8 0.004
3.404 12 0.004
3.408 8 0.004
3.412 11 0.004
3.416 11 0.004
3.42 8 0.004
3.424 15 0.004
3.428 10 0.004
3.432 7 0.004
3.436 8 0.004
3.44 13 0.004
3.444 21 0.004
3.448 24 0.004
3.452 28 0.004
3.456 24 0.004
3.46 13 0.004
3.464 28 0.004
3.468 13 0.004
3.472 30 0.004
3.476 22 0.004
3.48 40 0.004
3.484 37 0.004
3.488 35 0.004
3.492 26 0.004
3.496 35 0.004
3.5 36 0.004
3.504 37 0.004
3.508 40 0.004
3.512 60 0.004
3.516 48 0.004
3.52 45 0.004
3.524 61 0.004
3.528 52 0.004
3.532 70 0.004
3.536 56 0.004
3.54 88 0.004
3.544 101 0.004
3.548 99 0.004
3.552 99 0.004
3.556 106 0.004
3.56 117 0.004
3.564 127 0.004
3.568 131 0.004
3.572 138 0.004
3.576 135 0.004
3.58 151 0.004
3.584 138 0.004
3.588 194 0.004
3.592 185 0.004
3.596 177 0.004
3.6 172 0.004
3.604 245 0.004
3.608 262 0.004
3.612 241 0.004
3.616 249 0.004
3.62 298 0.004
3.624 298 0.004
3.628 305 0.004
3.632 298 0.004
3.636 347 0.004
3.64 375 0.004
3.644 426 0.004
3.648 417 0.004
3.652 395 0.004
3.656 445 0.004
3.66 471 0.004
3.664 537 0.004
3.668 506 0.004
3.672 542 0.004
3.676 599 0.004
3.68 588 0.004
3.684 666 0.004
3.688 648 0.004
3.692 694 0.004
3.696 747 0.004
3.7 804 0.004
3.704 827 0.004
3.708 870 0.004
3.712 843 0.004
3.716 896 0.004
3.72 935 0.004
3.724 922 0.004
3.728 958 0.004
3.732 1009 0.004
3.736 1071 0.004
3.74 1048 0.004
3.744 1039 0.004
3.748 1164 0.004
3.752 1098 0.004
3.756 1208 0.004
3.76 1281 0.004
3.764 1266 0.004
3.768 1284 0.004
3.772 1328 0.004
3.776 1381 0.004
3.78 1317 0.004
3.784 1357 0.004
3.788 1366 0.004
3.792 1407 0.004
3.796 1459 0.004
3.8 1521 0.004
3.804 1441 0.004
3.808 1502 0.004
3.812 1586 0.004
3.816 1562 0.004
3.82 1673 0.004
3.824 1570 0.004
3.828 1523 0.004
3.832 1605 0.004
3.836 1671 0.004
3.84 1647 0.004
3.844 1565 0.004
3.848 1677 0.004
3.852 1653 0.004
3.856 1711 0.004
3.86 1652 0.004
3.864 1690 0.004
3.868 1710 0.004
3.872 1748 0.004
3.876 1741 0.004
3.88 1729 0.004
3.884 1705 0.004
3.888 1696 0.004
3.892 1775 0.004
3.896 1667 0.004
3.9 1799 0.004
3.904 1713 0.004
3.908 1627 0.004
3.912 1712 0.004
3.916 1845 0.004
3.92 1728 0.004
3.924 1737 0.004
3.928 1723 0.004
3.932 1700 0.004
3.936 1712 0.004
3.94 1757 0.004
3.944 1752 0.004
3.948 1790 0.004
3.952 1712 0.004
3.956 1672 0.004
3.96 1749 0.004
3.964 1709 0.004
3.968 1735 0.004
3.972 1673 0.004
3.976 1649 0.004
3.98 1704 0.004
3.984 1680 0.004
3.988 1662 0.004
3.992 1696 0.004
3.996 1636 0.004
4 1627 0.004
4.004 1652 0.004
4.008 1732 0.004
4.012 1690 0.004
4.016 1677 0.004
4.02 1651 0.004
4.024 1620 0.004
4.028 1661 0.004
4.032 1635 0.004
4.036 1545 0.004
4.04 1628 0.004
4.044 1664 0.004
4.048 1545 0.004
4.052 1564 0.004
4.056 1603 0.004
4.06 1548 0.004
4.064 1531 0.004
4.068 1522 0.004
4.072 1589 0.004
4.076 1526 0.004
4.08 1543 0.004
4.084 1517 0.004
4.088 1483 0.004
4.092 1448 0.004
4.096 1473 0.004
4.1 1551 0.004
4.104 1440 0.004
4.108 1509 0.004
4.112 1472 0.004
4.116 1491 0.004
4.12 1495 0.004
4.124 1448 0.004
4.128 1462 0.004
4.132 1409 0.004
4.136 1343 0.004
4.14 1382 0.004
4.144 1388 0.004
4.148 1389 0.004
4.152 1390 0.004
4.156 1378 0.004
4.16 1411 0.004
4.164 1331 0.004
4.168 1343 0.004
4.172 1337 0.004
4.176 1358 0.004
4.18 1310 0.004
4.184 1248 0.004
4.188 1314 0.004
4.192 1302 0.004
4.196 1276 0.004
4.2 1352 0.004
4.204 1255 0.004
4.208 1272 0.004
4.212 1180 0.004
4.216 1246 0.004
4.22 1232 0.004
4.224 1254 0.004
4.228 1245 0.004
4.232 1201 0.004
4.236 1158 0.004
4.24 1220 0.004
4.244 1149 0.004
4.248 1189 0.004
4.252 1228 0.004
4.256 1143 0.004
4.26 1079 0.004
4.264 1152 0.004
4.268 1191 0.004
4.272 1149 0.004
4.276 1135 0.004
4.28 1132 0.004
4.284 1154 0.004
4.288 1125 0.004
4.292 1125 0.004
4.296 1055 0.004
4.3 1065 0.004
4.304 1075 0.004
4.308 1052 0.004
4.312 1032 0.004
4.316 1065 0.004
4.32 1045 0.004
4.324 1049 0.004
4.328 1031 0.004
4.332 1028 0.004
4.336 997 0.004
4.34 986 0.004
4.344 1006 0.004
4.348 1014 0.004
4.352 952 0.004
4.356 950 0.004
4.36 1001 0.004
4.364 984 0.004
4.368 986 0.004
4.372 955 0.004
4.376 995 0.004
4.38 958 0.004
4.384 939 0.004
4.388 908 0.004
4.392 932 0.004
4.396 944 0.004
4.4 871 0.004
4.404 913 0.004
4.408 864 0.004
4.412 856 0.004
4.416 897 0.004
4.42 826 0.004
4.424 874 0.004
4.428 833 0.004
4.432 892 0.004
4.436 898 0.004
4.44 805 0.004
4.444 829 0.004
4.448 840 0.004
4.452 836 0.004
4.456 831 0.004
4.46 822 0.004
4.464 780 0.004
4.468 868 0.004
4.472 831 0.004
4.476 805 0.004
4.48 778 0.004
4.484 801 0.004
4.488 800 0.004
4.492 771 0.004
4.496 838 0.004
4.5 710 0.004
4.504 802 0.004
4.508 735 0.004
4.512 737 0.004
4.516 770 0.004
4.52 713 0.004
4.524 705 0.004
4.528 707 0.004
4.532 734 0.004
4.536 732 0.004
4.54 685 0.004
4.544 736 0.004
4.548 711 0.004
4.552 637 0.004
4.556 697 0.004
4.56 619 0.004
4.564 711 0.004
4.568 649 0.004
4.572 683 0.004
4.576 683 0.004
4.58 717 0.004
4.584 709 0.004
4.588 611 0.004
4.592 669 0.004
4.596 687 0.004
4.6 634 0.004
4.604 644 0.004
4.608 655 0.004
4.612 580 0.004
4.616 656 0.004
4.62 586 0.004
4.624 577 0.004
4.628 597 0.004
4.632 593 0.004
4.636 558 0.004
4.64 634 0.004
4.644 539 0.004
4.648 600 0.004
4.652 586 0.004
4.656 594 0.004
4.66 554 0.004
4.664 582 0.004
4.668 521 0.004
4.672 554 0.004
4.676 555 0.004
4.68 562 0.004
4.684 552 0.004
4.688 548 0.004
4.692 548 0.004
4.696 529 0.004
4.7 489 0.004
4.704 512 0.004
4.708 483 0.004
4.712 500 0.004
4.716 501 0.004
4.72 476 0.004
4.724 508 0.004
4.728 513 0.004
4.732 506 0.004
4.736 504 0.004
4.74 479 0.004
4.744 507 0.004
4.748 481 0.004
4.752 476 0.004
4.756 490 0.004
4.76 445 0.004
4.764 426 0.004
4.768 437 0.004
4.772 463 0.004
4.776 427 0.004
4.78 451 0.004
4.784 456 0.004
4.788 442 0.004
4.792 438 0.004
4.796 438 0.004
4.8 443 0.004
4.804 442 0.004
4.808 419 0.004
4.812 449 0.004
4.816 444 0.004
4.82 453 0.004
4.824 403 0.004
4.828 409 0.004
4.832 440 0.004
4.836 405 0.004
4.84 384 0.004
4.844 432 0.004
4.848 376 0.004
4.852 379 0.004
4.856 379 0.004
4.86 415 0.004
4.864 386 0.004
4.868 353 0.004
4.872 404 0.004
4.876 365 0.004
4.88 364 0.004
4.884 363 0.004
4.888 386 0.004
4.892 369 0.004
4.896 366 0.004
4.9 337 0.004
4.904 368 0.004
4.908 387 0.004
4.912 327 0.004
4.916 353 0.004
4.92 343 0.004
4.924 362 0.004
4.928 299 0.004
4.932 353 0.004
4.936 340 0.004
4.94 336 0.004
4.944 326 0.004
4.948 348 0.004
4.952 333 0.004
4.956 323 0.004
4.96 337 0.004
4.964 346 0.004
4.968 310 0.004
4.972 307 0.004
4.976 326 0.004
4.98 296 0.004
4.984 285 0.004
4.988 307 0.004
4.992 284 0.004
4.996 288 0.004
5 317 0.004
5.004 287 0.004
5.008 324 0.004
5.012 263 0.004
5.016 267 0.004
5.02 300 0.004
5.024 281 0.004
5.028 296 0.004
5.032 269 0.004
5.036 251 0.004
5.04 268 0.004
5.044 263 0.004
5.048 278 0.004
5.052 286 0.004
5.056 232 0.004
5.06 280 0.004
5.064 232 0.004
5.068 266 0.004
5.072 262 0.004
5.076 253 0.004
5.08 236 0.004
5.084 238 0.004
5.088 211 0.004
5.092 259 0.004
5.096 252 0.004
5.1 250 0.004
5.104 237 0.004
5.108 210 0.004
5.112 217 0.004
5.116 222 0.004
5.12 193 0.004
5.124 218 0.004
5.128 248 0.004
5.132 219 0.004
5.136 220 0.004
5.14 217 0.004
5.144 214 0.004
5.148 213 0.004
5.152 172 0.004
5.156 210 0.004
5.16 197 0.004
5.164 201 0.004
5.168 225 0.004
5.172 231 0.004
5.176 213 0.004
5.18 204 0.004
5.184 209 0.004
5.188 195 0.004
5.192 208 0.004
5.196 246 0.004
5.2 198 0.004
5.204 179 0.004
5.208 204 0.004
5.212 213 0.004
5.216 202 0.004
5.22 198 0.004
5.224 182 0.004
5.228 196 0.004
5.232 154 0.004
5.236 180 0.004
5.24 184 0.004
5.244 180 0.004
5.248 160 0.004
5.252 189 0.004
5.256 175 0.004
5.26 177 0.004
5.264 190 0.004
5.268 165 0.004
5.272 177 0.004
5.276 180 0.004
5.28 186 0.004
5.284 175 0.004
5.288 179 0.004
5.292 163 0.004
5.296 145 0.004
5.3 184 0.004
5.304 145 0.004
5.308 148 0.004
5.312 173 0.004
5.316 154 0.004
5.32 162 0.004
5.324 153 0.004
5.328 136 0.004
5.332 145 0.004
5.336 155 0.004
5.34 162 0.004
5.344 141 0.004
5.348 139 0.004
5.352 148 0.004
5.356 142 0.004
5.36 142 0.004
5.364 138 0.004
5.368 129 0.004
5.372 154 0.004
5.376 140 0.004
5.38 148 0.004
5.384 127 0.004
5.388 150 0.004
5.392 150 0.004
5.396 161 0.004
5.4 136 0.004
5.404 131 0.004
5.408 135 0.004
5.412 135 0.004
5.416 131 0.004
5.42 121 0.004
5.424 144 0.004
5.428 137 0.004
5.432 121 0.004
5.436 129 0.004
5.44 109 0.004
5.444 126 0.004
5.448 121 0.004
5.452 117 0.004
5.456 120 0.004
5.46 119 0.004
5.464 94 0.004
5.468 112 0.004
5.472 117 0.004
5.476 145 0.004
5.48 116 0.004
5.484 111 0.004
5.488 116 0.004
5.492 89 0.004
5.496 128 0.004
5.5 115 0.004
5.504 105 0.004
5.508 89 0.004
5.512 102 0.004
5.516 117 0.004
5.52 88 0.004
5.524 93 0.004
5.528 96 0.004
5.532 95 0.004
5.536 99 0.004
5.54 106 0.004
5.544 108 0.004
5.548 97 0.004
5.552 81 0.004
5.556 82 0.004
5.56 81 0.004
5.564 81 0.004
5.568 102 0.004
5.572 97 0.004
5.576 77 0.004
5.58 95 0.004
5.584 84 0.004
5.588 87 0.004
5.592 97 0.004
5.596 82 0.004
5.6 82 0.004
5.604 86 0.004
5.608 82 0.004
5.612 88 0.004
5.616 75 0.004
5.62 99 0.004
5.624 93 0.004
5.628 93 0.004
5.632 70 0.004
5.636 91 0.004
5.64 99 0.004
5.644 77 0.004
5.648 80 0.004
5.652 85 0.004
5.656 66 0.004
5.66 86 0.004
5.664 97 0.004
5.668 73 0.004
5.672 78 0.004
5.676 69 0.004
5.68 94 0.004
5.684 83 0.004
5.688 82 0.004
5.692 71 0.004
5.696 67 0.004
5.7 71 0.004
5.704 66 0.004
5.708 72 0.004
5.712 70 0.004
5.716 63 0.004
5.72 60 0.004
5.724 51 0.004
5.728 62 0.004
5.732 78 0.004
5.736 57 0.004
5.74 64 0.004
5.744 54 0.004
5.748 60 0.004
5.752 58 0.004
5.756 68 0.004
5.76 69 0.004
5.764 52 0.004
5.768 49 0.004
5.772 64 0.004
5.776 70 0.004
5.78 42 0.004
5.784 42 0.004
5.788 53 0.004
5.792 60 0.004
5.796 35 0.004
5.8 34 0.004
5.804 44 0.004
5.808 53 0.004
5.812 56 0.004
5.816 41 0.004
5.82 47 0.004
5.824 51 0.004
5.828 55 0.004
5.832 43 0.004
5.836 43 0.004
5.84 45 0.004
5.844 57 0.004
5.848 34 0.004
5.852 55 0.004
5.856 35 0.004
5.86 45 0.004
5.864 43 0.004
5.868 54 0.004
5.872 42 0.004
5.876 44 0.004
5.88 40 0.004
5.884 32 0.004
5.888 48 0.004
5.892 50 0.004
5.896 27 0.004
5.9 35 0.004
5.904 41 0.004
5.908 41 0.004
5.912 30 0.004
5.916 40 0.004
5.92 36 0.004
5.924 33 0.004
5.928 31 0.004
5.932 39 0.004
5.936 28 0.004
5.94 34 0.004
5.944 30 0.004
5.948 30 0.004
5.952 30 0.004
5.956 37 0.004
5.96 32 0.004
5.964 32 0.004
5.968 32 0.004
5.972 29 0.004
5.976 33 0.004
5.98 28 0.004
5.984 28 0.004
5.988 33 0.004
5.992 15 0.004
5.996 30 0.004
