2 0 0.06
2.06 0 0.06
2.12 0 0.06
2.18 0 0.06
2.24 0 0.06
2.3 0 0.06
2.36 0 0.06
2.42 0 0.06
2.48 0 0.06
2.54 0 0.06
2.6 1 0.06
2.66 0 0.06
2.72 0 0.06
2.78 1 0.06
2.84 6 0.06
2.9 13 0.06
2.96 10 0.06
3.02 17 0.06
3.08 12 0.06
3.14 26 0.06
3.2 31 0.06
3.26 52 0.06
3.32 137 0.06
3.38 462 0.06
3.44 1529 0.06
3.5 4859 0.06
3.56 11808 0.06
3.62 19560 0.06
3.68 24185 0.06
3.74 26271 0.06
3.8 26318 0.06
3.86 25700 0.06
3.92 24601 0.06
3.98 23383 0.06
4.04 21744 0.06
4.1 20124 0.06
4.16 18656 0.06
4.22 16894 0.06
4.28 15183 0.06
4.34 13691 0.06
4.4 12004 0.06
4.46 10799 0.06
4.52 9772 0.06
4.58 8727 0.06
4.64 7743 0.06
4.7 6772 0.06
4.76 6169 0.06
4.82 5261 0.06
4.88 4636 0.06
4.94 4239 0.06
5 3702 0.06
5.06 3408 0.06
5.12 2978 0.06
5.18 2570 0.06
5.24 2328 0.06
5.3 2054 0.06
5.36 1777 0.06
5.42 1574 0.06
5.48 1250 0.06
5.54 1105 0.06
5.6 1013 0.06
5.66 851 0.06
5.72 718 0.06
5.78 590 0.06
5.84 538 0.06
5.9 472 0.06
5.96 370 0.06
6.02 333 0.06
6.08 260 0.06
6.14 203 0.06
6.2 182 0.06
6.26 127 0.06
6.32 91 0.06
6.38 81 0.06
6.44 52 0.06
6.5 41 0.06
6.56 30 0.06
6.62 22 0.06
6.68 17 0.06
6.74 16 0.06
6.8 15 0.06
6.86 5 0.06
6.92 8 0.06
6.98 3 0.06
7.04 2 0.06
7.1 2 0.06
7.16 3 0.06
7.22 2 0.06
7.28 0 0.06
7.34 1 0.06
7.4 0 0.06
7.46 0 0.06
7.52 0 0.06
7.58 0 0.06
7.64 0 0.06
7.7 0 0.06
7.76 0 0.06
7.82 0 0.06
7.88 0 0.06
7.94 0 0.06
