0 1341 0.005
0.005 0 0.005
0.01 2 0.005
0.015 2 0.005
0.02 5 0.005
0.025 47 0.005
0.03 232 0.005
0.035 602 0.005
0.04 1099 0.005
0.045 1613 0.005
0.05 2410 0.005
0.055 3785 0.005
0.06 4888 0.005
0.065 7187 0.005
0.07 9345 0.005
0.075 11642 0.005
0.08 13613 0.005
0.085 15244 0.005
0.09 16653 0.005
0.095 17470 0.005
0.1 16585 0.005
0.105 15660 0.005
0.11 15036 0.005
0.115 13896 0.005
0.12 12489 0.005
0.125 11039 0.005
0.13 9526 0.005
0.135 8355 0.005
0.14 6962 0.005
0.145 5745 0.005
0.15 4811 0.005
0.155 3898 0.005
0.16 3042 0.005
0.165 2463 0.005
0.17 1969 0.005
0.175 1637 0.005
0.18 1349 0.005
0.185 1072 0.005
0.19 860 0.005
0.195 698 0.005
0.2 599 0.005
0.205 511 0.005
0.21 428 0.005
0.215 347 0.005
0.22 342 0.005
0.225 264 0.005
0.23 228 0.005
0.235 218 0.005
0.24 169 0.005
0.245 176 0.005
0.25 124 0.005
0.255 138 0.005
0.26 138 0.005
0.265 100 0.005
0.27 100 0.005
0.275 91 0.005
0.28 77 0.005
0.285 78 0.005
0.29 60 0.005
0.295 53 0.005
0.3 61 0.005
0.305 58 0.005
0.31 53 0.005
0.315 39 0.005
0.32 37 0.005
0.325 50 0.005
0.33 39 0.005
0.335 40 0.005
0.34 35 0.005
0.345 31 0.005
0.35 29 0.005
0.355 28 0.005
0.36 33 0.005
0.365 26 0.005
0.37 35 0.005
0.375 26 0.005
0.38 24 0.005
0.385 30 0.005
0.39 25 0.005
0.395 20 0.005
0.4 19 0.005
0.405 16 0.005
0.41 22 0.005
0.415 21 0.005
0.42 16 0.005
0.425 13 0.005
0.43 12 0.005
0.435 17 0.005
0.44 16 0.005
0.445 9 0.005
0.45 11 0.005
0.455 7 0.005
0.46 13 0.005
0.465 8 0.005
0.47 9 0.005
0.475 9 0.005
0.48 8 0.005
0.485 7 0.005
0.49 9 0.005
0.495 8 0.005
