0 1876 0.005
0.005 2 0.005
0.01 0 0.005
0.015 18 0.005
0.02 178 0.005
0.025 804 0.005
0.03 1896 0.005
0.035 3380 0.005
0.04 5434 0.005
0.045 8025 0.005
0.05 12685 0.005
0.055 16589 0.005
0.06 20907 0.005
0.065 23979 0.005
0.07 27331 0.005
0.075 24675 0.005
0.08 25998 0.005
0.085 24980 0.005
0.09 23518 0.005
0.095 21541 0.005
0.1 19048 0.005
0.105 16672 0.005
0.11 13962 0.005
0.115 11751 0.005
0.12 9541 0.005
0.125 7412 0.005
0.13 5932 0.005
0.135 4581 0.005
0.14 3511 0.005
0.145 2785 0.005
0.15 2282 0.005
0.155 1776 0.005
0.16 1393 0.005
0.165 1154 0.005
0.17 956 0.005
0.175 772 0.005
0.18 674 0.005
0.185 501 0.005
0.19 454 0.005
0.195 369 0.005
0.2 319 0.005
0.205 261 0.005
0.21 238 0.005
0.215 207 0.005
0.22 194 0.005
0.225 149 0.005
0.23 129 0.005
0.235 142 0.005
0.24 114 0.005
0.245 89 0.005
0.25 99 0.005
0.255 103 0.005
0.26 86 0.005
0.265 68 0.005
0.27 66 0.005
0.275 58 0.005
0.28 60 0.005
0.285 47 0.005
0.29 34 0.005
0.295 39 0.005
0.3 49 0.005
0.305 40 0.005
0.31 28 0.005
0.315 27 0.005
0.32 24 0.005
0.325 37 0.005
0.33 19 0.005
0.335 19 0.005
0.34 28 0.005
0.345 15 0.005
0.35 16 0.005
0.355 12 0.005
0.36 19 0.005
0.365 9 0.005
0.37 11 0.005
0.375 14 0.005
0.38 8 0.005
0.385 10 0.005
0.39 8 0.005
0.395 14 0.005
0.4 7 0.005
0.405 12 0.005
0.41 9 0.005
0.415 9 0.005
0.42 11 0.005
0.425 8 0.005
0.43 7 0.005
0.435 5 0.005
0.44 9 0.005
0.445 7 0.005
0.45 5 0.005
0.455 5 0.005
0.46 8 0.005
0.465 1 0.005
0.47 8 0.005
0.475 7 0.005
0.48 1 0.005
0.485 6 0.005
0.49 5 0.005
0.495 4 0.005
