0 1413 0.005
0.005 1 0.005
0.01 0 0.005
0.015 15 0.005
0.02 161 0.005
0.025 568 0.005
0.03 1174 0.005
0.035 1913 0.005
0.04 3312 0.005
0.045 5277 0.005
0.05 7620 0.005
0.055 10185 0.005
0.06 13063 0.005
0.065 15757 0.005
0.07 17602 0.005
0.075 18639 0.005
0.08 19201 0.005
0.085 19187 0.005
0.09 18815 0.005
0.095 17955 0.005
0.1 16111 0.005
0.105 14655 0.005
0.11 12632 0.005
0.115 10733 0.005
0.12 9047 0.005
0.125 7442 0.005
0.13 6089 0.005
0.135 4959 0.005
0.14 3872 0.005
0.145 3033 0.005
0.15 2493 0.005
0.155 1964 0.005
0.16 1565 0.005
0.165 1324 0.005
0.17 1059 0.005
0.175 841 0.005
0.18 704 0.005
0.185 606 0.005
0.19 512 0.005
0.195 426 0.005
0.2 342 0.005
0.205 302 0.005
0.21 274 0.005
0.215 213 0.005
0.22 203 0.005
0.225 196 0.005
0.23 157 0.005
0.235 115 0.005
0.24 126 0.005
0.245 116 0.005
0.25 95 0.005
0.255 90 0.005
0.26 74 0.005
0.265 85 0.005
0.27 63 0.005
0.275 72 0.005
0.28 66 0.005
0.285 52 0.005
0.29 55 0.005
0.295 51 0.005
0.3 43 0.005
0.305 41 0.005
0.31 43 0.005
0.315 34 0.005
0.32 40 0.005
0.325 28 0.005
0.33 25 0.005
0.335 31 0.005
0.34 29 0.005
0.345 31 0.005
0.35 18 0.005
0.355 23 0.005
0.36 16 0.005
0.365 24 0.005
0.37 15 0.005
0.375 14 0.005
0.38 13 0.005
0.385 10 0.005
0.39 28 0.005
0.395 19 0.005
0.4 11 0.005
0.405 17 0.005
0.41 19 0.005
0.415 10 0.005
0.42 15 0.005
0.425 10 0.005
0.43 7 0.005
0.435 12 0.005
0.44 13 0.005
0.445 11 0.005
0.45 12 0.005
0.455 13 0.005
0.46 14 0.005
0.465 3 0.005
0.47 8 0.005
0.475 7 0.005
0.48 8 0.005
0.485 6 0.005
0.49 8 0.005
0.495 9 0.005
