0 1674 0.005
0.005 0 0.005
0.01 0 0.005
0.015 7 0.005
0.02 124 0.005
0.025 719 0.005
0.03 2196 0.005
0.035 4326 0.005
0.04 6871 0.005
0.045 9983 0.005
0.05 15407 0.005
0.055 20569 0.005
0.06 25200 0.005
0.065 29256 0.005
0.07 31637 0.005
0.075 28094 0.005
0.08 28809 0.005
0.085 28007 0.005
0.09 26055 0.005
0.095 23433 0.005
0.1 20680 0.005
0.105 18047 0.005
0.11 15489 0.005
0.115 12750 0.005
0.12 10257 0.005
0.125 8009 0.005
0.13 6364 0.005
0.135 4863 0.005
0.14 3749 0.005
0.145 2917 0.005
0.15 2146 0.005
0.155 1551 0.005
0.16 1302 0.005
0.165 1076 0.005
0.17 830 0.005
0.175 714 0.005
0.18 663 0.005
0.185 519 0.005
0.19 434 0.005
0.195 393 0.005
0.2 368 0.005
0.205 363 0.005
0.21 310 0.005
0.215 265 0.005
0.22 262 0.005
0.225 197 0.005
0.23 208 0.005
0.235 175 0.005
0.24 164 0.005
0.245 154 0.005
0.25 152 0.005
0.255 144 0.005
0.26 107 0.005
0.265 143 0.005
0.27 114 0.005
0.275 100 0.005
0.28 107 0.005
0.285 79 0.005
0.29 91 0.005
0.295 71 0.005
0.3 84 0.005
0.305 88 0.005
0.31 57 0.005
0.315 61 0.005
0.32 60 0.005
0.325 44 0.005
0.33 55 0.005
0.335 47 0.005
0.34 52 0.005
0.345 32 0.005
0.35 38 0.005
0.355 39 0.005
0.36 32 0.005
0.365 35 0.005
0.37 34 0.005
0.375 21 0.005
0.38 33 0.005
0.385 32 0.005
0.39 21 0.005
0.395 26 0.005
0.4 18 0.005
0.405 30 0.005
0.41 19 0.005
0.415 24 0.005
0.42 19 0.005
0.425 14 0.005
0.43 16 0.005
0.435 19 0.005
0.44 22 0.005
0.445 14 0.005
0.45 18 0.005
0.455 13 0.005
0.46 11 0.005
0.465 18 0.005
0.47 7 0.005
0.475 15 0.005
0.48 10 0.005
0.485 11 0.005
0.49 10 0.005
0.495 9 0.005
