0 923 0.005
0.005 2 0.005
0.01 47 0.005
0.015 1096 0.005
0.02 4870 0.005
0.025 10609 0.005
0.03 23174 0.005
0.035 36078 0.005
0.04 37083 0.005
0.045 36813 0.005
0.05 35485 0.005
0.055 31416 0.005
0.06 27610 0.005
0.065 24443 0.005
0.07 20521 0.005
0.075 16945 0.005
0.08 13620 0.005
0.085 10863 0.005
0.09 8452 0.005
0.095 6334 0.005
0.1 4775 0.005
0.105 3588 0.005
0.11 2806 0.005
0.115 2167 0.005
0.12 1663 0.005
0.125 1389 0.005
0.13 1044 0.005
0.135 945 0.005
0.14 732 0.005
0.145 658 0.005
0.15 550 0.005
0.155 478 0.005
0.16 411 0.005
0.165 347 0.005
0.17 295 0.005
0.175 238 0.005
0.18 246 0.005
0.185 209 0.005
0.19 180 0.005
0.195 157 0.005
0.2 169 0.005
0.205 144 0.005
0.21 116 0.005
0.215 92 0.005
0.22 93 0.005
0.225 92 0.005
0.23 96 0.005
0.235 74 0.005
0.24 92 0.005
0.245 59 0.005
0.25 43 0.005
0.255 47 0.005
0.26 49 0.005
0.265 42 0.005
0.27 34 0.005
0.275 31 0.005
0.28 45 0.005
0.285 35 0.005
0.29 28 0.005
0.295 25 0.005
0.3 29 0.005
0.305 22 0.005
0.31 26 0.005
0.315 24 0.005
0.32 24 0.005
0.325 20 0.005
0.33 24 0.005
0.335 20 0.005
0.34 18 0.005
0.345 20 0.005
0.35 13 0.005
0.355 18 0.005
0.36 6 0.005
0.365 17 0.005
0.37 11 0.005
0.375 13 0.005
0.38 13 0.005
0.385 8 0.005
0.39 4 0.005
0.395 5 0.005
0.4 6 0.005
0.405 9 0.005
0.41 10 0.005
0.415 4 0.005
0.42 4 0.005
0.425 5 0.005
0.43 10 0.005
0.435 2 0.005
0.44 5 0.005
0.445 3 0.005
0.45 3 0.005
0.455 4 0.005
0.46 3 0.005
0.465 8 0.005
0.47 3 0.005
0.475 4 0.005
0.48 6 0.005
0.485 6 0.005
0.49 2 0.005
0.495 5 0.005
